id,recording,site,year,month,day,hour,minute,species,songtype,x1,x2,y1,y2,frequency,validated,url,score,site_id
981714538,NSam-2024-06-05_09-01.WAV,2024 SJWA Thistle NW of Bridge Street Pond,2024,6,5,9,1,Agelaius tricolor,Alternative Song 2,46.608,47.0133,656,7406,24000,(not validated),https://rfcx-streams-production.s3.eu-west-1.amazonaws.com/2024/06/05/6jmq1s53lgv2/478c75b0-875c-494c-83f0-f043c989a0d2.flac?AWSAccessKeyId=AKIA45B7YWBX7MUJ7QCX&Expires=1752791895&Signature=aAhwFMUqin0RAEWEdhziWBslYeI%3D,0.327386,63089
981714539,NSam-2024-03-15_20-20.WAV,2024 SJWA Thistle NW of Bridge Street Pond,2024,3,15,20,20,Agelaius tricolor,Alternative Song 2,19.1627,19.568,656,7406,24000,(not validated),https://rfcx-streams-production.s3.eu-west-1.amazonaws.com/2024/03/16/6jmq1s53lgv2/ce2e6834-0d72-4763-b6bf-d0a882ed653a.flac?AWSAccessKeyId=AKIA45B7YWBX7MUJ7QCX&Expires=1752791895&Signature=hYocDr%2FDTafxbv0qbkNq75smn4w%3D,0.270908,63089
981714540,NSam-2024-03-15_20-40.WAV,2024 SJWA Thistle NW of Bridge Street Pond,2024,3,15,20,40,Agelaius tricolor,Alternative Song 2,53.5947,54,656,7406,24000,(not validated),https://rfcx-streams-production.s3.eu-west-1.amazonaws.com/2024/03/16/6jmq1s53lgv2/6b7b2a7a-8852-4c7d-b9a0-37341273d093.flac?AWSAccessKeyId=AKIA45B7YWBX7MUJ7QCX&Expires=1752791895&Signature=OneKUxGmUv%2BS7W%2BBPyB%2B39gX95E%3D,0.280915,63089
981718611,NSam-2024-06-13_18-40.WAV,2024 SJWA Thistle NW of Bridge Street Pond,2024,6,13,18,40,Agelaius tricolor,Alternative Song 2,55.1093,55.5147,656,7406,24000,(not validated),https://rfcx-streams-production.s3.eu-west-1.amazonaws.com/2024/06/14/6jmq1s53lgv2/be4fe954-ccee-432c-8fff-4cd14faf9bf8.flac?AWSAccessKeyId=AKIA45B7YWBX7MUJ7QCX&Expires=1752791895&Signature=FNHoiN2LClz9zgZBIynwAKYqZYE%3D,0.214608,63089
981718612,NSam-2024-06-13_16-40.WAV,2024 SJWA Thistle NW of Bridge Street Pond,2024,6,13,16,40,Agelaius tricolor,Alternative Song 2,4.60267,5.008,656,7406,24000,(not validated),https://rfcx-streams-production.s3.eu-west-1.amazonaws.com/2024/06/13/6jmq1s53lgv2/968d963b-3f19-48b4-91b7-5711177f41aa.flac?AWSAccessKeyId=AKIA45B7YWBX7MUJ7QCX&Expires=1752791895&Signature=PS%2BVejwgzXrb%2FATFWc1rzvLDWtU%3D,0.277432,63089
981718613,NSam-2024-06-14_09-00.WAV,2024 SJWA Thistle NW of Bridge Street Pond,2024,6,14,9,0,Agelaius tricolor,Alternative Song 2,43.6373,44.0427,656,7406,24000,(not validated),https://rfcx-streams-production.s3.eu-west-1.amazonaws.com/2024/06/14/6jmq1s53lgv2/bb26356e-d63f-4c6d-af14-ccfa48006abb.flac?AWSAccessKeyId=AKIA45B7YWBX7MUJ7QCX&Expires=1752791895&Signature=35pYHujush0tqxz5Wj6tdGdO0FU%3D,0.242523,63089
981718614,NSam-2024-06-14_06-40.WAV,2024 SJWA Thistle NW of Bridge Street Pond,2024,6,14,6,40,Agelaius tricolor,Alternative Song 2,30.928,31.3333,656,7406,24000,(not validated),https://rfcx-streams-production.s3.eu-west-1.amazonaws.com/2024/06/14/6jmq1s53lgv2/3fa89904-e404-4bc0-8d13-d0c5664489e1.flac?AWSAccessKeyId=AKIA45B7YWBX7MUJ7QCX&Expires=1752791895&Signature=xfq7A%2BGn8MCGW97xRVPZSAqhxNQ%3D,0.253036,63089
981718615,NSam-2024-06-13_06-40.WAV,2024 SJWA Thistle NW of Bridge Street Pond,2024,6,13,6,40,Agelaius tricolor,Alternative Song 2,27.1627,27.568,656,7406,24000,(not validated),https://rfcx-streams-production.s3.eu-west-1.amazonaws.com/2024/06/13/6jmq1s53lgv2/7bde6b59-8008-4584-bfbe-d91e7e262e2f.flac?AWSAccessKeyId=AKIA45B7YWBX7MUJ7QCX&Expires=1752791895&Signature=G22f3f2m5DzZ4sMrui4h5qM678M%3D,0.219041,63089
981718616,NSam-2024-06-13_06-00.WAV,2024 SJWA Thistle NW of Bridge Street Pond,2024,6,13,6,0,Agelaius tricolor,Alternative Song 2,32.4853,32.8907,656,7406,24000,(not validated),https://rfcx-streams-production.s3.eu-west-1.amazonaws.com/2024/06/13/6jmq1s53lgv2/6f056c84-c006-428e-b961-9c850d39741c.flac?AWSAccessKeyId=AKIA45B7YWBX7MUJ7QCX&Expires=1752791895&Signature=GTxdpr%2Bv81q%2FalMmarPWfdaaQ00%3D,0.213368,63089
981718617,NSam-2024-06-13_05-20.WAV,2024 SJWA Thistle NW of Bridge Street Pond,2024,6,13,5,20,Agelaius tricolor,Alternative Song 2,40.5547,40.96,656,7406,24000,(not validated),https://rfcx-streams-production.s3.eu-west-1.amazonaws.com/2024/06/13/6jmq1s53lgv2/3f79fc41-5ab0-457f-b485-ddc76dd8005e.flac?AWSAccessKeyId=AKIA45B7YWBX7MUJ7QCX&Expires=1752791895&Signature=aqq9nrqdjj6w11a%2FjdqcfXLRrfs%3D,0.239302,63089
981718618,NSam-2024-06-12_18-00.WAV,2024 SJWA Thistle NW of Bridge Street Pond,2024,6,12,18,0,Agelaius tricolor,Alternative Song 2,22.944,23.3493,656,7406,24000,(not validated),https://rfcx-streams-production.s3.eu-west-1.amazonaws.com/2024/06/13/6jmq1s53lgv2/833e0025-5320-40e0-9626-f348b3d109f5.flac?AWSAccessKeyId=AKIA45B7YWBX7MUJ7QCX&Expires=1752791895&Signature=BcJMb%2FL7xPHQP4HaJ60pz4vUjOM%3D,0.207044,63089
981718619,NSam-2024-06-13_00-00.WAV,2024 SJWA Thistle NW of Bridge Street Pond,2024,6,13,0,0,Agelaius tricolor,Alternative Song 2,30.384,30.7893,656,7406,24000,(not validated),https://rfcx-streams-production.s3.eu-west-1.amazonaws.com/2024/06/13/6jmq1s53lgv2/4705dc9b-0e33-4181-a1f8-aa4d62154e83.flac?AWSAccessKeyId=AKIA45B7YWBX7MUJ7QCX&Expires=1752791895&Signature=UBGqXC2f8T4as8p%2FKrJgVSomilY%3D,0.249881,63089
981718620,NSam-2024-06-11_18-20.WAV,2024 SJWA Thistle NW of Bridge Street Pond,2024,6,11,18,20,Agelaius tricolor,Alternative Song 2,25.68,26.0853,656,7406,24000,(not validated),https://rfcx-streams-production.s3.eu-west-1.amazonaws.com/2024/06/12/6jmq1s53lgv2/a4281546-fd48-4752-8cdc-c295a463f785.flac?AWSAccessKeyId=AKIA45B7YWBX7MUJ7QCX&Expires=1752791895&Signature=fj88mofyz5adfkSPcSWqmXeCGPM%3D,0.232618,63089
981718621,NSam-2024-06-12_05-40.WAV,2024 SJWA Thistle NW of Bridge Street Pond,2024,6,12,5,40,Agelaius tricolor,Alternative Song 2,18.8107,19.216,656,7406,24000,(not validated),https://rfcx-streams-production.s3.eu-west-1.amazonaws.com/2024/06/12/6jmq1s53lgv2/7eec2a1d-48d7-4a7a-8f34-24dfef445530.flac?AWSAccessKeyId=AKIA45B7YWBX7MUJ7QCX&Expires=1752791895&Signature=P5%2FmzO3NLAWhkIrxpTb%2Fcj887vI%3D,0.272692,63089
981718650,NSam-2024-06-22_06-00.WAV,2024 SJWA Thistle NW of Bridge Street Pond,2024,6,22,6,0,Agelaius tricolor,Alternative Song 2,33.4187,33.824,656,7406,24000,(not validated),https://rfcx-streams-production.s3.eu-west-1.amazonaws.com/2024/06/22/6jmq1s53lgv2/03dfd8bb-a276-4ca6-9300-d8e09bb2df54.flac?AWSAccessKeyId=AKIA45B7YWBX7MUJ7QCX&Expires=1752791895&Signature=2v9XayykFwaz1GxYQbTSGh7A%2Byc%3D,0.207866,63089
981718651,NSam-2024-06-22_07-58.WAV,2024 SJWA Thistle NW of Bridge Street Pond,2024,6,22,7,58,Agelaius tricolor,Alternative Song 2,56.5547,56.96,656,7406,24000,(not validated),https://rfcx-streams-production.s3.eu-west-1.amazonaws.com/2024/06/22/6jmq1s53lgv2/3ca45e0e-f650-40bf-b6e8-dd8d62f02b8a.flac?AWSAccessKeyId=AKIA45B7YWBX7MUJ7QCX&Expires=1752791895&Signature=UdNeZ2Ki8B5YX6d1wKV7athOTOE%3D,0.339439,63089
981718652,NSam-2024-06-22_02-20.WAV,2024 SJWA Thistle NW of Bridge Street Pond,2024,6,22,2,20,Agelaius tricolor,Alternative Song 2,19.088,19.4933,656,7406,24000,(not validated),https://rfcx-streams-production.s3.eu-west-1.amazonaws.com/2024/06/22/6jmq1s53lgv2/063c8f32-e68d-43b5-91b2-1413a3d30a23.flac?AWSAccessKeyId=AKIA45B7YWBX7MUJ7QCX&Expires=1752791895&Signature=3cTaL5gYOgqyscwFXGTMryE0Il4%3D,0.231984,63089
981718653,NSam-2024-06-22_05-00.WAV,2024 SJWA Thistle NW of Bridge Street Pond,2024,6,22,5,0,Agelaius tricolor,Alternative Song 2,51.056,51.4613,656,7406,24000,(not validated),https://rfcx-streams-production.s3.eu-west-1.amazonaws.com/2024/06/22/6jmq1s53lgv2/dd3cc543-abd7-4ca1-a822-d00fd56888c5.flac?AWSAccessKeyId=AKIA45B7YWBX7MUJ7QCX&Expires=1752791895&Signature=dVrYBQIOs62qQZASITnXB8iBuwU%3D,0.202141,63089
981718654,NSam-2024-06-21_19-20.WAV,2024 SJWA Thistle NW of Bridge Street Pond,2024,6,21,19,20,Agelaius tricolor,Alternative Song 2,25.184,25.5893,656,7406,24000,(not validated),https://rfcx-streams-production.s3.eu-west-1.amazonaws.com/2024/06/22/6jmq1s53lgv2/c05146a5-6247-498c-a3b9-d26838ca4829.flac?AWSAccessKeyId=AKIA45B7YWBX7MUJ7QCX&Expires=1752791895&Signature=xqYgHTDh%2B90xU2wTp36%2Fb9BSSQk%3D,0.224799,63089
981718655,NSam-2024-06-21_18-40.WAV,2024 SJWA Thistle NW of Bridge Street Pond,2024,6,21,18,40,Agelaius tricolor,Alternative Song 2,4.81067,5.216,656,7406,24000,(not validated),https://rfcx-streams-production.s3.eu-west-1.amazonaws.com/2024/06/22/6jmq1s53lgv2/0389c846-453d-44be-85a8-ef917e6ba9a7.flac?AWSAccessKeyId=AKIA45B7YWBX7MUJ7QCX&Expires=1752791895&Signature=3eI70KP%2FO%2F%2FlZ4fIK2W9QmxzEuw%3D,0.201242,63089
981718656,NSam-2024-06-21_08-00.WAV,2024 SJWA Thistle NW of Bridge Street Pond,2024,6,21,8,0,Agelaius tricolor,Alternative Song 2,21.152,21.5573,656,7406,24000,(not validated),https://rfcx-streams-production.s3.eu-west-1.amazonaws.com/2024/06/21/6jmq1s53lgv2/8deeacf9-18c7-4798-8a1d-79bf0850725c.flac?AWSAccessKeyId=AKIA45B7YWBX7MUJ7QCX&Expires=1752791895&Signature=kAs4c89vOPiw1xhvxlPV9dMDW0I%3D,0.227647,63089
981718657,NSam-2024-06-21_02-40.WAV,2024 SJWA Thistle NW of Bridge Street Pond,2024,6,21,2,40,Agelaius tricolor,Alternative Song 2,17.04,17.4453,656,7406,24000,(not validated),https://rfcx-streams-production.s3.eu-west-1.amazonaws.com/2024/06/21/6jmq1s53lgv2/9cd6f0c2-d45d-4f49-8f21-41fcf4267760.flac?AWSAccessKeyId=AKIA45B7YWBX7MUJ7QCX&Expires=1752791895&Signature=nG1tHhLXqJHu3p4hR3CNmdxLVyI%3D,0.239392,63089
981718658,NSam-2024-06-22_06-20.WAV,2024 SJWA Thistle NW of Bridge Street Pond,2024,6,22,6,20,Agelaius tricolor,Alternative Song 2,21.072,21.4773,656,7406,24000,(not validated),https://rfcx-streams-production.s3.eu-west-1.amazonaws.com/2024/06/22/6jmq1s53lgv2/87f115a2-3466-47d8-b614-7578a5e4587d.flac?AWSAccessKeyId=AKIA45B7YWBX7MUJ7QCX&Expires=1752791895&Signature=SCUp3rUeYj6bfP%2Bt2t8sf7xsLBY%3D,0.333395,63089
981718659,NSam-2024-06-22_05-20.WAV,2024 SJWA Thistle NW of Bridge Street Pond,2024,6,22,5,20,Agelaius tricolor,Alternative Song 2,29.3973,29.8027,656,7406,24000,(not validated),https://rfcx-streams-production.s3.eu-west-1.amazonaws.com/2024/06/22/6jmq1s53lgv2/ac9e9a45-5c3e-4845-8ce7-d4d71d2c1771.flac?AWSAccessKeyId=AKIA45B7YWBX7MUJ7QCX&Expires=1752791895&Signature=GajlOBrWC%2FoJ8zufy5AZKf61PXM%3D,0.250503,63089
981718660,NSam-2024-06-21_07-20.WAV,2024 SJWA Thistle NW of Bridge Street Pond,2024,6,21,7,20,Agelaius tricolor,Alternative Song 2,58.9653,59.3707,656,7406,24000,(not validated),https://rfcx-streams-production.s3.eu-west-1.amazonaws.com/2024/06/21/6jmq1s53lgv2/3887049e-8608-44e7-9777-ad895efbdeff.flac?AWSAccessKeyId=AKIA45B7YWBX7MUJ7QCX&Expires=1752791895&Signature=tszUM829JQ%2BAILI8AjfCazDAx4k%3D,0.252041,63089
981718661,NSam-2024-06-21_11-40.WAV,2024 SJWA Thistle NW of Bridge Street Pond,2024,6,21,11,40,Agelaius tricolor,Alternative Song 2,23.6587,24.064,656,7406,24000,(not validated),https://rfcx-streams-production.s3.eu-west-1.amazonaws.com/2024/06/21/6jmq1s53lgv2/5ce47bee-04c5-4f26-b1e1-745951341de9.flac?AWSAccessKeyId=AKIA45B7YWBX7MUJ7QCX&Expires=1752791895&Signature=9A45tMyC1hlgXD9feAmAwrJ932I%3D,0.206123,63089
981718662,NSam-2024-06-22_07-00.WAV,2024 SJWA Thistle NW of Bridge Street Pond,2024,6,22,7,0,Agelaius tricolor,Alternative Song 2,23.8293,24.2347,656,7406,24000,(not validated),https://rfcx-streams-production.s3.eu-west-1.amazonaws.com/2024/06/22/6jmq1s53lgv2/79c5b7a6-af1f-4a53-a3f2-f9fb6e6dd648.flac?AWSAccessKeyId=AKIA45B7YWBX7MUJ7QCX&Expires=1752791895&Signature=ulgg8vbmOubSwnfvl2w3Zkx6JDM%3D,0.210111,63089
981718663,NSam-2024-06-21_08-40.WAV,2024 SJWA Thistle NW of Bridge Street Pond,2024,6,21,8,40,Agelaius tricolor,Alternative Song 2,51.024,51.4293,656,7406,24000,(not validated),https://rfcx-streams-production.s3.eu-west-1.amazonaws.com/2024/06/21/6jmq1s53lgv2/85779c0c-2253-4d59-b5f7-985e4b81affd.flac?AWSAccessKeyId=AKIA45B7YWBX7MUJ7QCX&Expires=1752791895&Signature=RnNf1aUElxKRDJnyxItbq8Z%2B4D4%3D,0.20479,63089
981718664,NSam-2024-06-21_10-00.WAV,2024 SJWA Thistle NW of Bridge Street Pond,2024,6,21,10,0,Agelaius tricolor,Alternative Song 2,33.9733,34.3787,656,7406,24000,(not validated),https://rfcx-streams-production.s3.eu-west-1.amazonaws.com/2024/06/21/6jmq1s53lgv2/0f28f729-7222-4339-8269-6aaf062d4430.flac?AWSAccessKeyId=AKIA45B7YWBX7MUJ7QCX&Expires=1752791895&Signature=iY6N3M7a8M5tg02WoHbZ81CQBEs%3D,0.210161,63089
981718665,NSam-2024-06-21_01-00.WAV,2024 SJWA Thistle NW of Bridge Street Pond,2024,6,21,1,0,Agelaius tricolor,Alternative Song 2,8.63467,9.04,656,7406,24000,(not validated),https://rfcx-streams-production.s3.eu-west-1.amazonaws.com/2024/06/21/6jmq1s53lgv2/5cb85f1a-4b07-4060-baf1-6085f26d783d.flac?AWSAccessKeyId=AKIA45B7YWBX7MUJ7QCX&Expires=1752791895&Signature=oguPmJZ5mQO1DdVMqB%2F1dZ%2BKNyo%3D,0.224082,63089
981718666,NSam-2024-06-21_06-00.WAV,2024 SJWA Thistle NW of Bridge Street Pond,2024,6,21,6,0,Agelaius tricolor,Alternative Song 2,0.656,1.06133,656,7406,24000,(not validated),https://rfcx-streams-production.s3.eu-west-1.amazonaws.com/2024/06/21/6jmq1s53lgv2/1122b193-b423-4a47-93e7-f4b911425f3f.flac?AWSAccessKeyId=AKIA45B7YWBX7MUJ7QCX&Expires=1752791895&Signature=tiWBAxsukJuek%2BRZSaTSs5QH5S0%3D,0.223334,63089
981718667,NSam-2024-06-20_17-00.WAV,2024 SJWA Thistle NW of Bridge Street Pond,2024,6,20,17,0,Agelaius tricolor,Alternative Song 2,40.208,40.6133,656,7406,24000,(not validated),https://rfcx-streams-production.s3.eu-west-1.amazonaws.com/2024/06/21/6jmq1s53lgv2/f341eb14-8108-45cc-92d0-80944c4c1187.flac?AWSAccessKeyId=AKIA45B7YWBX7MUJ7QCX&Expires=1752791895&Signature=80ROU1j%2FJbdXEAEFkMxaEayE3Go%3D,0.210106,63089
981718668,NSam-2024-06-20_20-00.WAV,2024 SJWA Thistle NW of Bridge Street Pond,2024,6,20,20,0,Agelaius tricolor,Alternative Song 2,15.5253,15.9307,656,7406,24000,(not validated),https://rfcx-streams-production.s3.eu-west-1.amazonaws.com/2024/06/21/6jmq1s53lgv2/945f4fb9-fee3-4431-a8a6-c4805141b86a.flac?AWSAccessKeyId=AKIA45B7YWBX7MUJ7QCX&Expires=1752791895&Signature=cy%2BG4M4aJMlEqptf%2BMn8O1ws%2Bcg%3D,0.207555,63089
981718669,NSam-2024-06-20_18-00.WAV,2024 SJWA Thistle NW of Bridge Street Pond,2024,6,20,18,0,Agelaius tricolor,Alternative Song 2,45.4773,45.8827,656,7406,24000,(not validated),https://rfcx-streams-production.s3.eu-west-1.amazonaws.com/2024/06/21/6jmq1s53lgv2/78b09578-201f-4917-b137-b66b90a204b6.flac?AWSAccessKeyId=AKIA45B7YWBX7MUJ7QCX&Expires=1752791895&Signature=%2BfeVo81DPOfrrwLFmYvvUtGlHY4%3D,0.214936,63089
981718670,NSam-2024-06-20_17-20.WAV,2024 SJWA Thistle NW of Bridge Street Pond,2024,6,20,17,20,Agelaius tricolor,Alternative Song 2,10.5173,10.9227,656,7406,24000,(not validated),https://rfcx-streams-production.s3.eu-west-1.amazonaws.com/2024/06/21/6jmq1s53lgv2/4cff70b6-84c0-41d4-8761-5cbdbefde379.flac?AWSAccessKeyId=AKIA45B7YWBX7MUJ7QCX&Expires=1752791895&Signature=8GCALP5mV6D012LtNwWa2KMs5rM%3D,0.234436,63089
981718671,NSam-2024-06-20_16-40.WAV,2024 SJWA Thistle NW of Bridge Street Pond,2024,6,20,16,40,Agelaius tricolor,Alternative Song 2,46.9067,47.312,656,7406,24000,(not validated),https://rfcx-streams-production.s3.eu-west-1.amazonaws.com/2024/06/20/6jmq1s53lgv2/e5230e84-b529-4b22-a91a-ac872a922238.flac?AWSAccessKeyId=AKIA45B7YWBX7MUJ7QCX&Expires=1752791895&Signature=zcTpvfZJXCXz8TALyn2z3mQpwrI%3D,0.265168,63089
981718675,NSam-2024-06-11_18-40.WAV,2024 SJWA Thistle NW of Bridge Street Pond,2024,6,11,18,40,Agelaius tricolor,Alternative Song 2,7.21067,7.616,656,7406,24000,(not validated),https://rfcx-streams-production.s3.eu-west-1.amazonaws.com/2024/06/12/6jmq1s53lgv2/110d2417-b323-49ec-8f92-f53217323bc4.flac?AWSAccessKeyId=AKIA45B7YWBX7MUJ7QCX&Expires=1752791895&Signature=0r5DxV3my8BqwBSYCLj0%2BODdmZw%3D,0.208828,63089
981718676,NSam-2024-06-10_12-00.WAV,2024 SJWA Thistle NW of Bridge Street Pond,2024,6,10,12,0,Agelaius tricolor,Alternative Song 2,5.07733,5.48267,656,7406,24000,(not validated),https://rfcx-streams-production.s3.eu-west-1.amazonaws.com/2024/06/10/6jmq1s53lgv2/c6c0d2f3-d83d-4b34-92a0-61669a3062af.flac?AWSAccessKeyId=AKIA45B7YWBX7MUJ7QCX&Expires=1752791895&Signature=Uv1rVSRMJb9ebbe6wtF%2FGlb%2FXqA%3D,0.224233,63089
981718677,NSam-2024-06-11_09-20.WAV,2024 SJWA Thistle NW of Bridge Street Pond,2024,6,11,9,20,Agelaius tricolor,Alternative Song 2,15.52,15.9253,656,7406,24000,(not validated),https://rfcx-streams-production.s3.eu-west-1.amazonaws.com/2024/06/11/6jmq1s53lgv2/aae5d73c-86d9-4754-8352-1eb493af6109.flac?AWSAccessKeyId=AKIA45B7YWBX7MUJ7QCX&Expires=1752791895&Signature=Nq7arwj9GH4socbvMKPvUqykhNs%3D,0.229728,63089
981718678,NSam-2024-06-10_08-40.WAV,2024 SJWA Thistle NW of Bridge Street Pond,2024,6,10,8,40,Agelaius tricolor,Alternative Song 2,53.3973,53.8027,656,7406,24000,(not validated),https://rfcx-streams-production.s3.eu-west-1.amazonaws.com/2024/06/10/6jmq1s53lgv2/0b8c8a0c-5372-40ec-ba58-8e6c1a2c427d.flac?AWSAccessKeyId=AKIA45B7YWBX7MUJ7QCX&Expires=1752791895&Signature=NiAa78RdfNNGQoYG2mhlDx1m6fw%3D,0.274738,63089
981718679,NSam-2024-06-10_16-20.WAV,2024 SJWA Thistle NW of Bridge Street Pond,2024,6,10,16,20,Agelaius tricolor,Alternative Song 2,41.1947,41.6,656,7406,24000,(not validated),https://rfcx-streams-production.s3.eu-west-1.amazonaws.com/2024/06/10/6jmq1s53lgv2/6b0fddb4-6c28-445b-a45f-46ae8be48008.flac?AWSAccessKeyId=AKIA45B7YWBX7MUJ7QCX&Expires=1752791895&Signature=A1XeuHyZpyIqPx9KleNhGWpH%2Bos%3D,0.257741,63089
981718680,NSam-2024-06-10_08-20.WAV,2024 SJWA Thistle NW of Bridge Street Pond,2024,6,10,8,20,Agelaius tricolor,Alternative Song 2,12.336,12.7413,656,7406,24000,(not validated),https://rfcx-streams-production.s3.eu-west-1.amazonaws.com/2024/06/10/6jmq1s53lgv2/1f380326-5b27-4592-a9be-a77f2ef5f47b.flac?AWSAccessKeyId=AKIA45B7YWBX7MUJ7QCX&Expires=1752791895&Signature=FrmnOKHqPei6w1K8yOZvq21%2BQS8%3D,0.223686,63089
981718681,NSam-2024-06-10_05-40.WAV,2024 SJWA Thistle NW of Bridge Street Pond,2024,6,10,5,40,Agelaius tricolor,Alternative Song 2,38.08,38.4853,656,7406,24000,(not validated),https://rfcx-streams-production.s3.eu-west-1.amazonaws.com/2024/06/10/6jmq1s53lgv2/106cb5b9-ff37-4ba1-870a-094a17075483.flac?AWSAccessKeyId=AKIA45B7YWBX7MUJ7QCX&Expires=1752791895&Signature=A%2F2MR6r9bzEO22%2BV%2BeFINjh%2BP6U%3D,0.216423,63089
981718682,NSam-2024-06-10_09-20.WAV,2024 SJWA Thistle NW of Bridge Street Pond,2024,6,10,9,20,Agelaius tricolor,Alternative Song 2,40.0587,40.464,656,7406,24000,(not validated),https://rfcx-streams-production.s3.eu-west-1.amazonaws.com/2024/06/10/6jmq1s53lgv2/1122bdab-0f5c-47ed-9aa0-7f3d763ae006.flac?AWSAccessKeyId=AKIA45B7YWBX7MUJ7QCX&Expires=1752791895&Signature=gVwA1s9MNqIoj8kYAbD%2FdHodwk0%3D,0.223053,63089
981718683,NSam-2024-06-10_13-00.WAV,2024 SJWA Thistle NW of Bridge Street Pond,2024,6,10,13,0,Agelaius tricolor,Alternative Song 2,11.136,11.5413,656,7406,24000,(not validated),https://rfcx-streams-production.s3.eu-west-1.amazonaws.com/2024/06/10/6jmq1s53lgv2/e35b483a-4d78-4191-abce-92e511ee6980.flac?AWSAccessKeyId=AKIA45B7YWBX7MUJ7QCX&Expires=1752791895&Signature=N949s8Vp%2BSJQnnXiQNohqL7rNw0%3D,0.200979,63089
981718684,NSam-2024-06-10_06-40.WAV,2024 SJWA Thistle NW of Bridge Street Pond,2024,6,10,6,40,Agelaius tricolor,Alternative Song 2,38.4053,38.8107,656,7406,24000,(not validated),https://rfcx-streams-production.s3.eu-west-1.amazonaws.com/2024/06/10/6jmq1s53lgv2/ae24670b-0d39-4073-ab1e-52d4e5f9cd87.flac?AWSAccessKeyId=AKIA45B7YWBX7MUJ7QCX&Expires=1752791895&Signature=VifeBZN1SZvKZdqgUlR9nVmvOg4%3D,0.209638,63089
981718685,NSam-2024-06-10_10-00.WAV,2024 SJWA Thistle NW of Bridge Street Pond,2024,6,10,10,0,Agelaius tricolor,Alternative Song 2,18.9493,19.3547,656,7406,24000,(not validated),https://rfcx-streams-production.s3.eu-west-1.amazonaws.com/2024/06/10/6jmq1s53lgv2/4bc0fc3d-6cc4-4a6f-b9a3-a7ab50426ed8.flac?AWSAccessKeyId=AKIA45B7YWBX7MUJ7QCX&Expires=1752791895&Signature=glc5tAZxUgM8WAQnRbUk5adisas%3D,0.274242,63089
981718686,NSam-2024-06-10_09-00.WAV,2024 SJWA Thistle NW of Bridge Street Pond,2024,6,10,9,0,Agelaius tricolor,Alternative Song 2,53.2,53.6053,656,7406,24000,(not validated),https://rfcx-streams-production.s3.eu-west-1.amazonaws.com/2024/06/10/6jmq1s53lgv2/ea1c8cbd-ea59-4765-b284-265aad913ab3.flac?AWSAccessKeyId=AKIA45B7YWBX7MUJ7QCX&Expires=1752791895&Signature=uaOWKRMfyW88SQwp7soWpN5%2FqSE%3D,0.243889,63089
981718687,NSam-2024-06-10_08-00.WAV,2024 SJWA Thistle NW of Bridge Street Pond,2024,6,10,8,0,Agelaius tricolor,Alternative Song 2,41.136,41.5413,656,7406,24000,(not validated),https://rfcx-streams-production.s3.eu-west-1.amazonaws.com/2024/06/10/6jmq1s53lgv2/4c0d5084-ab67-427c-a387-337ca68db2f4.flac?AWSAccessKeyId=AKIA45B7YWBX7MUJ7QCX&Expires=1752791895&Signature=mqm3wb%2BKKl69jPbPYQqHqkU7FNg%3D,0.221664,63089
981718688,NSam-2024-06-10_15-20.WAV,2024 SJWA Thistle NW of Bridge Street Pond,2024,6,10,15,20,Agelaius tricolor,Alternative Song 2,9.70667,10.112,656,7406,24000,(not validated),https://rfcx-streams-production.s3.eu-west-1.amazonaws.com/2024/06/10/6jmq1s53lgv2/0f96f963-7873-4d4d-b557-2d37c914c105.flac?AWSAccessKeyId=AKIA45B7YWBX7MUJ7QCX&Expires=1752791895&Signature=X5WFd%2FTy3mQGb3RJ06V2tDronKc%3D,0.217579,63089
981718821,NSam-2024-06-17_06-00.WAV,2024 SJWA Thistle NW of Bridge Street Pond,2024,6,17,6,0,Agelaius tricolor,Alternative Song 2,37.92,38.3253,656,7406,24000,(not validated),https://rfcx-streams-production.s3.eu-west-1.amazonaws.com/2024/06/17/6jmq1s53lgv2/74316ecd-53bd-40d1-bd6d-a2a4a6b67deb.flac?AWSAccessKeyId=AKIA45B7YWBX7MUJ7QCX&Expires=1752791895&Signature=GdiL3u8Q%2B%2Fgg7tOo3wbERH%2Fm%2FAQ%3D,0.251641,63089
981718822,NSam-2024-06-17_05-40.WAV,2024 SJWA Thistle NW of Bridge Street Pond,2024,6,17,5,40,Agelaius tricolor,Alternative Song 2,36.128,36.5333,656,7406,24000,(not validated),https://rfcx-streams-production.s3.eu-west-1.amazonaws.com/2024/06/17/6jmq1s53lgv2/8d671d7a-8a7f-43a7-b445-852aee69f63f.flac?AWSAccessKeyId=AKIA45B7YWBX7MUJ7QCX&Expires=1752791895&Signature=ZF4CyvdcLYGlpkW4X5TXB6GBA7M%3D,0.24138,63089
981718823,NSam-2024-06-17_05-20.WAV,2024 SJWA Thistle NW of Bridge Street Pond,2024,6,17,5,20,Agelaius tricolor,Alternative Song 2,1.25333,1.65867,656,7406,24000,(not validated),https://rfcx-streams-production.s3.eu-west-1.amazonaws.com/2024/06/17/6jmq1s53lgv2/82a63185-0a23-47aa-b4df-6b60aadc1796.flac?AWSAccessKeyId=AKIA45B7YWBX7MUJ7QCX&Expires=1752791895&Signature=OSfADHhZH0l%2FOqq2uPuf3xH46WY%3D,0.291713,63089
981718824,NSam-2024-06-16_19-40.WAV,2024 SJWA Thistle NW of Bridge Street Pond,2024,6,16,19,40,Agelaius tricolor,Alternative Song 2,2.71467,3.12,656,7406,24000,(not validated),https://rfcx-streams-production.s3.eu-west-1.amazonaws.com/2024/06/17/6jmq1s53lgv2/e57c2fea-f0ea-4c23-ba1c-f6a38674ac9e.flac?AWSAccessKeyId=AKIA45B7YWBX7MUJ7QCX&Expires=1752791895&Signature=ja0ZrVcbp6LVv7rNaBZb6DcpSXI%3D,0.203068,63089
981718825,NSam-2024-06-16_19-20.WAV,2024 SJWA Thistle NW of Bridge Street Pond,2024,6,16,19,20,Agelaius tricolor,Alternative Song 2,35.488,35.8933,656,7406,24000,(not validated),https://rfcx-streams-production.s3.eu-west-1.amazonaws.com/2024/06/17/6jmq1s53lgv2/d40d770f-321b-4258-b8e6-bcdd4f9e5864.flac?AWSAccessKeyId=AKIA45B7YWBX7MUJ7QCX&Expires=1752791895&Signature=%2BocRh2DVAqe8faF5fx%2ByvvEasnQ%3D,0.246272,63089
981718826,NSam-2024-06-16_17-40.WAV,2024 SJWA Thistle NW of Bridge Street Pond,2024,6,16,17,40,Agelaius tricolor,Alternative Song 2,22.1173,22.5227,656,7406,24000,(not validated),https://rfcx-streams-production.s3.eu-west-1.amazonaws.com/2024/06/17/6jmq1s53lgv2/73fe95b8-c98e-4470-81b5-c5aae055e935.flac?AWSAccessKeyId=AKIA45B7YWBX7MUJ7QCX&Expires=1752791895&Signature=eU2Jj2F6IchsqfIUZDA0XQmFI5M%3D,0.203525,63089
981718827,NSam-2024-06-16_18-00.WAV,2024 SJWA Thistle NW of Bridge Street Pond,2024,6,16,18,0,Agelaius tricolor,Alternative Song 2,0.821333,1.22667,656,7406,24000,(not validated),https://rfcx-streams-production.s3.eu-west-1.amazonaws.com/2024/06/17/6jmq1s53lgv2/516829f1-6022-4df3-8374-8f609e921381.flac?AWSAccessKeyId=AKIA45B7YWBX7MUJ7QCX&Expires=1752791895&Signature=eWytUPY2IhA1PkoBPYF7eXqzRrQ%3D,0.202939,63089
981718828,NSam-2024-06-16_17-20.WAV,2024 SJWA Thistle NW of Bridge Street Pond,2024,6,16,17,20,Agelaius tricolor,Alternative Song 2,52.736,53.1413,656,7406,24000,(not validated),https://rfcx-streams-production.s3.eu-west-1.amazonaws.com/2024/06/17/6jmq1s53lgv2/236e9b17-ee4a-4b76-93cc-284242a29bf3.flac?AWSAccessKeyId=AKIA45B7YWBX7MUJ7QCX&Expires=1752791895&Signature=VKPHyQQ%2Fq%2BJ7usNMn5kjZ0H1jDo%3D,0.221709,63089
981718829,NSam-2024-06-16_17-00.WAV,2024 SJWA Thistle NW of Bridge Street Pond,2024,6,16,17,0,Agelaius tricolor,Alternative Song 2,29.44,29.8453,656,7406,24000,(not validated),https://rfcx-streams-production.s3.eu-west-1.amazonaws.com/2024/06/17/6jmq1s53lgv2/4f00f370-0543-4baa-adcb-5cde67282125.flac?AWSAccessKeyId=AKIA45B7YWBX7MUJ7QCX&Expires=1752791895&Signature=RsOYtHffe7nMlHDEM9ANnXOk%2FCk%3D,0.315935,63089
981718830,NSam-2024-06-16_16-40.WAV,2024 SJWA Thistle NW of Bridge Street Pond,2024,6,16,16,40,Agelaius tricolor,Alternative Song 2,53.7013,54.1067,656,7406,24000,(not validated),https://rfcx-streams-production.s3.eu-west-1.amazonaws.com/2024/06/16/6jmq1s53lgv2/0c7ef6d4-f034-4bb6-97f0-5cd6fce9504b.flac?AWSAccessKeyId=AKIA45B7YWBX7MUJ7QCX&Expires=1752791895&Signature=ZeE86H719Z%2FxadCTjF4EEtd%2BVUk%3D,0.223984,63089
981718831,NSam-2024-06-16_16-00.WAV,2024 SJWA Thistle NW of Bridge Street Pond,2024,6,16,16,0,Agelaius tricolor,Alternative Song 2,57.9253,58.3307,656,7406,24000,(not validated),https://rfcx-streams-production.s3.eu-west-1.amazonaws.com/2024/06/16/6jmq1s53lgv2/b03e7cc3-5238-4480-a3fc-c4502766cb6a.flac?AWSAccessKeyId=AKIA45B7YWBX7MUJ7QCX&Expires=1752791895&Signature=XSM7QtXufwwwea2IFtXTtBpNjEc%3D,0.210578,63089
981718832,NSam-2024-06-16_14-40.WAV,2024 SJWA Thistle NW of Bridge Street Pond,2024,6,16,14,40,Agelaius tricolor,Alternative Song 2,29.7333,30.1387,656,7406,24000,(not validated),https://rfcx-streams-production.s3.eu-west-1.amazonaws.com/2024/06/16/6jmq1s53lgv2/3d0e5b65-e52b-439d-bd3d-21df01f620f6.flac?AWSAccessKeyId=AKIA45B7YWBX7MUJ7QCX&Expires=1752791895&Signature=babD2npdNHMz1eEb4tMfpgwIk5U%3D,0.224583,63089
981718833,NSam-2024-06-16_15-00.WAV,2024 SJWA Thistle NW of Bridge Street Pond,2024,6,16,15,0,Agelaius tricolor,Alternative Song 2,0.309333,0.714667,656,7406,24000,(not validated),https://rfcx-streams-production.s3.eu-west-1.amazonaws.com/2024/06/16/6jmq1s53lgv2/b6b3f19f-ed59-4120-aadc-d959b03cf843.flac?AWSAccessKeyId=AKIA45B7YWBX7MUJ7QCX&Expires=1752791895&Signature=yNRFHUEV3EVWmDPehufOcgb2uVs%3D,0.203444,63089
981718834,NSam-2024-06-16_14-20.WAV,2024 SJWA Thistle NW of Bridge Street Pond,2024,6,16,14,20,Agelaius tricolor,Alternative Song 2,0.0426667,0.448,656,7406,24000,(not validated),https://rfcx-streams-production.s3.eu-west-1.amazonaws.com/2024/06/16/6jmq1s53lgv2/4d95faa3-74b1-4f0f-b6fa-ef0860089689.flac?AWSAccessKeyId=AKIA45B7YWBX7MUJ7QCX&Expires=1752791895&Signature=ayjXe%2BN2y71lNMMiyomPZ2fKRAY%3D,0.228115,63089
981718835,NSam-2024-06-16_14-00.WAV,2024 SJWA Thistle NW of Bridge Street Pond,2024,6,16,14,0,Agelaius tricolor,Alternative Song 2,48.128,48.5333,656,7406,24000,(not validated),https://rfcx-streams-production.s3.eu-west-1.amazonaws.com/2024/06/16/6jmq1s53lgv2/e2b16efa-8853-468e-94ce-7769e05c4796.flac?AWSAccessKeyId=AKIA45B7YWBX7MUJ7QCX&Expires=1752791895&Signature=BGLk8ziNOg%2FnHj%2BG2g4W%2FF0Qgv4%3D,0.222943,63089
981718836,NSam-2024-06-16_13-40.WAV,2024 SJWA Thistle NW of Bridge Street Pond,2024,6,16,13,40,Agelaius tricolor,Alternative Song 2,25.5573,25.9627,656,7406,24000,(not validated),https://rfcx-streams-production.s3.eu-west-1.amazonaws.com/2024/06/16/6jmq1s53lgv2/caf19c75-6b40-49da-8608-89444cc78010.flac?AWSAccessKeyId=AKIA45B7YWBX7MUJ7QCX&Expires=1752791895&Signature=28SylduDgGj2XKC3UBFTn2NDEAw%3D,0.24015,63089
981718837,NSam-2024-06-16_12-20.WAV,2024 SJWA Thistle NW of Bridge Street Pond,2024,6,16,12,20,Agelaius tricolor,Alternative Song 2,42.0533,42.4587,656,7406,24000,(not validated),https://rfcx-streams-production.s3.eu-west-1.amazonaws.com/2024/06/16/6jmq1s53lgv2/a057cfd5-1808-4415-a473-bb8930dde471.flac?AWSAccessKeyId=AKIA45B7YWBX7MUJ7QCX&Expires=1752791895&Signature=SUOiMCGtgChEWSqsCzFNxHiCgNk%3D,0.212816,63089
981718838,NSam-2024-06-16_11-40.WAV,2024 SJWA Thistle NW of Bridge Street Pond,2024,6,16,11,40,Agelaius tricolor,Alternative Song 2,11.3493,11.7547,656,7406,24000,(not validated),https://rfcx-streams-production.s3.eu-west-1.amazonaws.com/2024/06/16/6jmq1s53lgv2/615d2413-945f-4b85-b63d-8f112c1e0005.flac?AWSAccessKeyId=AKIA45B7YWBX7MUJ7QCX&Expires=1752791895&Signature=lZtR26R8wEHnOMCSAl0xpT%2B6PVU%3D,0.271572,63089
981718839,NSam-2024-06-16_07-40.WAV,2024 SJWA Thistle NW of Bridge Street Pond,2024,6,16,7,40,Agelaius tricolor,Alternative Song 2,37.36,37.7653,656,7406,24000,(not validated),https://rfcx-streams-production.s3.eu-west-1.amazonaws.com/2024/06/16/6jmq1s53lgv2/49ceaa0a-d8f9-4e26-ba8a-f6d7a759ad35.flac?AWSAccessKeyId=AKIA45B7YWBX7MUJ7QCX&Expires=1752791895&Signature=YgvIj4bTexpk416E9nD%2Fq5cgwkU%3D,0.231105,63089
981718840,NSam-2024-06-16_07-20.WAV,2024 SJWA Thistle NW of Bridge Street Pond,2024,6,16,7,20,Agelaius tricolor,Alternative Song 2,6.4,6.80533,656,7406,24000,(not validated),https://rfcx-streams-production.s3.eu-west-1.amazonaws.com/2024/06/16/6jmq1s53lgv2/f89ddcf5-a9df-4ea1-bf9d-dfbcbc3ca98d.flac?AWSAccessKeyId=AKIA45B7YWBX7MUJ7QCX&Expires=1752791895&Signature=szqtVZSfdQZ1lPZVA1IGBPgGHuE%3D,0.278884,63089
981718841,NSam-2024-06-16_07-00.WAV,2024 SJWA Thistle NW of Bridge Street Pond,2024,6,16,7,0,Agelaius tricolor,Alternative Song 2,0.944,1.34933,656,7406,24000,(not validated),https://rfcx-streams-production.s3.eu-west-1.amazonaws.com/2024/06/16/6jmq1s53lgv2/099e9b42-07f0-4511-a3fe-0177ba23cf90.flac?AWSAccessKeyId=AKIA45B7YWBX7MUJ7QCX&Expires=1752791895&Signature=ifozcy7VWtmbdCk9X%2BUJfQhiu70%3D,0.215724,63089
981718842,NSam-2024-06-16_06-40.WAV,2024 SJWA Thistle NW of Bridge Street Pond,2024,6,16,6,40,Agelaius tricolor,Alternative Song 2,56.944,57.3493,656,7406,24000,(not validated),https://rfcx-streams-production.s3.eu-west-1.amazonaws.com/2024/06/16/6jmq1s53lgv2/b4379ede-53d6-4871-8d43-0ac1e0f35eae.flac?AWSAccessKeyId=AKIA45B7YWBX7MUJ7QCX&Expires=1752791895&Signature=b5PexzMShU2v1OJ4vjwSGKAnL6s%3D,0.26953,63089
981718843,NSam-2024-06-16_06-20.WAV,2024 SJWA Thistle NW of Bridge Street Pond,2024,6,16,6,20,Agelaius tricolor,Alternative Song 2,8.07467,8.48,656,7406,24000,(not validated),https://rfcx-streams-production.s3.eu-west-1.amazonaws.com/2024/06/16/6jmq1s53lgv2/597c7312-af3e-487d-8756-47b82e9ca406.flac?AWSAccessKeyId=AKIA45B7YWBX7MUJ7QCX&Expires=1752791896&Signature=DceyY1Uf8paOq%2BQs%2B6DKD5rG2yE%3D,0.236548,63089
981718844,NSam-2024-06-16_04-40.WAV,2024 SJWA Thistle NW of Bridge Street Pond,2024,6,16,4,40,Agelaius tricolor,Alternative Song 2,34.592,34.9973,656,7406,24000,(not validated),https://rfcx-streams-production.s3.eu-west-1.amazonaws.com/2024/06/16/6jmq1s53lgv2/69cd52ff-90b4-47d1-82d2-72565db114ef.flac?AWSAccessKeyId=AKIA45B7YWBX7MUJ7QCX&Expires=1752791896&Signature=9r7IWweuTBPXs%2FCcq8NKy%2FG49HA%3D,0.214486,63089
981718845,NSam-2024-06-15_19-40.WAV,2024 SJWA Thistle NW of Bridge Street Pond,2024,6,15,19,40,Agelaius tricolor,Alternative Song 2,21.792,22.1973,656,7406,24000,(not validated),https://rfcx-streams-production.s3.eu-west-1.amazonaws.com/2024/06/16/6jmq1s53lgv2/7415ee3c-4efa-4dc7-9aba-2b53a299d491.flac?AWSAccessKeyId=AKIA45B7YWBX7MUJ7QCX&Expires=1752791896&Signature=bzsxAiEc0P4sdAw3X58LBykOkEs%3D,0.230236,63089
981718846,NSam-2024-06-15_15-40.WAV,2024 SJWA Thistle NW of Bridge Street Pond,2024,6,15,15,40,Agelaius tricolor,Alternative Song 2,38.016,38.4213,656,7406,24000,(not validated),https://rfcx-streams-production.s3.eu-west-1.amazonaws.com/2024/06/15/6jmq1s53lgv2/0253d875-44b2-48f9-b56e-0d8e730f79c0.flac?AWSAccessKeyId=AKIA45B7YWBX7MUJ7QCX&Expires=1752791896&Signature=G7yNbRPczncuLmILizXjlkeBk%2BU%3D,0.210696,63089
981718847,NSam-2024-06-15_17-20.WAV,2024 SJWA Thistle NW of Bridge Street Pond,2024,6,15,17,20,Agelaius tricolor,Alternative Song 2,13.0453,13.4507,656,7406,24000,(not validated),https://rfcx-streams-production.s3.eu-west-1.amazonaws.com/2024/06/16/6jmq1s53lgv2/d3e44140-f367-4931-a323-634925d1a3e4.flac?AWSAccessKeyId=AKIA45B7YWBX7MUJ7QCX&Expires=1752791896&Signature=3yGssRKBY%2BMRmpNrOn8%2F7DcVfW8%3D,0.200241,63089
981718848,NSam-2024-06-15_13-40.WAV,2024 SJWA Thistle NW of Bridge Street Pond,2024,6,15,13,40,Agelaius tricolor,Alternative Song 2,26.176,26.5813,656,7406,24000,(not validated),https://rfcx-streams-production.s3.eu-west-1.amazonaws.com/2024/06/15/6jmq1s53lgv2/86da7ef4-1c52-4b32-99a4-e96cafbeb9da.flac?AWSAccessKeyId=AKIA45B7YWBX7MUJ7QCX&Expires=1752791896&Signature=Jel0t1%2BbMQuj3D9BSBnQLKZmfBU%3D,0.218847,63089
981718849,NSam-2024-06-15_14-00.WAV,2024 SJWA Thistle NW of Bridge Street Pond,2024,6,15,14,0,Agelaius tricolor,Alternative Song 2,12.6453,13.0507,656,7406,24000,(not validated),https://rfcx-streams-production.s3.eu-west-1.amazonaws.com/2024/06/15/6jmq1s53lgv2/5c15616a-5303-4563-8a52-e84459e4a4fe.flac?AWSAccessKeyId=AKIA45B7YWBX7MUJ7QCX&Expires=1752791896&Signature=Avy5yV5GFwQhU9XytmkM5HThCs0%3D,0.205746,63089
981719118,NSam-2024-06-15_09-00.WAV,2024 SJWA Thistle NW of Bridge Street Pond,2024,6,15,9,0,Agelaius tricolor,Alternative Song 2,48.8533,49.2587,656,7406,24000,(not validated),https://rfcx-streams-production.s3.eu-west-1.amazonaws.com/2024/06/15/6jmq1s53lgv2/b2f13037-fcc3-4704-a925-f24597f1c180.flac?AWSAccessKeyId=AKIA45B7YWBX7MUJ7QCX&Expires=1752791896&Signature=HraneGR3GHPOfGctBZodoYw53i4%3D,0.280541,63089
981719119,NSam-2024-06-15_14-40.WAV,2024 SJWA Thistle NW of Bridge Street Pond,2024,6,15,14,40,Agelaius tricolor,Alternative Song 2,8.47467,8.88,656,7406,24000,(not validated),https://rfcx-streams-production.s3.eu-west-1.amazonaws.com/2024/06/15/6jmq1s53lgv2/7198a850-8b77-42ad-a77d-06f76f5f7062.flac?AWSAccessKeyId=AKIA45B7YWBX7MUJ7QCX&Expires=1752791896&Signature=qJ5HRaLW3QMgqtqm7zKboRmyIqk%3D,0.218307,63089
981719120,NSam-2024-06-15_07-20.WAV,2024 SJWA Thistle NW of Bridge Street Pond,2024,6,15,7,20,Agelaius tricolor,Alternative Song 2,1.78133,2.18667,656,7406,24000,(not validated),https://rfcx-streams-production.s3.eu-west-1.amazonaws.com/2024/06/15/6jmq1s53lgv2/df043c66-5dfd-44d5-b049-3fd05428563e.flac?AWSAccessKeyId=AKIA45B7YWBX7MUJ7QCX&Expires=1752791896&Signature=tpPTlzjKsRiz6V1K%2BL68fas2TOU%3D,0.22232,63089
981719121,NSam-2024-06-15_08-20.WAV,2024 SJWA Thistle NW of Bridge Street Pond,2024,6,15,8,20,Agelaius tricolor,Alternative Song 2,18.24,18.6453,656,7406,24000,(not validated),https://rfcx-streams-production.s3.eu-west-1.amazonaws.com/2024/06/15/6jmq1s53lgv2/f3f0b4b3-f23a-409a-9c4f-7e083a5b28c6.flac?AWSAccessKeyId=AKIA45B7YWBX7MUJ7QCX&Expires=1752791896&Signature=uSyKgQvA2SnksW0C39TWA9jkpos%3D,0.24295,63089
981719122,NSam-2024-06-15_07-00.WAV,2024 SJWA Thistle NW of Bridge Street Pond,2024,6,15,7,0,Agelaius tricolor,Alternative Song 2,57.6853,58.0907,656,7406,24000,(not validated),https://rfcx-streams-production.s3.eu-west-1.amazonaws.com/2024/06/15/6jmq1s53lgv2/31855435-664b-4864-9f42-6bff4d1c1899.flac?AWSAccessKeyId=AKIA45B7YWBX7MUJ7QCX&Expires=1752791896&Signature=3sUYkjKtNQCPYQnQderfFgUjrdg%3D,0.222417,63089
981719123,NSam-2024-06-15_06-20.WAV,2024 SJWA Thistle NW of Bridge Street Pond,2024,6,15,6,20,Agelaius tricolor,Alternative Song 2,25.568,25.9733,656,7406,24000,(not validated),https://rfcx-streams-production.s3.eu-west-1.amazonaws.com/2024/06/15/6jmq1s53lgv2/c3d8393a-2f96-4c0e-93ba-adb80e106da9.flac?AWSAccessKeyId=AKIA45B7YWBX7MUJ7QCX&Expires=1752791896&Signature=A1hq5iEyC566u6UEo6%2B3nD3atGw%3D,0.201265,63089
981719124,NSam-2024-06-15_05-40.WAV,2024 SJWA Thistle NW of Bridge Street Pond,2024,6,15,5,40,Agelaius tricolor,Alternative Song 2,30.384,30.7893,656,7406,24000,(not validated),https://rfcx-streams-production.s3.eu-west-1.amazonaws.com/2024/06/15/6jmq1s53lgv2/b89cebf1-b14a-4ea4-b2d1-abaf4d78c1ff.flac?AWSAccessKeyId=AKIA45B7YWBX7MUJ7QCX&Expires=1752791896&Signature=%2FTDhW%2FZy7EaSS4ybd9YEa99z2YA%3D,0.208292,63089
981719125,NSam-2024-06-15_05-20.WAV,2024 SJWA Thistle NW of Bridge Street Pond,2024,6,15,5,20,Agelaius tricolor,Alternative Song 2,48.7253,49.1307,656,7406,24000,(not validated),https://rfcx-streams-production.s3.eu-west-1.amazonaws.com/2024/06/15/6jmq1s53lgv2/e2baf26a-a6fa-46d8-aea1-dd37bec64224.flac?AWSAccessKeyId=AKIA45B7YWBX7MUJ7QCX&Expires=1752791896&Signature=gQYBUz%2Ffoakw8n84dkhMtd01XLQ%3D,0.200084,63089
981719126,NSam-2024-06-15_08-00.WAV,2024 SJWA Thistle NW of Bridge Street Pond,2024,6,15,8,0,Agelaius tricolor,Alternative Song 2,45.12,45.5253,656,7406,24000,(not validated),https://rfcx-streams-production.s3.eu-west-1.amazonaws.com/2024/06/15/6jmq1s53lgv2/a2550888-a364-4667-b096-11455c73d8fb.flac?AWSAccessKeyId=AKIA45B7YWBX7MUJ7QCX&Expires=1752791896&Signature=2e81qvVDJ77eVhKMHtKzlMd7j9Q%3D,0.212214,63089
981719127,NSam-2024-06-14_19-20.WAV,2024 SJWA Thistle NW of Bridge Street Pond,2024,6,14,19,20,Agelaius tricolor,Alternative Song 2,15.536,15.9413,656,7406,24000,(not validated),https://rfcx-streams-production.s3.eu-west-1.amazonaws.com/2024/06/15/6jmq1s53lgv2/a2602c1c-8fea-4eca-bffb-1abd54a4a7a6.flac?AWSAccessKeyId=AKIA45B7YWBX7MUJ7QCX&Expires=1752791896&Signature=jXX361Ls4WUgJFZa6fdlSvHtmEo%3D,0.233145,63089
981719128,NSam-2024-06-14_17-40.WAV,2024 SJWA Thistle NW of Bridge Street Pond,2024,6,14,17,40,Agelaius tricolor,Alternative Song 2,52.528,52.9333,656,7406,24000,(not validated),https://rfcx-streams-production.s3.eu-west-1.amazonaws.com/2024/06/15/6jmq1s53lgv2/8fc1d806-cc63-46d8-a57f-0528cce7d0e5.flac?AWSAccessKeyId=AKIA45B7YWBX7MUJ7QCX&Expires=1752791896&Signature=rXYT%2FU8L7%2BenwHIWBoQ4%2FOj3kXA%3D,0.206571,63089
981719129,NSam-2024-06-14_16-40.WAV,2024 SJWA Thistle NW of Bridge Street Pond,2024,6,14,16,40,Agelaius tricolor,Alternative Song 2,30.848,31.2533,656,7406,24000,(not validated),https://rfcx-streams-production.s3.eu-west-1.amazonaws.com/2024/06/14/6jmq1s53lgv2/118728e6-c562-447c-aa5e-7f961e1387f6.flac?AWSAccessKeyId=AKIA45B7YWBX7MUJ7QCX&Expires=1752791896&Signature=Uyp2PhgML3RJZacH7YPXld5EMcc%3D,0.200598,63089
981719130,NSam-2024-06-14_16-00.WAV,2024 SJWA Thistle NW of Bridge Street Pond,2024,6,14,16,0,Agelaius tricolor,Alternative Song 2,51.5307,51.936,656,7406,24000,(not validated),https://rfcx-streams-production.s3.eu-west-1.amazonaws.com/2024/06/14/6jmq1s53lgv2/c1c8dd05-4e7f-4f47-b430-6a5a026672f5.flac?AWSAccessKeyId=AKIA45B7YWBX7MUJ7QCX&Expires=1752791896&Signature=XRsf14KJFX0l0oCGv8mZWGmYpcw%3D,0.213908,63089
981719131,NSam-2024-06-14_19-00.WAV,2024 SJWA Thistle NW of Bridge Street Pond,2024,6,14,19,0,Agelaius tricolor,Alternative Song 2,47.9413,48.3467,656,7406,24000,(not validated),https://rfcx-streams-production.s3.eu-west-1.amazonaws.com/2024/06/15/6jmq1s53lgv2/ec520ab7-cfba-44da-98b7-5594e5e518c8.flac?AWSAccessKeyId=AKIA45B7YWBX7MUJ7QCX&Expires=1752791896&Signature=nG3ePZoa8o4v1%2BMsyjGh2gXwqss%3D,0.202463,63089
981719132,NSam-2024-06-14_13-20.WAV,2024 SJWA Thistle NW of Bridge Street Pond,2024,6,14,13,20,Agelaius tricolor,Alternative Song 2,38.5013,38.9067,656,7406,24000,(not validated),https://rfcx-streams-production.s3.eu-west-1.amazonaws.com/2024/06/14/6jmq1s53lgv2/811dfd11-83e1-46f1-8054-b7a436ae9e1a.flac?AWSAccessKeyId=AKIA45B7YWBX7MUJ7QCX&Expires=1752791896&Signature=Z4%2F5FdAH2DTZRwbATcYWuunwPqc%3D,0.203387,63089
981719133,NSam-2024-06-14_07-20.WAV,2024 SJWA Thistle NW of Bridge Street Pond,2024,6,14,7,20,Agelaius tricolor,Alternative Song 2,18.4213,18.8267,656,7406,24000,(not validated),https://rfcx-streams-production.s3.eu-west-1.amazonaws.com/2024/06/14/6jmq1s53lgv2/48a36a32-147f-4d16-b31f-919e7fe529a0.flac?AWSAccessKeyId=AKIA45B7YWBX7MUJ7QCX&Expires=1752791896&Signature=7c4IMCBot%2FLqeP5ls8oml85CzW0%3D,0.31896,63089
981719134,NSam-2024-06-14_08-00.WAV,2024 SJWA Thistle NW of Bridge Street Pond,2024,6,14,8,0,Agelaius tricolor,Alternative Song 2,0.224,0.629333,656,7406,24000,(not validated),https://rfcx-streams-production.s3.eu-west-1.amazonaws.com/2024/06/14/6jmq1s53lgv2/104cf188-606a-46f0-8cda-619c73967e36.flac?AWSAccessKeyId=AKIA45B7YWBX7MUJ7QCX&Expires=1752791896&Signature=TtlNrb%2FiY35gPASV3evyuRTEd%2Fc%3D,0.321041,63089
981719135,NSam-2024-06-14_02-20.WAV,2024 SJWA Thistle NW of Bridge Street Pond,2024,6,14,2,20,Agelaius tricolor,Alternative Song 2,15.664,16.0693,656,7406,24000,(not validated),https://rfcx-streams-production.s3.eu-west-1.amazonaws.com/2024/06/14/6jmq1s53lgv2/aef135af-7799-4364-a701-341fb73b7f6b.flac?AWSAccessKeyId=AKIA45B7YWBX7MUJ7QCX&Expires=1752791896&Signature=cXRWRwOWo7uHJ4nCERNombug7IE%3D,0.200528,63089
981719136,NSam-2024-06-13_20-40.WAV,2024 SJWA Thistle NW of Bridge Street Pond,2024,6,13,20,40,Agelaius tricolor,Alternative Song 2,58.8373,59.2427,656,7406,24000,(not validated),https://rfcx-streams-production.s3.eu-west-1.amazonaws.com/2024/06/14/6jmq1s53lgv2/cccbe13a-0191-4ff4-afb5-dad71e66b0eb.flac?AWSAccessKeyId=AKIA45B7YWBX7MUJ7QCX&Expires=1752791896&Signature=9jc0JY0UvZpa9qu04TZL9KMnaQE%3D,0.222018,63089
981719137,NSam-2024-06-13_15-20.WAV,2024 SJWA Thistle NW of Bridge Street Pond,2024,6,13,15,20,Agelaius tricolor,Alternative Song 2,39.0827,39.488,656,7406,24000,(not validated),https://rfcx-streams-production.s3.eu-west-1.amazonaws.com/2024/06/13/6jmq1s53lgv2/18ff5ea4-1708-489e-992b-a15c62728fe0.flac?AWSAccessKeyId=AKIA45B7YWBX7MUJ7QCX&Expires=1752791896&Signature=Bk2uUIvgoV%2Fcd9kq8UMhsjfjwfo%3D,0.204326,63089
981719318,NSam-2024-06-19_06-20.WAV,2024 SJWA Thistle NW of Bridge Street Pond,2024,6,19,6,20,Agelaius tricolor,Alternative Song 2,23.4187,23.824,656,7406,24000,(not validated),https://rfcx-streams-production.s3.eu-west-1.amazonaws.com/2024/06/19/6jmq1s53lgv2/38ca2d34-6878-45f6-ba35-82ef6ce2e371.flac?AWSAccessKeyId=AKIA45B7YWBX7MUJ7QCX&Expires=1752791896&Signature=A1fViq09JJ7jIKLx1j%2BOtIV46Zo%3D,0.243042,63089
981719319,NSam-2024-06-18_20-00.WAV,2024 SJWA Thistle NW of Bridge Street Pond,2024,6,18,20,0,Agelaius tricolor,Alternative Song 2,25.424,25.8293,656,7406,24000,(not validated),https://rfcx-streams-production.s3.eu-west-1.amazonaws.com/2024/06/19/6jmq1s53lgv2/b224f49e-7c21-4e5b-b6df-20e0c5a5a9c4.flac?AWSAccessKeyId=AKIA45B7YWBX7MUJ7QCX&Expires=1752791896&Signature=5B2y0Cy4o6g2EZX6fbXzkjCWlsk%3D,0.209988,63089
981719320,NSam-2024-06-18_17-20.WAV,2024 SJWA Thistle NW of Bridge Street Pond,2024,6,18,17,20,Agelaius tricolor,Alternative Song 2,50.6933,51.0987,656,7406,24000,(not validated),https://rfcx-streams-production.s3.eu-west-1.amazonaws.com/2024/06/19/6jmq1s53lgv2/f4dcb610-f830-4539-b749-22a4a94a1caf.flac?AWSAccessKeyId=AKIA45B7YWBX7MUJ7QCX&Expires=1752791896&Signature=sm3th5GQ4ls56zfCsM2xa3Luhks%3D,0.210349,63089
981719321,NSam-2024-06-18_08-20.WAV,2024 SJWA Thistle NW of Bridge Street Pond,2024,6,18,8,20,Agelaius tricolor,Alternative Song 2,53.8773,54.2827,656,7406,24000,(not validated),https://rfcx-streams-production.s3.eu-west-1.amazonaws.com/2024/06/18/6jmq1s53lgv2/669c3a43-08d9-4ff8-acf1-d8182f4c8d4f.flac?AWSAccessKeyId=AKIA45B7YWBX7MUJ7QCX&Expires=1752791896&Signature=l1JkmnnflvWtVp38umWa8pirIVo%3D,0.214453,63089
981719322,NSam-2024-06-18_08-00.WAV,2024 SJWA Thistle NW of Bridge Street Pond,2024,6,18,8,0,Agelaius tricolor,Alternative Song 2,31.0933,31.4987,656,7406,24000,(not validated),https://rfcx-streams-production.s3.eu-west-1.amazonaws.com/2024/06/18/6jmq1s53lgv2/74f28716-74fa-442b-8bad-0fba98d26860.flac?AWSAccessKeyId=AKIA45B7YWBX7MUJ7QCX&Expires=1752791896&Signature=6DbxU55o9lKocGESpLyWJhvrETI%3D,0.221289,63089
981719323,NSam-2024-06-18_15-00.WAV,2024 SJWA Thistle NW of Bridge Street Pond,2024,6,18,15,0,Agelaius tricolor,Alternative Song 2,45.9307,46.336,656,7406,24000,(not validated),https://rfcx-streams-production.s3.eu-west-1.amazonaws.com/2024/06/18/6jmq1s53lgv2/13d813b4-77d0-435d-95fe-0cd2194399bd.flac?AWSAccessKeyId=AKIA45B7YWBX7MUJ7QCX&Expires=1752791896&Signature=dmej8EfSFAc%2F%2By10bQKMzLQErRs%3D,0.213947,63089
981719324,NSam-2024-06-18_06-20.WAV,2024 SJWA Thistle NW of Bridge Street Pond,2024,6,18,6,20,Agelaius tricolor,Alternative Song 2,40.4053,40.8107,656,7406,24000,(not validated),https://rfcx-streams-production.s3.eu-west-1.amazonaws.com/2024/06/18/6jmq1s53lgv2/dba763c4-dbd7-40eb-a385-2242bd815dc6.flac?AWSAccessKeyId=AKIA45B7YWBX7MUJ7QCX&Expires=1752791896&Signature=R0w9eZPYwaTWHi%2FF8H5caSpFxyk%3D,0.27549,63089
981719325,NSam-2024-06-18_05-40.WAV,2024 SJWA Thistle NW of Bridge Street Pond,2024,6,18,5,40,Agelaius tricolor,Alternative Song 2,54.9333,55.3387,656,7406,24000,(not validated),https://rfcx-streams-production.s3.eu-west-1.amazonaws.com/2024/06/18/6jmq1s53lgv2/7ddd334b-6ebc-4b89-b90f-df8ca7e83a5b.flac?AWSAccessKeyId=AKIA45B7YWBX7MUJ7QCX&Expires=1752791896&Signature=dL9hxvSV1rjSgSHHbvaQUeR%2F8wc%3D,0.227708,63089
981719326,NSam-2024-06-18_07-40.WAV,2024 SJWA Thistle NW of Bridge Street Pond,2024,6,18,7,40,Agelaius tricolor,Alternative Song 2,24.464,24.8693,656,7406,24000,(not validated),https://rfcx-streams-production.s3.eu-west-1.amazonaws.com/2024/06/18/6jmq1s53lgv2/54059762-0ff0-4d74-bfd7-eb0bf47d1fe5.flac?AWSAccessKeyId=AKIA45B7YWBX7MUJ7QCX&Expires=1752791896&Signature=5CdLzwXdVJKw572lKhL1cy4vJNk%3D,0.305162,63089
981719327,NSam-2024-06-18_06-40.WAV,2024 SJWA Thistle NW of Bridge Street Pond,2024,6,18,6,40,Agelaius tricolor,Alternative Song 2,36.352,36.7573,656,7406,24000,(not validated),https://rfcx-streams-production.s3.eu-west-1.amazonaws.com/2024/06/18/6jmq1s53lgv2/c41f3d3b-8eff-4ca6-96e9-353aff7e7308.flac?AWSAccessKeyId=AKIA45B7YWBX7MUJ7QCX&Expires=1752791896&Signature=WG9z7FxMojYV8CuBXZfkQsoYTyk%3D,0.266358,63089
981719328,NSam-2024-06-18_10-20.WAV,2024 SJWA Thistle NW of Bridge Street Pond,2024,6,18,10,20,Agelaius tricolor,Alternative Song 2,50.704,51.1093,656,7406,24000,(not validated),https://rfcx-streams-production.s3.eu-west-1.amazonaws.com/2024/06/18/6jmq1s53lgv2/76e9a18c-54d4-40c0-837e-e5ade793b6b9.flac?AWSAccessKeyId=AKIA45B7YWBX7MUJ7QCX&Expires=1752791896&Signature=b4r34lvXuzTREDjVas28qcbSJrI%3D,0.321619,63089
981719329,NSam-2024-06-18_06-00.WAV,2024 SJWA Thistle NW of Bridge Street Pond,2024,6,18,6,0,Agelaius tricolor,Alternative Song 2,59.5093,59.9147,656,7406,24000,(not validated),https://rfcx-streams-production.s3.eu-west-1.amazonaws.com/2024/06/18/6jmq1s53lgv2/d91e0b77-5e81-4f7d-a000-aae9c37cacd0.flac?AWSAccessKeyId=AKIA45B7YWBX7MUJ7QCX&Expires=1752791896&Signature=nkAUBJlRE26CE8lM4i2%2BWG0j6%2Fc%3D,0.219058,63089
981719330,NSam-2024-06-18_05-20.WAV,2024 SJWA Thistle NW of Bridge Street Pond,2024,6,18,5,20,Agelaius tricolor,Alternative Song 2,9.50933,9.91467,656,7406,24000,(not validated),https://rfcx-streams-production.s3.eu-west-1.amazonaws.com/2024/06/18/6jmq1s53lgv2/9cdfc3d5-f2b1-43d0-a5cc-3b55ab38841d.flac?AWSAccessKeyId=AKIA45B7YWBX7MUJ7QCX&Expires=1752791896&Signature=FAKju2Rs5KoS3i%2FqVrvF0Qv1AxQ%3D,0.236584,63089
981719331,NSam-2024-06-18_08-40.WAV,2024 SJWA Thistle NW of Bridge Street Pond,2024,6,18,8,40,Agelaius tricolor,Alternative Song 2,38.224,38.6293,656,7406,24000,(not validated),https://rfcx-streams-production.s3.eu-west-1.amazonaws.com/2024/06/18/6jmq1s53lgv2/09907a46-00d9-4f9b-acfd-6eccda268be7.flac?AWSAccessKeyId=AKIA45B7YWBX7MUJ7QCX&Expires=1752791896&Signature=hrymR4bkb1pI9La%2FwcFsUDgoLOA%3D,0.279592,63089
981719332,NSam-2024-06-18_07-20.WAV,2024 SJWA Thistle NW of Bridge Street Pond,2024,6,18,7,20,Agelaius tricolor,Alternative Song 2,57.7493,58.1547,656,7406,24000,(not validated),https://rfcx-streams-production.s3.eu-west-1.amazonaws.com/2024/06/18/6jmq1s53lgv2/6334b86b-06ac-4acf-9930-2f1394fe1071.flac?AWSAccessKeyId=AKIA45B7YWBX7MUJ7QCX&Expires=1752791896&Signature=iWv77%2BEYxghYmVZ0h%2BbSgjVMDoo%3D,0.235798,63089
981719333,NSam-2024-06-18_09-20.WAV,2024 SJWA Thistle NW of Bridge Street Pond,2024,6,18,9,20,Agelaius tricolor,Alternative Song 2,43.7493,44.1547,656,7406,24000,(not validated),https://rfcx-streams-production.s3.eu-west-1.amazonaws.com/2024/06/18/6jmq1s53lgv2/f62b5df7-64de-450d-889f-98677be61101.flac?AWSAccessKeyId=AKIA45B7YWBX7MUJ7QCX&Expires=1752791896&Signature=CTBeetyEOnDZNMvwcCc7yUwRZD8%3D,0.202213,63089
981719334,NSam-2024-06-18_05-00.WAV,2024 SJWA Thistle NW of Bridge Street Pond,2024,6,18,5,0,Agelaius tricolor,Alternative Song 2,59.0613,59.4667,656,7406,24000,(not validated),https://rfcx-streams-production.s3.eu-west-1.amazonaws.com/2024/06/18/6jmq1s53lgv2/78cc1518-8ee9-447c-8756-1dea2a21d618.flac?AWSAccessKeyId=AKIA45B7YWBX7MUJ7QCX&Expires=1752791896&Signature=onz4S5BVOgQMXNoJtEneNSrXVKA%3D,0.21299,63089
981719335,NSam-2024-06-17_18-40.WAV,2024 SJWA Thistle NW of Bridge Street Pond,2024,6,17,18,40,Agelaius tricolor,Alternative Song 2,22.592,22.9973,656,7406,24000,(not validated),https://rfcx-streams-production.s3.eu-west-1.amazonaws.com/2024/06/18/6jmq1s53lgv2/cf4d0290-5136-42aa-9fd2-99a9b9cbd14b.flac?AWSAccessKeyId=AKIA45B7YWBX7MUJ7QCX&Expires=1752791896&Signature=dB2%2B5NKDiGQyCgHXptsz3vLwb6E%3D,0.203261,63089
981719336,NSam-2024-06-17_18-00.WAV,2024 SJWA Thistle NW of Bridge Street Pond,2024,6,17,18,0,Agelaius tricolor,Alternative Song 2,56.2667,56.672,656,7406,24000,(not validated),https://rfcx-streams-production.s3.eu-west-1.amazonaws.com/2024/06/18/6jmq1s53lgv2/fe6b3f1b-f71a-49bf-abae-82f87af189b5.flac?AWSAccessKeyId=AKIA45B7YWBX7MUJ7QCX&Expires=1752791896&Signature=vRTeMtquAk3%2BLj7HYsibgjCn000%3D,0.202949,63089
981719337,NSam-2024-06-17_19-20.WAV,2024 SJWA Thistle NW of Bridge Street Pond,2024,6,17,19,20,Agelaius tricolor,Alternative Song 2,55.8453,56.2507,656,7406,24000,(not validated),https://rfcx-streams-production.s3.eu-west-1.amazonaws.com/2024/06/18/6jmq1s53lgv2/7a647428-b4d3-4c71-80d8-453e5be81140.flac?AWSAccessKeyId=AKIA45B7YWBX7MUJ7QCX&Expires=1752791896&Signature=ccY37mCGVpMObKTmzIEwCH5a1eI%3D,0.220692,63089
981719338,NSam-2024-06-17_17-40.WAV,2024 SJWA Thistle NW of Bridge Street Pond,2024,6,17,17,40,Agelaius tricolor,Alternative Song 2,39.344,39.7493,656,7406,24000,(not validated),https://rfcx-streams-production.s3.eu-west-1.amazonaws.com/2024/06/18/6jmq1s53lgv2/03c9e649-3ef0-449d-824f-0ea0149aa560.flac?AWSAccessKeyId=AKIA45B7YWBX7MUJ7QCX&Expires=1752791896&Signature=VaGmNIIuw3CMgaajEYKGthdiC7g%3D,0.240744,63089
981719339,NSam-2024-06-17_16-20.WAV,2024 SJWA Thistle NW of Bridge Street Pond,2024,6,17,16,20,Agelaius tricolor,Alternative Song 2,11.0507,11.456,656,7406,24000,(not validated),https://rfcx-streams-production.s3.eu-west-1.amazonaws.com/2024/06/17/6jmq1s53lgv2/a0f6b52e-631a-4525-ac13-5ff51d0d898e.flac?AWSAccessKeyId=AKIA45B7YWBX7MUJ7QCX&Expires=1752791896&Signature=yY4i6wkYimWjBjHWsl0RdLp4%2FYs%3D,0.203661,63089
981719340,NSam-2024-06-17_17-00.WAV,2024 SJWA Thistle NW of Bridge Street Pond,2024,6,17,17,0,Agelaius tricolor,Alternative Song 2,5.024,5.42933,656,7406,24000,(not validated),https://rfcx-streams-production.s3.eu-west-1.amazonaws.com/2024/06/18/6jmq1s53lgv2/fe98936a-e316-4228-8824-7b80a7f4665e.flac?AWSAccessKeyId=AKIA45B7YWBX7MUJ7QCX&Expires=1752791896&Signature=kLK0np2Alg8ZGkkMiWh%2Brfoz96Y%3D,0.226197,63089
981719341,NSam-2024-06-17_14-20.WAV,2024 SJWA Thistle NW of Bridge Street Pond,2024,6,17,14,20,Agelaius tricolor,Alternative Song 2,5.40267,5.808,656,7406,24000,(not validated),https://rfcx-streams-production.s3.eu-west-1.amazonaws.com/2024/06/17/6jmq1s53lgv2/4ba3c0a2-fdb7-453a-9381-ef00a46d47aa.flac?AWSAccessKeyId=AKIA45B7YWBX7MUJ7QCX&Expires=1752791896&Signature=kWGPd1avsiYAapm9aMZhxXyhxbI%3D,0.334901,63089
981719342,NSam-2024-06-17_14-40.WAV,2024 SJWA Thistle NW of Bridge Street Pond,2024,6,17,14,40,Agelaius tricolor,Alternative Song 2,55.7813,56.1867,656,7406,24000,(not validated),https://rfcx-streams-production.s3.eu-west-1.amazonaws.com/2024/06/17/6jmq1s53lgv2/a9ff812f-b89a-439d-98df-081dba5bf7c0.flac?AWSAccessKeyId=AKIA45B7YWBX7MUJ7QCX&Expires=1752791896&Signature=er8MyTP1NH78p0VzTTwcZye%2Fjeg%3D,0.212075,63089
981719343,NSam-2024-06-17_13-40.WAV,2024 SJWA Thistle NW of Bridge Street Pond,2024,6,17,13,40,Agelaius tricolor,Alternative Song 2,14.688,15.0933,656,7406,24000,(not validated),https://rfcx-streams-production.s3.eu-west-1.amazonaws.com/2024/06/17/6jmq1s53lgv2/302d6041-7905-4171-9404-3746b8326f69.flac?AWSAccessKeyId=AKIA45B7YWBX7MUJ7QCX&Expires=1752791896&Signature=Ltae%2F8RO0EbanvoB7e28KgcxhGw%3D,0.205182,63089
981719344,NSam-2024-06-17_13-20.WAV,2024 SJWA Thistle NW of Bridge Street Pond,2024,6,17,13,20,Agelaius tricolor,Alternative Song 2,32.3413,32.7467,656,7406,24000,(not validated),https://rfcx-streams-production.s3.eu-west-1.amazonaws.com/2024/06/17/6jmq1s53lgv2/88a2fe99-29e1-4049-8797-1a8159956f64.flac?AWSAccessKeyId=AKIA45B7YWBX7MUJ7QCX&Expires=1752791896&Signature=KSxWarxblYHrtW3Zl4nl7gQAyyk%3D,0.202757,63089
981719345,NSam-2024-06-17_12-20.WAV,2024 SJWA Thistle NW of Bridge Street Pond,2024,6,17,12,20,Agelaius tricolor,Alternative Song 2,23.6693,24.0747,656,7406,24000,(not validated),https://rfcx-streams-production.s3.eu-west-1.amazonaws.com/2024/06/17/6jmq1s53lgv2/e63f03a2-650c-4561-8b5f-422cc73aa001.flac?AWSAccessKeyId=AKIA45B7YWBX7MUJ7QCX&Expires=1752791896&Signature=JsljTOFjJm5jV5atFlEo77hhg%2BM%3D,0.210992,63089
981719346,NSam-2024-06-17_08-20.WAV,2024 SJWA Thistle NW of Bridge Street Pond,2024,6,17,8,20,Agelaius tricolor,Alternative Song 2,48.2613,48.6667,656,7406,24000,(not validated),https://rfcx-streams-production.s3.eu-west-1.amazonaws.com/2024/06/17/6jmq1s53lgv2/f3dda695-e6ab-4c3b-9a31-48c4f5a287be.flac?AWSAccessKeyId=AKIA45B7YWBX7MUJ7QCX&Expires=1752791896&Signature=qs7xvIobPd2mr3xUuybF%2FTpjGxo%3D,0.22714,63089
981719347,NSam-2024-06-17_08-40.WAV,2024 SJWA Thistle NW of Bridge Street Pond,2024,6,17,8,40,Agelaius tricolor,Alternative Song 2,1.664,2.06933,656,7406,24000,(not validated),https://rfcx-streams-production.s3.eu-west-1.amazonaws.com/2024/06/17/6jmq1s53lgv2/40834998-c08c-4fd9-9869-14619c3fe5c8.flac?AWSAccessKeyId=AKIA45B7YWBX7MUJ7QCX&Expires=1752791896&Signature=3YZ1%2BabpxJDsjgeyXE7yszjHmOU%3D,0.290803,63089
981719348,NSam-2024-06-17_06-20.WAV,2024 SJWA Thistle NW of Bridge Street Pond,2024,6,17,6,20,Agelaius tricolor,Alternative Song 2,8.29333,8.69867,656,7406,24000,(not validated),https://rfcx-streams-production.s3.eu-west-1.amazonaws.com/2024/06/17/6jmq1s53lgv2/d4857571-b2ff-4706-ab6d-7dec63869548.flac?AWSAccessKeyId=AKIA45B7YWBX7MUJ7QCX&Expires=1752791896&Signature=8J9r%2FLa3Hmodr%2FHxG5C6vOClePY%3D,0.222433,63089
981719349,NSam-2024-06-17_07-00.WAV,2024 SJWA Thistle NW of Bridge Street Pond,2024,6,17,7,0,Agelaius tricolor,Alternative Song 2,28.1547,28.56,656,7406,24000,(not validated),https://rfcx-streams-production.s3.eu-west-1.amazonaws.com/2024/06/17/6jmq1s53lgv2/69a29044-04f6-4851-bfb0-a894b2e73fc2.flac?AWSAccessKeyId=AKIA45B7YWBX7MUJ7QCX&Expires=1752791896&Signature=X0aHnLJt1Qn5BaYpgqEhZIoEA94%3D,0.220674,63089
981719350,NSam-2024-06-20_15-00.WAV,2024 SJWA Thistle NW of Bridge Street Pond,2024,6,20,15,0,Agelaius tricolor,Alternative Song 2,10.1333,10.5387,656,7406,24000,(not validated),https://rfcx-streams-production.s3.eu-west-1.amazonaws.com/2024/06/20/6jmq1s53lgv2/9b2a4b3a-7f89-4243-8b56-18947b0e1193.flac?AWSAccessKeyId=AKIA45B7YWBX7MUJ7QCX&Expires=1752791896&Signature=zAU6%2F2revWv2G1GT4bq15wDXY4o%3D,0.212285,63089
981719351,NSam-2024-06-20_08-40.WAV,2024 SJWA Thistle NW of Bridge Street Pond,2024,6,20,8,40,Agelaius tricolor,Alternative Song 2,6.84267,7.248,656,7406,24000,(not validated),https://rfcx-streams-production.s3.eu-west-1.amazonaws.com/2024/06/20/6jmq1s53lgv2/6f7fbd5f-dc6a-48d5-8de7-56212d8d453e.flac?AWSAccessKeyId=AKIA45B7YWBX7MUJ7QCX&Expires=1752791896&Signature=Z1JSO3yf%2Fd%2BmNr9EZeUBIN9877k%3D,0.258884,63089
981719352,NSam-2024-06-20_05-40.WAV,2024 SJWA Thistle NW of Bridge Street Pond,2024,6,20,5,40,Agelaius tricolor,Alternative Song 2,21.0293,21.4347,656,7406,24000,(not validated),https://rfcx-streams-production.s3.eu-west-1.amazonaws.com/2024/06/20/6jmq1s53lgv2/d81c3378-f85c-43b5-a40d-c10128df863b.flac?AWSAccessKeyId=AKIA45B7YWBX7MUJ7QCX&Expires=1752791896&Signature=g%2FJTFfc4rT7UYcDxOkewbaWe6%2Bc%3D,0.228542,63089
981719353,NSam-2024-06-20_10-40.WAV,2024 SJWA Thistle NW of Bridge Street Pond,2024,6,20,10,40,Agelaius tricolor,Alternative Song 2,33.4933,33.8987,656,7406,24000,(not validated),https://rfcx-streams-production.s3.eu-west-1.amazonaws.com/2024/06/20/6jmq1s53lgv2/38cd4b1c-5a4a-4cb5-a922-dfa114a32a2f.flac?AWSAccessKeyId=AKIA45B7YWBX7MUJ7QCX&Expires=1752791896&Signature=vomsTtpZFgnRlo7twWIpkRIlgYE%3D,0.208106,63089
981719354,NSam-2024-06-20_19-00.WAV,2024 SJWA Thistle NW of Bridge Street Pond,2024,6,20,19,0,Agelaius tricolor,Alternative Song 2,49.4827,49.888,656,7406,24000,(not validated),https://rfcx-streams-production.s3.eu-west-1.amazonaws.com/2024/06/21/6jmq1s53lgv2/f758382b-0b79-4da0-8183-51a47c4f9b51.flac?AWSAccessKeyId=AKIA45B7YWBX7MUJ7QCX&Expires=1752791896&Signature=2rmeBVb%2FKkdPLtnowMF7fx4l5DE%3D,0.222437,63089
981719355,NSam-2024-06-20_08-20.WAV,2024 SJWA Thistle NW of Bridge Street Pond,2024,6,20,8,20,Agelaius tricolor,Alternative Song 2,53.792,54.1973,656,7406,24000,(not validated),https://rfcx-streams-production.s3.eu-west-1.amazonaws.com/2024/06/20/6jmq1s53lgv2/64226b8e-ef4a-4c38-94bc-84bd80184f3c.flac?AWSAccessKeyId=AKIA45B7YWBX7MUJ7QCX&Expires=1752791896&Signature=qktJYgKa3DI09PDpKrLzLTXE6Vg%3D,0.37394,63089
981719356,NSam-2024-06-19_16-40.WAV,2024 SJWA Thistle NW of Bridge Street Pond,2024,6,19,16,40,Agelaius tricolor,Alternative Song 2,15.5573,15.9627,656,7406,24000,(not validated),https://rfcx-streams-production.s3.eu-west-1.amazonaws.com/2024/06/19/6jmq1s53lgv2/e6a3c94a-4079-4353-af1e-2b40cb009a93.flac?AWSAccessKeyId=AKIA45B7YWBX7MUJ7QCX&Expires=1752791896&Signature=gCe13GT0W502ZaSk%2FKmgcuenUaE%3D,0.212615,63089
981719357,NSam-2024-06-20_07-20.WAV,2024 SJWA Thistle NW of Bridge Street Pond,2024,6,20,7,20,Agelaius tricolor,Alternative Song 2,58.736,59.1413,656,7406,24000,(not validated),https://rfcx-streams-production.s3.eu-west-1.amazonaws.com/2024/06/20/6jmq1s53lgv2/a4613662-7db5-44e8-b97c-e95e265bca8e.flac?AWSAccessKeyId=AKIA45B7YWBX7MUJ7QCX&Expires=1752791896&Signature=7t8eDGc2qvi0Y8RWrhzqJTKLlzw%3D,0.287377,63089
981719358,NSam-2024-06-20_06-20.WAV,2024 SJWA Thistle NW of Bridge Street Pond,2024,6,20,6,20,Agelaius tricolor,Alternative Song 2,45.7013,46.1067,656,7406,24000,(not validated),https://rfcx-streams-production.s3.eu-west-1.amazonaws.com/2024/06/20/6jmq1s53lgv2/e0b0c2ea-72e9-470d-98a2-4f62f726d846.flac?AWSAccessKeyId=AKIA45B7YWBX7MUJ7QCX&Expires=1752791896&Signature=w%2FqoMe%2BJHuOKuuQHyoCsPAl2hv8%3D,0.284057,63089
981719359,NSam-2024-06-20_06-40.WAV,2024 SJWA Thistle NW of Bridge Street Pond,2024,6,20,6,40,Agelaius tricolor,Alternative Song 2,41.5787,41.984,656,7406,24000,(not validated),https://rfcx-streams-production.s3.eu-west-1.amazonaws.com/2024/06/20/6jmq1s53lgv2/7cfc8df5-161f-4f53-9131-78a1af661beb.flac?AWSAccessKeyId=AKIA45B7YWBX7MUJ7QCX&Expires=1752791896&Signature=iPv60y%2FQddHfId1fFyA7a4pPQA0%3D,0.23279,63089
981719360,NSam-2024-06-19_16-00.WAV,2024 SJWA Thistle NW of Bridge Street Pond,2024,6,19,16,0,Agelaius tricolor,Alternative Song 2,1.52533,1.93067,656,7406,24000,(not validated),https://rfcx-streams-production.s3.eu-west-1.amazonaws.com/2024/06/19/6jmq1s53lgv2/c9201a61-53a5-4b3c-abcb-e37c15798c4d.flac?AWSAccessKeyId=AKIA45B7YWBX7MUJ7QCX&Expires=1752791896&Signature=fx%2BBWlxzHge6zQXb4r%2FogT1a8w8%3D,0.232717,63089
981719361,NSam-2024-06-20_06-00.WAV,2024 SJWA Thistle NW of Bridge Street Pond,2024,6,20,6,0,Agelaius tricolor,Alternative Song 2,49.584,49.9893,656,7406,24000,(not validated),https://rfcx-streams-production.s3.eu-west-1.amazonaws.com/2024/06/20/6jmq1s53lgv2/701d81b8-1f46-4be5-abe1-ae2c782253d5.flac?AWSAccessKeyId=AKIA45B7YWBX7MUJ7QCX&Expires=1752791896&Signature=qW84qJPTx8ZLR1QNR%2FlklBHqhjA%3D,0.22906,63089
981719362,NSam-2024-06-20_05-00.WAV,2024 SJWA Thistle NW of Bridge Street Pond,2024,6,20,5,0,Agelaius tricolor,Alternative Song 2,53.1893,53.5947,656,7406,24000,(not validated),https://rfcx-streams-production.s3.eu-west-1.amazonaws.com/2024/06/20/6jmq1s53lgv2/4a1409ef-febc-4957-a1ad-eb27cfc4264f.flac?AWSAccessKeyId=AKIA45B7YWBX7MUJ7QCX&Expires=1752791896&Signature=Wd0zeiXTZCgT8n%2Bz1AH3C0wdbzM%3D,0.215505,63089
981719363,NSam-2024-06-19_12-00.WAV,2024 SJWA Thistle NW of Bridge Street Pond,2024,6,19,12,0,Agelaius tricolor,Alternative Song 2,51.376,51.7813,656,7406,24000,(not validated),https://rfcx-streams-production.s3.eu-west-1.amazonaws.com/2024/06/19/6jmq1s53lgv2/f24d5b2a-f54b-424a-bf63-bffd1e6d57da.flac?AWSAccessKeyId=AKIA45B7YWBX7MUJ7QCX&Expires=1752791896&Signature=guE6MgtjoOr5Dnv0jlzuj99e8Ro%3D,0.214127,63089
981719364,NSam-2024-06-19_09-20.WAV,2024 SJWA Thistle NW of Bridge Street Pond,2024,6,19,9,20,Agelaius tricolor,Alternative Song 2,37.4347,37.84,656,7406,24000,(not validated),https://rfcx-streams-production.s3.eu-west-1.amazonaws.com/2024/06/19/6jmq1s53lgv2/e035caca-653b-4408-beeb-a585de12b0f5.flac?AWSAccessKeyId=AKIA45B7YWBX7MUJ7QCX&Expires=1752791896&Signature=7LKM%2F5necn4HGK38rY7sc%2FFxR%2BQ%3D,0.200348,63089
981719365,NSam-2024-06-19_07-40.WAV,2024 SJWA Thistle NW of Bridge Street Pond,2024,6,19,7,40,Agelaius tricolor,Alternative Song 2,28.3627,28.768,656,7406,24000,(not validated),https://rfcx-streams-production.s3.eu-west-1.amazonaws.com/2024/06/19/6jmq1s53lgv2/3ec8dd70-c419-4040-af15-a5fc249b5120.flac?AWSAccessKeyId=AKIA45B7YWBX7MUJ7QCX&Expires=1752791896&Signature=pDQIg9f6zDDuLujnHwZ2DN4Ibns%3D,0.241169,63089
981719366,NSam-2024-06-19_07-00.WAV,2024 SJWA Thistle NW of Bridge Street Pond,2024,6,19,7,0,Agelaius tricolor,Alternative Song 2,10.736,11.1413,656,7406,24000,(not validated),https://rfcx-streams-production.s3.eu-west-1.amazonaws.com/2024/06/19/6jmq1s53lgv2/88a20c42-e5f8-400c-8b5f-1e41093de98c.flac?AWSAccessKeyId=AKIA45B7YWBX7MUJ7QCX&Expires=1752791896&Signature=V6gmG7HnmbC538m94jBpYBSWr6c%3D,0.268113,63089
981719367,NSam-2024-06-19_05-40.WAV,2024 SJWA Thistle NW of Bridge Street Pond,2024,6,19,5,40,Agelaius tricolor,Alternative Song 2,52.896,53.3013,656,7406,24000,(not validated),https://rfcx-streams-production.s3.eu-west-1.amazonaws.com/2024/06/19/6jmq1s53lgv2/c99569e1-f236-4e05-9c23-393c36b206ed.flac?AWSAccessKeyId=AKIA45B7YWBX7MUJ7QCX&Expires=1752791896&Signature=v897au0jVwQ%2BjSugaOOfaDcCGjE%3D,0.200989,63089
981719368,NSam-2024-06-19_07-20.WAV,2024 SJWA Thistle NW of Bridge Street Pond,2024,6,19,7,20,Agelaius tricolor,Alternative Song 2,34.2613,34.6667,656,7406,24000,(not validated),https://rfcx-streams-production.s3.eu-west-1.amazonaws.com/2024/06/19/6jmq1s53lgv2/1864d514-65af-457b-bc8e-445fddc2e30b.flac?AWSAccessKeyId=AKIA45B7YWBX7MUJ7QCX&Expires=1752791896&Signature=3MEmYRfdrK5gRnsYEi8Zl%2BBBkeU%3D,0.270872,63089
981719369,NSam-2024-06-19_05-20.WAV,2024 SJWA Thistle NW of Bridge Street Pond,2024,6,19,5,20,Agelaius tricolor,Alternative Song 2,48.0427,48.448,656,7406,24000,(not validated),https://rfcx-streams-production.s3.eu-west-1.amazonaws.com/2024/06/19/6jmq1s53lgv2/ef0d8867-348d-42c5-b4f9-29581920d521.flac?AWSAccessKeyId=AKIA45B7YWBX7MUJ7QCX&Expires=1752791896&Signature=Jy4fFWkW%2F4kvMWIoMVUb12VYMqo%3D,0.258203,63089
981719370,NSam-2024-06-19_06-00.WAV,2024 SJWA Thistle NW of Bridge Street Pond,2024,6,19,6,0,Agelaius tricolor,Alternative Song 2,3.52533,3.93067,656,7406,24000,(not validated),https://rfcx-streams-production.s3.eu-west-1.amazonaws.com/2024/06/19/6jmq1s53lgv2/4bbc06e3-2674-479b-9910-6dde4690330b.flac?AWSAccessKeyId=AKIA45B7YWBX7MUJ7QCX&Expires=1752791896&Signature=Se5VzJ%2FMB37EzGWaqqjb5x9zBLU%3D,0.213995,63089
981719371,NSam-2024-06-18_21-00.WAV,2024 SJWA Thistle NW of Bridge Street Pond,2024,6,18,21,0,Agelaius tricolor,Alternative Song 2,27.9307,28.336,656,7406,24000,(not validated),https://rfcx-streams-production.s3.eu-west-1.amazonaws.com/2024/06/19/6jmq1s53lgv2/a4cbc374-4023-4102-8e8b-1df02ac26347.flac?AWSAccessKeyId=AKIA45B7YWBX7MUJ7QCX&Expires=1752791896&Signature=wM3yBUr5QjKnSGqtST%2FUvfEq13w%3D,0.200661,63089
981719372,NSam-2024-06-19_09-40.WAV,2024 SJWA Thistle NW of Bridge Street Pond,2024,6,19,9,40,Agelaius tricolor,Alternative Song 2,52.0853,52.4907,656,7406,24000,(not validated),https://rfcx-streams-production.s3.eu-west-1.amazonaws.com/2024/06/19/6jmq1s53lgv2/6b6fb86e-288a-40d0-be62-241d61bbe566.flac?AWSAccessKeyId=AKIA45B7YWBX7MUJ7QCX&Expires=1752791896&Signature=nb8G6dwzvYQQDlRrTXFSSknH5vE%3D,0.206039,63089
981719373,NSam-2024-06-18_15-20.WAV,2024 SJWA Thistle NW of Bridge Street Pond,2024,6,18,15,20,Agelaius tricolor,Alternative Song 2,17.8507,18.256,656,7406,24000,(not validated),https://rfcx-streams-production.s3.eu-west-1.amazonaws.com/2024/06/18/6jmq1s53lgv2/e51bbecc-4a64-4bc0-abde-fd0942fef823.flac?AWSAccessKeyId=AKIA45B7YWBX7MUJ7QCX&Expires=1752791896&Signature=nPdyZ8xgf1ZxfJUlManNFS8mOY0%3D,0.22447,63089
981719523,NSam-2024-06-09_18-40.WAV,2024 SJWA Thistle NW of Bridge Street Pond,2024,6,9,18,40,Agelaius tricolor,Alternative Song 2,58.6187,59.024,656,7406,24000,(not validated),https://rfcx-streams-production.s3.eu-west-1.amazonaws.com/2024/06/10/6jmq1s53lgv2/02a93a44-5579-48b3-bd96-879f75ae701e.flac?AWSAccessKeyId=AKIA45B7YWBX7MUJ7QCX&Expires=1752791896&Signature=FUQWbHjoB52Ux7dZnN9%2Fef0N0BU%3D,0.311865,63089
981719524,NSam-2024-06-10_07-00.WAV,2024 SJWA Thistle NW of Bridge Street Pond,2024,6,10,7,0,Agelaius tricolor,Alternative Song 2,54.0747,54.48,656,7406,24000,(not validated),https://rfcx-streams-production.s3.eu-west-1.amazonaws.com/2024/06/10/6jmq1s53lgv2/4e123667-24b9-42a8-b5b2-e78fe0aae297.flac?AWSAccessKeyId=AKIA45B7YWBX7MUJ7QCX&Expires=1752791896&Signature=S5y%2F%2FjTZnoaUyxCLJuIplJ9kiUA%3D,0.278632,63089
981719525,NSam-2024-06-10_06-20.WAV,2024 SJWA Thistle NW of Bridge Street Pond,2024,6,10,6,20,Agelaius tricolor,Alternative Song 2,17.4027,17.808,656,7406,24000,(not validated),https://rfcx-streams-production.s3.eu-west-1.amazonaws.com/2024/06/10/6jmq1s53lgv2/aa4bf283-3b22-4ba1-a783-92a6d1eecfa1.flac?AWSAccessKeyId=AKIA45B7YWBX7MUJ7QCX&Expires=1752791896&Signature=KPyk5P4z5jCwai%2FVBHHAdpJemVQ%3D,0.226395,63089
981719526,NSam-2024-06-10_13-40.WAV,2024 SJWA Thistle NW of Bridge Street Pond,2024,6,10,13,40,Agelaius tricolor,Alternative Song 2,48.64,49.0453,656,7406,24000,(not validated),https://rfcx-streams-production.s3.eu-west-1.amazonaws.com/2024/06/10/6jmq1s53lgv2/1bc72d26-3f7b-4328-8cb1-4d0061a9a5f1.flac?AWSAccessKeyId=AKIA45B7YWBX7MUJ7QCX&Expires=1752791896&Signature=MrgKsQMXggWEheT9QTJBbrnJxEg%3D,0.206677,63089
981719527,NSam-2024-06-09_16-20.WAV,2024 SJWA Thistle NW of Bridge Street Pond,2024,6,9,16,20,Agelaius tricolor,Alternative Song 2,32.624,33.0293,656,7406,24000,(not validated),https://rfcx-streams-production.s3.eu-west-1.amazonaws.com/2024/06/09/6jmq1s53lgv2/540ab5f0-7cb2-407c-ac67-cbec9645d853.flac?AWSAccessKeyId=AKIA45B7YWBX7MUJ7QCX&Expires=1752791896&Signature=s77SIB4WIB8VAYkwoPWPVatVukk%3D,0.241589,63089
981719528,NSam-2024-06-09_13-20.WAV,2024 SJWA Thistle NW of Bridge Street Pond,2024,6,9,13,20,Agelaius tricolor,Alternative Song 2,37.7547,38.16,656,7406,24000,(not validated),https://rfcx-streams-production.s3.eu-west-1.amazonaws.com/2024/06/09/6jmq1s53lgv2/20639629-6385-44a0-a6af-58a1b514f9c2.flac?AWSAccessKeyId=AKIA45B7YWBX7MUJ7QCX&Expires=1752791896&Signature=JCQlmOcQIUQ3Vnouqy5COI2V47Q%3D,0.284677,63089
981719529,NSam-2024-06-09_15-00.WAV,2024 SJWA Thistle NW of Bridge Street Pond,2024,6,9,15,0,Agelaius tricolor,Alternative Song 2,32.8213,33.2267,656,7406,24000,(not validated),https://rfcx-streams-production.s3.eu-west-1.amazonaws.com/2024/06/09/6jmq1s53lgv2/2c54f1f9-da7c-4d80-9359-6c0513576c3a.flac?AWSAccessKeyId=AKIA45B7YWBX7MUJ7QCX&Expires=1752791896&Signature=GmPWfKcrH5XyZimUclNa6RAzHKE%3D,0.234732,63089
981719530,NSam-2024-06-09_12-40.WAV,2024 SJWA Thistle NW of Bridge Street Pond,2024,6,9,12,40,Agelaius tricolor,Alternative Song 2,45.3333,45.7387,656,7406,24000,(not validated),https://rfcx-streams-production.s3.eu-west-1.amazonaws.com/2024/06/09/6jmq1s53lgv2/6b12b458-6e84-4d5b-b748-4a809384694f.flac?AWSAccessKeyId=AKIA45B7YWBX7MUJ7QCX&Expires=1752791896&Signature=nTBaZ%2FmiU3Ha18DyALXGCgBw8y4%3D,0.222248,63089
981719531,NSam-2024-06-09_12-00.WAV,2024 SJWA Thistle NW of Bridge Street Pond,2024,6,9,12,0,Agelaius tricolor,Alternative Song 2,43.9627,44.368,656,7406,24000,(not validated),https://rfcx-streams-production.s3.eu-west-1.amazonaws.com/2024/06/09/6jmq1s53lgv2/5274ac1d-6380-4ca3-80a7-d45abca33e5c.flac?AWSAccessKeyId=AKIA45B7YWBX7MUJ7QCX&Expires=1752791896&Signature=wpbZblbtP27WFKXzwpuYMrk%2B%2Fis%3D,0.249793,63089
981719532,NSam-2024-06-09_19-20.WAV,2024 SJWA Thistle NW of Bridge Street Pond,2024,6,9,19,20,Agelaius tricolor,Alternative Song 2,14.256,14.6613,656,7406,24000,(not validated),https://rfcx-streams-production.s3.eu-west-1.amazonaws.com/2024/06/10/6jmq1s53lgv2/1372c8d9-b8eb-45ed-badd-7b0de84685b4.flac?AWSAccessKeyId=AKIA45B7YWBX7MUJ7QCX&Expires=1752791896&Signature=qyXhbKUBMQ%2BdMbOXlfhTfffqio0%3D,0.203233,63089
981719533,NSam-2024-06-09_08-40.WAV,2024 SJWA Thistle NW of Bridge Street Pond,2024,6,9,8,40,Agelaius tricolor,Alternative Song 2,26.3627,26.768,656,7406,24000,(not validated),https://rfcx-streams-production.s3.eu-west-1.amazonaws.com/2024/06/09/6jmq1s53lgv2/b0f0cf9a-e7a3-4ba3-822a-3f035f9eff93.flac?AWSAccessKeyId=AKIA45B7YWBX7MUJ7QCX&Expires=1752791896&Signature=RWxorTIhdweBrrpJ59XwAGO5JQI%3D,0.272867,63089
981719534,NSam-2024-06-09_18-20.WAV,2024 SJWA Thistle NW of Bridge Street Pond,2024,6,9,18,20,Agelaius tricolor,Alternative Song 2,38.336,38.7413,656,7406,24000,(not validated),https://rfcx-streams-production.s3.eu-west-1.amazonaws.com/2024/06/10/6jmq1s53lgv2/75d254c2-5833-4a68-be8e-b3a0f0634b19.flac?AWSAccessKeyId=AKIA45B7YWBX7MUJ7QCX&Expires=1752791896&Signature=4WhIPnHLRyA2tfEKk%2Bx3Yx2b%2FPI%3D,0.212874,63089
981719535,NSam-2024-06-09_11-00.WAV,2024 SJWA Thistle NW of Bridge Street Pond,2024,6,9,11,0,Agelaius tricolor,Alternative Song 2,11.0133,11.4187,656,7406,24000,(not validated),https://rfcx-streams-production.s3.eu-west-1.amazonaws.com/2024/06/09/6jmq1s53lgv2/632cc8af-d253-4bec-9fde-8af8cd0fc6a2.flac?AWSAccessKeyId=AKIA45B7YWBX7MUJ7QCX&Expires=1752791896&Signature=KjBszeeRay2DeieSk82gAmYqfgU%3D,0.285777,63089
981719536,NSam-2024-06-10_07-40.WAV,2024 SJWA Thistle NW of Bridge Street Pond,2024,6,10,7,40,Agelaius tricolor,Alternative Song 2,38.544,38.9493,656,7406,24000,(not validated),https://rfcx-streams-production.s3.eu-west-1.amazonaws.com/2024/06/10/6jmq1s53lgv2/6c51e9c8-0cd4-4740-bf29-028f5c83c08e.flac?AWSAccessKeyId=AKIA45B7YWBX7MUJ7QCX&Expires=1752791896&Signature=ut1CxAI%2BH9LhEjimTp7HSiyBPAs%3D,0.264199,63089
981719537,NSam-2024-06-09_16-40.WAV,2024 SJWA Thistle NW of Bridge Street Pond,2024,6,9,16,40,Agelaius tricolor,Alternative Song 2,15.8613,16.2667,656,7406,24000,(not validated),https://rfcx-streams-production.s3.eu-west-1.amazonaws.com/2024/06/09/6jmq1s53lgv2/45b6f40e-143b-43a0-bc4a-8582fabf6343.flac?AWSAccessKeyId=AKIA45B7YWBX7MUJ7QCX&Expires=1752791896&Signature=4nQaWfCVu3TZSOIsZjiawzvh3lo%3D,0.245048,63089
981719538,NSam-2024-06-09_10-00.WAV,2024 SJWA Thistle NW of Bridge Street Pond,2024,6,9,10,0,Agelaius tricolor,Alternative Song 2,37.872,38.2773,656,7406,24000,(not validated),https://rfcx-streams-production.s3.eu-west-1.amazonaws.com/2024/06/09/6jmq1s53lgv2/a2d5cd36-d136-4c31-a396-bd99ed294113.flac?AWSAccessKeyId=AKIA45B7YWBX7MUJ7QCX&Expires=1752791896&Signature=IJ%2B%2BiFNva0aUcnJ3QgKNd4cpTe0%3D,0.257597,63089
981719539,NSam-2024-06-09_14-00.WAV,2024 SJWA Thistle NW of Bridge Street Pond,2024,6,9,14,0,Agelaius tricolor,Alternative Song 2,56.544,56.9493,656,7406,24000,(not validated),https://rfcx-streams-production.s3.eu-west-1.amazonaws.com/2024/06/09/6jmq1s53lgv2/ee7cb713-b0df-475b-a2be-9bdad624c2ec.flac?AWSAccessKeyId=AKIA45B7YWBX7MUJ7QCX&Expires=1752791896&Signature=1fVOMbyg5Lvf0Z1s6DtpWnpnv3o%3D,0.254233,63089
981719540,NSam-2024-06-10_00-00.WAV,2024 SJWA Thistle NW of Bridge Street Pond,2024,6,10,0,0,Agelaius tricolor,Alternative Song 2,56.8533,57.2587,656,7406,24000,(not validated),https://rfcx-streams-production.s3.eu-west-1.amazonaws.com/2024/06/10/6jmq1s53lgv2/70074db5-bebf-4c3f-bb56-8d673735528e.flac?AWSAccessKeyId=AKIA45B7YWBX7MUJ7QCX&Expires=1752791896&Signature=Agx0UkKEXpDUlZp206LhANvU9G0%3D,0.234185,63089
981719541,NSam-2024-06-09_13-40.WAV,2024 SJWA Thistle NW of Bridge Street Pond,2024,6,9,13,40,Agelaius tricolor,Alternative Song 2,33.1467,33.552,656,7406,24000,(not validated),https://rfcx-streams-production.s3.eu-west-1.amazonaws.com/2024/06/09/6jmq1s53lgv2/e0cb0a2d-8224-4152-bbf1-05b6bdcda891.flac?AWSAccessKeyId=AKIA45B7YWBX7MUJ7QCX&Expires=1752791896&Signature=4XZwgB9rS366jOR2NQ5lyhUusOY%3D,0.233039,63089
981719542,NSam-2024-06-09_09-40.WAV,2024 SJWA Thistle NW of Bridge Street Pond,2024,6,9,9,40,Agelaius tricolor,Alternative Song 2,15.952,16.3573,656,7406,24000,(not validated),https://rfcx-streams-production.s3.eu-west-1.amazonaws.com/2024/06/09/6jmq1s53lgv2/65528489-a12c-4262-a09a-87e6bbeb6f30.flac?AWSAccessKeyId=AKIA45B7YWBX7MUJ7QCX&Expires=1752791896&Signature=0I96G0HibqetxE1uL6pgjdmE2dw%3D,0.206722,63089
981719543,NSam-2024-06-09_07-00.WAV,2024 SJWA Thistle NW of Bridge Street Pond,2024,6,9,7,0,Agelaius tricolor,Alternative Song 2,30.2987,30.704,656,7406,24000,(not validated),https://rfcx-streams-production.s3.eu-west-1.amazonaws.com/2024/06/09/6jmq1s53lgv2/9443bbac-2d60-4187-959d-66812b1f3206.flac?AWSAccessKeyId=AKIA45B7YWBX7MUJ7QCX&Expires=1752791896&Signature=WQfuMjTTIItGVsDNyMAZYD4nFtI%3D,0.294856,63089
981719544,NSam-2024-06-09_17-00.WAV,2024 SJWA Thistle NW of Bridge Street Pond,2024,6,9,17,0,Agelaius tricolor,Alternative Song 2,4.77867,5.184,656,7406,24000,(not validated),https://rfcx-streams-production.s3.eu-west-1.amazonaws.com/2024/06/10/6jmq1s53lgv2/9995f4bc-6a12-4c20-bb33-f4cd39dac4c1.flac?AWSAccessKeyId=AKIA45B7YWBX7MUJ7QCX&Expires=1752791896&Signature=fxR8IS7M9jd6L%2FiYsfDLo9uv0Es%3D,0.231022,63089
981719545,NSam-2024-06-09_09-00.WAV,2024 SJWA Thistle NW of Bridge Street Pond,2024,6,9,9,0,Agelaius tricolor,Alternative Song 2,11.5947,12,656,7406,24000,(not validated),https://rfcx-streams-production.s3.eu-west-1.amazonaws.com/2024/06/09/6jmq1s53lgv2/8c6c8431-8c74-4bc9-8899-3d0f9009fc2d.flac?AWSAccessKeyId=AKIA45B7YWBX7MUJ7QCX&Expires=1752791896&Signature=2LbzlFR4A%2BmbY8X28SCPxPHiSyc%3D,0.266601,63089
981719546,NSam-2024-06-09_08-00.WAV,2024 SJWA Thistle NW of Bridge Street Pond,2024,6,9,8,0,Agelaius tricolor,Alternative Song 2,24.8853,25.2907,656,7406,24000,(not validated),https://rfcx-streams-production.s3.eu-west-1.amazonaws.com/2024/06/09/6jmq1s53lgv2/dc06ad02-bff3-4461-b460-b47e6d11cc9a.flac?AWSAccessKeyId=AKIA45B7YWBX7MUJ7QCX&Expires=1752791896&Signature=G1qK5zISf7Xya4Fl4rpow2PQg%2FU%3D,0.257497,63089
981719547,NSam-2024-06-09_07-40.WAV,2024 SJWA Thistle NW of Bridge Street Pond,2024,6,9,7,40,Agelaius tricolor,Alternative Song 2,10.416,10.8213,656,7406,24000,(not validated),https://rfcx-streams-production.s3.eu-west-1.amazonaws.com/2024/06/09/6jmq1s53lgv2/919c43a4-3bb4-469b-90a4-ffbb69cad792.flac?AWSAccessKeyId=AKIA45B7YWBX7MUJ7QCX&Expires=1752791896&Signature=JflzYrNi04y4SnAyn4CFsoLzVjM%3D,0.226502,63089
981719548,NSam-2024-06-09_08-20.WAV,2024 SJWA Thistle NW of Bridge Street Pond,2024,6,9,8,20,Agelaius tricolor,Alternative Song 2,36.0587,36.464,656,7406,24000,(not validated),https://rfcx-streams-production.s3.eu-west-1.amazonaws.com/2024/06/09/6jmq1s53lgv2/52d6f334-4589-40a1-b716-b7bf7bb16098.flac?AWSAccessKeyId=AKIA45B7YWBX7MUJ7QCX&Expires=1752791896&Signature=mqS%2F5UXht2H1Z%2BW7aw5%2FyL3fMFk%3D,0.246688,63089
981719549,NSam-2024-06-09_07-20.WAV,2024 SJWA Thistle NW of Bridge Street Pond,2024,6,9,7,20,Agelaius tricolor,Alternative Song 2,18.6027,19.008,656,7406,24000,(not validated),https://rfcx-streams-production.s3.eu-west-1.amazonaws.com/2024/06/09/6jmq1s53lgv2/c3838cd6-794d-4464-8323-95cc0065e199.flac?AWSAccessKeyId=AKIA45B7YWBX7MUJ7QCX&Expires=1752791896&Signature=tGnvI7qs%2FvQHQQYs2xEWIXpvNJQ%3D,0.204399,63089
981719550,NSam-2024-06-10_15-00.WAV,2024 SJWA Thistle NW of Bridge Street Pond,2024,6,10,15,0,Agelaius tricolor,Alternative Song 2,49.4293,49.8347,656,7406,24000,(not validated),https://rfcx-streams-production.s3.eu-west-1.amazonaws.com/2024/06/10/6jmq1s53lgv2/916dffe8-d523-47eb-8755-f198f89c402a.flac?AWSAccessKeyId=AKIA45B7YWBX7MUJ7QCX&Expires=1752791896&Signature=oH89LR88MTzsMVdy2ESyN55T1rI%3D,0.208375,63089
981719551,NSam-2024-06-09_19-40.WAV,2024 SJWA Thistle NW of Bridge Street Pond,2024,6,9,19,40,Agelaius tricolor,Alternative Song 2,44.272,44.6773,656,7406,24000,(not validated),https://rfcx-streams-production.s3.eu-west-1.amazonaws.com/2024/06/10/6jmq1s53lgv2/59182e8a-6e15-4647-889d-82f1ac9475f8.flac?AWSAccessKeyId=AKIA45B7YWBX7MUJ7QCX&Expires=1752791896&Signature=mkKhVZ9KkwmMpndyexlK6ya3%2Frs%3D,0.214637,63089
981719552,NSam-2024-06-08_20-20.WAV,2024 SJWA Thistle NW of Bridge Street Pond,2024,6,8,20,20,Agelaius tricolor,Alternative Song 2,9.73867,10.144,656,7406,24000,(not validated),https://rfcx-streams-production.s3.eu-west-1.amazonaws.com/2024/06/09/6jmq1s53lgv2/f66ea2c7-fd54-4867-a059-3f16157767f1.flac?AWSAccessKeyId=AKIA45B7YWBX7MUJ7QCX&Expires=1752791896&Signature=DVVe03GRWCMaXtfWBbE9laJ4Xio%3D,0.200806,63089
981719553,NSam-2024-06-08_20-00.WAV,2024 SJWA Thistle NW of Bridge Street Pond,2024,6,8,20,0,Agelaius tricolor,Alternative Song 2,50.832,51.2373,656,7406,24000,(not validated),https://rfcx-streams-production.s3.eu-west-1.amazonaws.com/2024/06/09/6jmq1s53lgv2/02e13abe-0442-4d7f-b460-666fde0bd5f9.flac?AWSAccessKeyId=AKIA45B7YWBX7MUJ7QCX&Expires=1752791896&Signature=WOybL2HG8nUyu1FAheEEGf3NZhs%3D,0.257189,63089
981719554,NSam-2024-06-08_19-20.WAV,2024 SJWA Thistle NW of Bridge Street Pond,2024,6,8,19,20,Agelaius tricolor,Alternative Song 2,4.84267,5.248,656,7406,24000,(not validated),https://rfcx-streams-production.s3.eu-west-1.amazonaws.com/2024/06/09/6jmq1s53lgv2/46995dbe-1c83-47ba-90e0-e14b0c64367c.flac?AWSAccessKeyId=AKIA45B7YWBX7MUJ7QCX&Expires=1752791896&Signature=BnO2rZ4dBs5cZzBxmfIIYqr%2B7Hs%3D,0.201805,63089
981719555,NSam-2024-06-08_16-20.WAV,2024 SJWA Thistle NW of Bridge Street Pond,2024,6,8,16,20,Agelaius tricolor,Alternative Song 2,20.96,21.3653,656,7406,24000,(not validated),https://rfcx-streams-production.s3.eu-west-1.amazonaws.com/2024/06/08/6jmq1s53lgv2/f95852ef-a71e-4992-9ff6-3f624d078cb2.flac?AWSAccessKeyId=AKIA45B7YWBX7MUJ7QCX&Expires=1752791896&Signature=%2BnQ9eVW9bd1PILT4tPqXCmIysPw%3D,0.246591,63089
981719556,NSam-2024-06-08_16-40.WAV,2024 SJWA Thistle NW of Bridge Street Pond,2024,6,8,16,40,Agelaius tricolor,Alternative Song 2,18.1493,18.5547,656,7406,24000,(not validated),https://rfcx-streams-production.s3.eu-west-1.amazonaws.com/2024/06/08/6jmq1s53lgv2/2d25e541-40e1-453a-99c5-8c54f462d91c.flac?AWSAccessKeyId=AKIA45B7YWBX7MUJ7QCX&Expires=1752791896&Signature=l%2FsR7r6S%2B7vUM%2BfazfTOy%2BWMUXQ%3D,0.205456,63089
981719557,NSam-2024-06-08_18-00.WAV,2024 SJWA Thistle NW of Bridge Street Pond,2024,6,8,18,0,Agelaius tricolor,Alternative Song 2,9.89867,10.304,656,7406,24000,(not validated),https://rfcx-streams-production.s3.eu-west-1.amazonaws.com/2024/06/09/6jmq1s53lgv2/af567363-851f-413e-9e33-bcdc182e2aac.flac?AWSAccessKeyId=AKIA45B7YWBX7MUJ7QCX&Expires=1752791896&Signature=n6U09t7TWqXSEXtIsT2XGR0HUKM%3D,0.22214,63089
981719558,NSam-2024-06-09_16-00.WAV,2024 SJWA Thistle NW of Bridge Street Pond,2024,6,9,16,0,Agelaius tricolor,Alternative Song 2,53.152,53.5573,656,7406,24000,(not validated),https://rfcx-streams-production.s3.eu-west-1.amazonaws.com/2024/06/09/6jmq1s53lgv2/8c17ad11-71ba-45a7-a660-9c5d1906d484.flac?AWSAccessKeyId=AKIA45B7YWBX7MUJ7QCX&Expires=1752791896&Signature=uzRDsPDRJJdr8COuc%2FPq211hB2U%3D,0.203616,63089
981719559,NSam-2024-06-09_06-20.WAV,2024 SJWA Thistle NW of Bridge Street Pond,2024,6,9,6,20,Agelaius tricolor,Alternative Song 2,5.12,5.52533,656,7406,24000,(not validated),https://rfcx-streams-production.s3.eu-west-1.amazonaws.com/2024/06/09/6jmq1s53lgv2/e683cb80-2959-402e-b4d0-6de3de7878ff.flac?AWSAccessKeyId=AKIA45B7YWBX7MUJ7QCX&Expires=1752791896&Signature=wSBGaNDbwceLzl%2FByCwzd5GS7bg%3D,0.201032,63089
981719560,NSam-2024-06-09_15-40.WAV,2024 SJWA Thistle NW of Bridge Street Pond,2024,6,9,15,40,Agelaius tricolor,Alternative Song 2,22.208,22.6133,656,7406,24000,(not validated),https://rfcx-streams-production.s3.eu-west-1.amazonaws.com/2024/06/09/6jmq1s53lgv2/c97ad1d0-3622-4891-94b1-99210e04d30e.flac?AWSAccessKeyId=AKIA45B7YWBX7MUJ7QCX&Expires=1752791896&Signature=KS6kmAJdLa2RJRlJL3zVRd9Fzhw%3D,0.206827,63089
981719561,NSam-2024-06-09_14-40.WAV,2024 SJWA Thistle NW of Bridge Street Pond,2024,6,9,14,40,Agelaius tricolor,Alternative Song 2,20.6827,21.088,656,7406,24000,(not validated),https://rfcx-streams-production.s3.eu-west-1.amazonaws.com/2024/06/09/6jmq1s53lgv2/729e1355-0567-47bd-97e5-b50fc677f180.flac?AWSAccessKeyId=AKIA45B7YWBX7MUJ7QCX&Expires=1752791896&Signature=owrAebt4Kbh%2F6%2FEQVQ%2FRIreO5Ow%3D,0.229041,63089
981719562,NSam-2024-06-09_12-20.WAV,2024 SJWA Thistle NW of Bridge Street Pond,2024,6,9,12,20,Agelaius tricolor,Alternative Song 2,13.552,13.9573,656,7406,24000,(not validated),https://rfcx-streams-production.s3.eu-west-1.amazonaws.com/2024/06/09/6jmq1s53lgv2/5d2e6f25-69ac-4bd9-a526-9f6080abaaa7.flac?AWSAccessKeyId=AKIA45B7YWBX7MUJ7QCX&Expires=1752791896&Signature=1F4YrWeAubmLUY3po156mUinqWc%3D,0.233689,63089
981719563,NSam-2024-06-09_11-20.WAV,2024 SJWA Thistle NW of Bridge Street Pond,2024,6,9,11,20,Agelaius tricolor,Alternative Song 2,23.5253,23.9307,656,7406,24000,(not validated),https://rfcx-streams-production.s3.eu-west-1.amazonaws.com/2024/06/09/6jmq1s53lgv2/af08dac3-3288-4d1b-9b2a-206c7702ccfe.flac?AWSAccessKeyId=AKIA45B7YWBX7MUJ7QCX&Expires=1752791896&Signature=TNziFPOuqYObqkrescqsquwhUb4%3D,0.229592,63089
981719564,NSam-2024-06-08_17-20.WAV,2024 SJWA Thistle NW of Bridge Street Pond,2024,6,8,17,20,Agelaius tricolor,Alternative Song 2,28.16,28.5653,656,7406,24000,(not validated),https://rfcx-streams-production.s3.eu-west-1.amazonaws.com/2024/06/09/6jmq1s53lgv2/e0394a69-b335-4729-814c-494a0ae788d6.flac?AWSAccessKeyId=AKIA45B7YWBX7MUJ7QCX&Expires=1752791896&Signature=Q0dGwb8PTaIm35nbjE6Jd%2FZ2fA4%3D,0.257069,63089
981719565,NSam-2024-06-10_06-00.WAV,2024 SJWA Thistle NW of Bridge Street Pond,2024,6,10,6,0,Agelaius tricolor,Alternative Song 2,49.8507,50.256,656,7406,24000,(not validated),https://rfcx-streams-production.s3.eu-west-1.amazonaws.com/2024/06/10/6jmq1s53lgv2/1c17b4b4-8a28-438f-aa52-66e770db8ca5.flac?AWSAccessKeyId=AKIA45B7YWBX7MUJ7QCX&Expires=1752791896&Signature=Bx8kTSnk9kACBGZU3P9B4URaMZ8%3D,0.249724,63089
981719566,NSam-2024-06-08_15-00.WAV,2024 SJWA Thistle NW of Bridge Street Pond,2024,6,8,15,0,Agelaius tricolor,Alternative Song 2,6.88533,7.29067,656,7406,24000,(not validated),https://rfcx-streams-production.s3.eu-west-1.amazonaws.com/2024/06/08/6jmq1s53lgv2/705d8e46-656b-457a-a8d0-1955455b0c0d.flac?AWSAccessKeyId=AKIA45B7YWBX7MUJ7QCX&Expires=1752791896&Signature=kHmegv5yWCpNA8jyDDFL5D5yBlo%3D,0.247781,63089
981719567,NSam-2024-06-10_05-20.WAV,2024 SJWA Thistle NW of Bridge Street Pond,2024,6,10,5,20,Agelaius tricolor,Alternative Song 2,46.7147,47.12,656,7406,24000,(not validated),https://rfcx-streams-production.s3.eu-west-1.amazonaws.com/2024/06/10/6jmq1s53lgv2/0a7847d6-0751-4263-a405-a597bf39eafe.flac?AWSAccessKeyId=AKIA45B7YWBX7MUJ7QCX&Expires=1752791896&Signature=KOS6AfsTXPUq%2BaAEU4zOd0lRtXI%3D,0.283174,63089
981719568,NSam-2024-06-08_14-20.WAV,2024 SJWA Thistle NW of Bridge Street Pond,2024,6,8,14,20,Agelaius tricolor,Alternative Song 2,6.63467,7.04,656,7406,24000,(not validated),https://rfcx-streams-production.s3.eu-west-1.amazonaws.com/2024/06/08/6jmq1s53lgv2/a5b79a8d-ec81-4fe5-a9d0-cfa2c9e3d547.flac?AWSAccessKeyId=AKIA45B7YWBX7MUJ7QCX&Expires=1752791896&Signature=YdYi8PLB1ziG7xvIhpCfkvR%2FuOU%3D,0.259857,63089
981719569,NSam-2024-06-09_06-00.WAV,2024 SJWA Thistle NW of Bridge Street Pond,2024,6,9,6,0,Agelaius tricolor,Alternative Song 2,49.5307,49.936,656,7406,24000,(not validated),https://rfcx-streams-production.s3.eu-west-1.amazonaws.com/2024/06/09/6jmq1s53lgv2/08dbb169-686e-4d28-8761-5a19d19b28dc.flac?AWSAccessKeyId=AKIA45B7YWBX7MUJ7QCX&Expires=1752791896&Signature=ebxS9biMpb8S4hWc1xjXCX3J%2Foo%3D,0.249591,63089
981719570,NSam-2024-06-08_11-20.WAV,2024 SJWA Thistle NW of Bridge Street Pond,2024,6,8,11,20,Agelaius tricolor,Alternative Song 2,47.312,47.7173,656,7406,24000,(not validated),https://rfcx-streams-production.s3.eu-west-1.amazonaws.com/2024/06/08/6jmq1s53lgv2/4d4f0db2-097e-4a52-9150-277e0b00ee46.flac?AWSAccessKeyId=AKIA45B7YWBX7MUJ7QCX&Expires=1752791896&Signature=gT41%2BUAJb4svdl0MKRL7GT%2BB80w%3D,0.214491,63089
981719571,NSam-2024-06-09_05-40.WAV,2024 SJWA Thistle NW of Bridge Street Pond,2024,6,9,5,40,Agelaius tricolor,Alternative Song 2,28.64,29.0453,656,7406,24000,(not validated),https://rfcx-streams-production.s3.eu-west-1.amazonaws.com/2024/06/09/6jmq1s53lgv2/38ba5c8c-988c-4fca-8d51-329afd4fa82c.flac?AWSAccessKeyId=AKIA45B7YWBX7MUJ7QCX&Expires=1752791896&Signature=Cl3ZqXe7aQ8CtxUyofjOKGTgymA%3D,0.24475,63089
981719572,NSam-2024-06-08_11-40.WAV,2024 SJWA Thistle NW of Bridge Street Pond,2024,6,8,11,40,Agelaius tricolor,Alternative Song 2,27.936,28.3413,656,7406,24000,(not validated),https://rfcx-streams-production.s3.eu-west-1.amazonaws.com/2024/06/08/6jmq1s53lgv2/c72635bc-d66f-4ae0-b13e-7fb02bd574f9.flac?AWSAccessKeyId=AKIA45B7YWBX7MUJ7QCX&Expires=1752791896&Signature=JtIW6zTO%2FIWqgAt%2Bk7seN61i%2Fpc%3D,0.22586,63089
981719573,NSam-2024-06-08_10-00.WAV,2024 SJWA Thistle NW of Bridge Street Pond,2024,6,8,10,0,Agelaius tricolor,Alternative Song 2,38.0267,38.432,656,7406,24000,(not validated),https://rfcx-streams-production.s3.eu-west-1.amazonaws.com/2024/06/08/6jmq1s53lgv2/416d4c31-1742-42cb-aa78-bc4dbaca49f8.flac?AWSAccessKeyId=AKIA45B7YWBX7MUJ7QCX&Expires=1752791896&Signature=6wmXTULes%2Bo2RtluO784jPKdUOo%3D,0.30551,63089
981719574,NSam-2024-06-09_05-20.WAV,2024 SJWA Thistle NW of Bridge Street Pond,2024,6,9,5,20,Agelaius tricolor,Alternative Song 2,4.10133,4.50667,656,7406,24000,(not validated),https://rfcx-streams-production.s3.eu-west-1.amazonaws.com/2024/06/09/6jmq1s53lgv2/20f842a2-3be6-4e3a-83e1-1b8ff791cfc0.flac?AWSAccessKeyId=AKIA45B7YWBX7MUJ7QCX&Expires=1752791896&Signature=ZOYJrz1m%2ByAlZCrKv6eflAEgL8I%3D,0.236468,63089
981719575,NSam-2024-06-09_15-20.WAV,2024 SJWA Thistle NW of Bridge Street Pond,2024,6,9,15,20,Agelaius tricolor,Alternative Song 2,17.6747,18.08,656,7406,24000,(not validated),https://rfcx-streams-production.s3.eu-west-1.amazonaws.com/2024/06/09/6jmq1s53lgv2/8352fb07-85e9-4631-bdf9-84cca3ccdb69.flac?AWSAccessKeyId=AKIA45B7YWBX7MUJ7QCX&Expires=1752791896&Signature=y8DVzFLlj0txOm8XPuSiesAti60%3D,0.302049,63089
981719576,NSam-2024-06-08_06-00.WAV,2024 SJWA Thistle NW of Bridge Street Pond,2024,6,8,6,0,Agelaius tricolor,Alternative Song 2,26.9547,27.36,656,7406,24000,(not validated),https://rfcx-streams-production.s3.eu-west-1.amazonaws.com/2024/06/08/6jmq1s53lgv2/5cd7ad45-9472-4348-b41a-90eec5358c35.flac?AWSAccessKeyId=AKIA45B7YWBX7MUJ7QCX&Expires=1752791896&Signature=DATeDvIakqW0sKdTbBMeifcORv8%3D,0.265087,63089
981719577,NSam-2024-06-08_05-20.WAV,2024 SJWA Thistle NW of Bridge Street Pond,2024,6,8,5,20,Agelaius tricolor,Alternative Song 2,39.7067,40.112,656,7406,24000,(not validated),https://rfcx-streams-production.s3.eu-west-1.amazonaws.com/2024/06/08/6jmq1s53lgv2/776a772a-1170-4b99-a3e5-d02bd0e14ab1.flac?AWSAccessKeyId=AKIA45B7YWBX7MUJ7QCX&Expires=1752791896&Signature=GpRpSh0w377YMB%2B4x1GirKWPuaU%3D,0.27129,63089
981719578,NSam-2024-06-08_07-20.WAV,2024 SJWA Thistle NW of Bridge Street Pond,2024,6,8,7,20,Agelaius tricolor,Alternative Song 2,55.5093,55.9147,656,7406,24000,(not validated),https://rfcx-streams-production.s3.eu-west-1.amazonaws.com/2024/06/08/6jmq1s53lgv2/894ea2c2-594a-4c64-aea1-40adb267dc91.flac?AWSAccessKeyId=AKIA45B7YWBX7MUJ7QCX&Expires=1752791896&Signature=vPn2SUWEg9yvo11P80mz0jtS6iI%3D,0.253593,63089
981719579,NSam-2024-06-09_14-20.WAV,2024 SJWA Thistle NW of Bridge Street Pond,2024,6,9,14,20,Agelaius tricolor,Alternative Song 2,26.5547,26.96,656,7406,24000,(not validated),https://rfcx-streams-production.s3.eu-west-1.amazonaws.com/2024/06/09/6jmq1s53lgv2/42d16df1-9303-41a7-9e53-42a419cc41bf.flac?AWSAccessKeyId=AKIA45B7YWBX7MUJ7QCX&Expires=1752791896&Signature=%2FP3mR7yHusrwldF%2FILL4QdDSlDo%3D,0.300965,63089
981719580,NSam-2024-06-08_16-00.WAV,2024 SJWA Thistle NW of Bridge Street Pond,2024,6,8,16,0,Agelaius tricolor,Alternative Song 2,27.792,28.1973,656,7406,24000,(not validated),https://rfcx-streams-production.s3.eu-west-1.amazonaws.com/2024/06/08/6jmq1s53lgv2/5c37c6b0-0ffb-42b1-a441-88736b893573.flac?AWSAccessKeyId=AKIA45B7YWBX7MUJ7QCX&Expires=1752791896&Signature=bokTatHAYcIHzXqzhObdIa0rFHM%3D,0.300024,63089
981719581,NSam-2024-06-09_13-00.WAV,2024 SJWA Thistle NW of Bridge Street Pond,2024,6,9,13,0,Agelaius tricolor,Alternative Song 2,45.3493,45.7547,656,7406,24000,(not validated),https://rfcx-streams-production.s3.eu-west-1.amazonaws.com/2024/06/09/6jmq1s53lgv2/28caf1bc-ad06-469a-b023-dbde078df599.flac?AWSAccessKeyId=AKIA45B7YWBX7MUJ7QCX&Expires=1752791896&Signature=BIFpK%2BPPNiIhbIKsu4RaKpIu2Bk%3D,0.222679,63089
981719582,NSam-2024-06-08_15-40.WAV,2024 SJWA Thistle NW of Bridge Street Pond,2024,6,8,15,40,Agelaius tricolor,Alternative Song 2,22.2293,22.6347,656,7406,24000,(not validated),https://rfcx-streams-production.s3.eu-west-1.amazonaws.com/2024/06/08/6jmq1s53lgv2/d3d9243a-39c8-4cc4-9528-d9ddaf50275e.flac?AWSAccessKeyId=AKIA45B7YWBX7MUJ7QCX&Expires=1752791896&Signature=gfjJR5NatHMX1exVfvRxxrxY4hA%3D,0.200102,63089
981719583,NSam-2024-06-08_13-40.WAV,2024 SJWA Thistle NW of Bridge Street Pond,2024,6,8,13,40,Agelaius tricolor,Alternative Song 2,34.992,35.3973,656,7406,24000,(not validated),https://rfcx-streams-production.s3.eu-west-1.amazonaws.com/2024/06/08/6jmq1s53lgv2/99f6a18b-e3ad-472a-9f69-012bd164d3e4.flac?AWSAccessKeyId=AKIA45B7YWBX7MUJ7QCX&Expires=1752791896&Signature=qjH5HqaUhEZFzYaGq1dabMw4FAI%3D,0.246697,63089
981719584,NSam-2024-06-08_10-40.WAV,2024 SJWA Thistle NW of Bridge Street Pond,2024,6,8,10,40,Agelaius tricolor,Alternative Song 2,11.9947,12.4,656,7406,24000,(not validated),https://rfcx-streams-production.s3.eu-west-1.amazonaws.com/2024/06/08/6jmq1s53lgv2/64a87808-9387-48b4-9b37-aa88bf80ef62.flac?AWSAccessKeyId=AKIA45B7YWBX7MUJ7QCX&Expires=1752791896&Signature=7nEH6MCfXV%2Fj623DdatY%2BitZSFQ%3D,0.247009,63089
981719585,NSam-2024-06-08_07-00.WAV,2024 SJWA Thistle NW of Bridge Street Pond,2024,6,8,7,0,Agelaius tricolor,Alternative Song 2,12.4533,12.8587,656,7406,24000,(not validated),https://rfcx-streams-production.s3.eu-west-1.amazonaws.com/2024/06/08/6jmq1s53lgv2/46301c9a-fbaf-4774-b2d3-4a8884be3201.flac?AWSAccessKeyId=AKIA45B7YWBX7MUJ7QCX&Expires=1752791896&Signature=hHQ%2Fx9l9Uv6LGxh426%2BaAGEQvvA%3D,0.200034,63089
981719586,NSam-2024-06-08_07-40.WAV,2024 SJWA Thistle NW of Bridge Street Pond,2024,6,8,7,40,Agelaius tricolor,Alternative Song 2,48.8213,49.2267,656,7406,24000,(not validated),https://rfcx-streams-production.s3.eu-west-1.amazonaws.com/2024/06/08/6jmq1s53lgv2/6556f5bf-6f21-4fa7-948c-9d8978fba82b.flac?AWSAccessKeyId=AKIA45B7YWBX7MUJ7QCX&Expires=1752791896&Signature=XchatTYlNHqWW7S95rUPzokD8Mo%3D,0.220405,63089
981719587,NSam-2024-06-08_15-20.WAV,2024 SJWA Thistle NW of Bridge Street Pond,2024,6,8,15,20,Agelaius tricolor,Alternative Song 2,31.4827,31.888,656,7406,24000,(not validated),https://rfcx-streams-production.s3.eu-west-1.amazonaws.com/2024/06/08/6jmq1s53lgv2/0406ecc1-b6ed-42e5-9c28-890a70f76e4a.flac?AWSAccessKeyId=AKIA45B7YWBX7MUJ7QCX&Expires=1752791896&Signature=gWvLwGecPMn50RsAGl8dPtgt490%3D,0.285774,63089
981719588,NSam-2024-06-08_05-00.WAV,2024 SJWA Thistle NW of Bridge Street Pond,2024,6,8,5,0,Agelaius tricolor,Alternative Song 2,13.5413,13.9467,656,7406,24000,(not validated),https://rfcx-streams-production.s3.eu-west-1.amazonaws.com/2024/06/08/6jmq1s53lgv2/9f0ea4e4-35b5-47f3-bf2a-e31e60718741.flac?AWSAccessKeyId=AKIA45B7YWBX7MUJ7QCX&Expires=1752791896&Signature=85pWQnxwa89qtWJQvv3meMN8dl4%3D,0.207202,63089
981719589,NSam-2024-06-08_09-40.WAV,2024 SJWA Thistle NW of Bridge Street Pond,2024,6,8,9,40,Agelaius tricolor,Alternative Song 2,18.1973,18.6027,656,7406,24000,(not validated),https://rfcx-streams-production.s3.eu-west-1.amazonaws.com/2024/06/08/6jmq1s53lgv2/b1349100-3a5b-4076-934e-00810f57ac18.flac?AWSAccessKeyId=AKIA45B7YWBX7MUJ7QCX&Expires=1752791896&Signature=1uHRNmroZUR0h9%2FIVHxXk8JrthU%3D,0.272429,63089
981719590,NSam-2024-06-08_14-00.WAV,2024 SJWA Thistle NW of Bridge Street Pond,2024,6,8,14,0,Agelaius tricolor,Alternative Song 2,43.0187,43.424,656,7406,24000,(not validated),https://rfcx-streams-production.s3.eu-west-1.amazonaws.com/2024/06/08/6jmq1s53lgv2/8a93d86d-c224-473d-beb5-09c2945dcfcf.flac?AWSAccessKeyId=AKIA45B7YWBX7MUJ7QCX&Expires=1752791896&Signature=d29sYRHnzy%2FJTFkmPWVKNXneSFE%3D,0.244444,63089
981719591,NSam-2024-06-08_13-20.WAV,2024 SJWA Thistle NW of Bridge Street Pond,2024,6,8,13,20,Agelaius tricolor,Alternative Song 2,38.1227,38.528,656,7406,24000,(not validated),https://rfcx-streams-production.s3.eu-west-1.amazonaws.com/2024/06/08/6jmq1s53lgv2/0b444d21-6cc1-4bde-8dba-e64161d0d64d.flac?AWSAccessKeyId=AKIA45B7YWBX7MUJ7QCX&Expires=1752791896&Signature=qImFrZZc7cRgMcQVfoZL5trXovo%3D,0.233422,63089
981719592,NSam-2024-06-08_06-40.WAV,2024 SJWA Thistle NW of Bridge Street Pond,2024,6,8,6,40,Agelaius tricolor,Alternative Song 2,49.5573,49.9627,656,7406,24000,(not validated),https://rfcx-streams-production.s3.eu-west-1.amazonaws.com/2024/06/08/6jmq1s53lgv2/3011c533-5658-4d3c-bc3c-f1d0a40e5523.flac?AWSAccessKeyId=AKIA45B7YWBX7MUJ7QCX&Expires=1752791896&Signature=bGFfFeYibF9AaEMLOgkZkc0iphk%3D,0.248934,63089
981719593,NSam-2024-06-08_12-20.WAV,2024 SJWA Thistle NW of Bridge Street Pond,2024,6,8,12,20,Agelaius tricolor,Alternative Song 2,43.392,43.7973,656,7406,24000,(not validated),https://rfcx-streams-production.s3.eu-west-1.amazonaws.com/2024/06/08/6jmq1s53lgv2/74621829-7d41-45f0-aceb-8436773d7100.flac?AWSAccessKeyId=AKIA45B7YWBX7MUJ7QCX&Expires=1752791896&Signature=djVYRbLwO%2B57%2FuPP45vhP6hGsSU%3D,0.227698,63089
981719594,NSam-2024-06-08_12-00.WAV,2024 SJWA Thistle NW of Bridge Street Pond,2024,6,8,12,0,Agelaius tricolor,Alternative Song 2,45.2587,45.664,656,7406,24000,(not validated),https://rfcx-streams-production.s3.eu-west-1.amazonaws.com/2024/06/08/6jmq1s53lgv2/0da2e9f2-f83e-48e0-bca1-6af30eae15c2.flac?AWSAccessKeyId=AKIA45B7YWBX7MUJ7QCX&Expires=1752791896&Signature=ON4JzuBJ%2FPxVfYl2vxzHrxvOppI%3D,0.264258,63089
981719595,NSam-2024-06-07_17-20.WAV,2024 SJWA Thistle NW of Bridge Street Pond,2024,6,7,17,20,Agelaius tricolor,Alternative Song 2,29.584,29.9893,656,7406,24000,(not validated),https://rfcx-streams-production.s3.eu-west-1.amazonaws.com/2024/06/08/6jmq1s53lgv2/b624ff51-a96c-4a13-8a9a-089786277e1b.flac?AWSAccessKeyId=AKIA45B7YWBX7MUJ7QCX&Expires=1752791896&Signature=y6j3NzVprWrOgoa5mnoM4SZ7MS8%3D,0.250359,63089
981719596,NSam-2024-06-07_16-40.WAV,2024 SJWA Thistle NW of Bridge Street Pond,2024,6,7,16,40,Agelaius tricolor,Alternative Song 2,49.472,49.8773,656,7406,24000,(not validated),https://rfcx-streams-production.s3.eu-west-1.amazonaws.com/2024/06/07/6jmq1s53lgv2/982c144d-34f5-4e9a-9184-50be374dd897.flac?AWSAccessKeyId=AKIA45B7YWBX7MUJ7QCX&Expires=1752791896&Signature=0epFzh7wIXZHUYUs3anY1%2Fgi35c%3D,0.293611,63089
981719597,NSam-2024-06-08_19-00.WAV,2024 SJWA Thistle NW of Bridge Street Pond,2024,6,8,19,0,Agelaius tricolor,Alternative Song 2,34.7093,35.1147,656,7406,24000,(not validated),https://rfcx-streams-production.s3.eu-west-1.amazonaws.com/2024/06/09/6jmq1s53lgv2/702fcb95-3150-4552-befe-71675e6ccda0.flac?AWSAccessKeyId=AKIA45B7YWBX7MUJ7QCX&Expires=1752791896&Signature=BYOWYbxIyHecr6hG5HwNccKd4Qk%3D,0.208218,63089
981719598,NSam-2024-06-08_17-40.WAV,2024 SJWA Thistle NW of Bridge Street Pond,2024,6,8,17,40,Agelaius tricolor,Alternative Song 2,18.1387,18.544,656,7406,24000,(not validated),https://rfcx-streams-production.s3.eu-west-1.amazonaws.com/2024/06/09/6jmq1s53lgv2/5e6982ab-0e2b-4189-a04f-197887abf6c6.flac?AWSAccessKeyId=AKIA45B7YWBX7MUJ7QCX&Expires=1752791896&Signature=%2BzSeQA6JsBz%2FJGDHq0FtfCKfJfc%3D,0.214244,63089
981719599,NSam-2024-06-07_15-20.WAV,2024 SJWA Thistle NW of Bridge Street Pond,2024,6,7,15,20,Agelaius tricolor,Alternative Song 2,13.9733,14.3787,656,7406,24000,(not validated),https://rfcx-streams-production.s3.eu-west-1.amazonaws.com/2024/06/07/6jmq1s53lgv2/8a8312ba-19ff-441f-8658-fec6a8b8da46.flac?AWSAccessKeyId=AKIA45B7YWBX7MUJ7QCX&Expires=1752791896&Signature=nqkQ8xDlxPtTRdpCGzyo76a6kKA%3D,0.225574,63089
981719600,NSam-2024-06-07_14-40.WAV,2024 SJWA Thistle NW of Bridge Street Pond,2024,6,7,14,40,Agelaius tricolor,Alternative Song 2,51.5253,51.9307,656,7406,24000,(not validated),https://rfcx-streams-production.s3.eu-west-1.amazonaws.com/2024/06/07/6jmq1s53lgv2/9cdd0550-36bb-4085-8735-7b4eb5a2eea2.flac?AWSAccessKeyId=AKIA45B7YWBX7MUJ7QCX&Expires=1752791896&Signature=gF8olhY2Y%2FKHUgAfDli%2BS5c2OjU%3D,0.283229,63089
981719601,NSam-2024-06-07_17-00.WAV,2024 SJWA Thistle NW of Bridge Street Pond,2024,6,7,17,0,Agelaius tricolor,Alternative Song 2,48.4533,48.8587,656,7406,24000,(not validated),https://rfcx-streams-production.s3.eu-west-1.amazonaws.com/2024/06/08/6jmq1s53lgv2/a6280195-5115-4ff2-b29d-e693602b3116.flac?AWSAccessKeyId=AKIA45B7YWBX7MUJ7QCX&Expires=1752791896&Signature=euHUyRnCulE9rHV5kmIgzfTJgS0%3D,0.232091,63089
981719602,NSam-2024-06-08_17-00.WAV,2024 SJWA Thistle NW of Bridge Street Pond,2024,6,8,17,0,Agelaius tricolor,Alternative Song 2,55.2907,55.696,656,7406,24000,(not validated),https://rfcx-streams-production.s3.eu-west-1.amazonaws.com/2024/06/09/6jmq1s53lgv2/e5af1076-7ec3-473c-8018-865448b6e51b.flac?AWSAccessKeyId=AKIA45B7YWBX7MUJ7QCX&Expires=1752791896&Signature=EhSHytSmTfQdUZYKQz0%2FrkH%2Bvpc%3D,0.268106,63089
981719603,NSam-2024-06-07_15-00.WAV,2024 SJWA Thistle NW of Bridge Street Pond,2024,6,7,15,0,Agelaius tricolor,Alternative Song 2,16.5867,16.992,656,7406,24000,(not validated),https://rfcx-streams-production.s3.eu-west-1.amazonaws.com/2024/06/07/6jmq1s53lgv2/e5479950-960f-4d69-90ae-eee00c5a981e.flac?AWSAccessKeyId=AKIA45B7YWBX7MUJ7QCX&Expires=1752791896&Signature=oFlJvWWPrWS%2Fb%2BLy4qc8fPsv2t4%3D,0.309717,63089
981719604,NSam-2024-06-07_14-00.WAV,2024 SJWA Thistle NW of Bridge Street Pond,2024,6,7,14,0,Agelaius tricolor,Alternative Song 2,4.79467,5.2,656,7406,24000,(not validated),https://rfcx-streams-production.s3.eu-west-1.amazonaws.com/2024/06/07/6jmq1s53lgv2/4a7804d9-5856-4376-ac10-8053cdc83f2d.flac?AWSAccessKeyId=AKIA45B7YWBX7MUJ7QCX&Expires=1752791896&Signature=gTxhF1%2F6ZIRAYMbr279xU9IDfcU%3D,0.220546,63089
981719605,NSam-2024-06-07_11-00.WAV,2024 SJWA Thistle NW of Bridge Street Pond,2024,6,7,11,0,Agelaius tricolor,Alternative Song 2,5.30133,5.70667,656,7406,24000,(not validated),https://rfcx-streams-production.s3.eu-west-1.amazonaws.com/2024/06/07/6jmq1s53lgv2/6b7c2a09-7195-40b0-bf39-0598cdae99ec.flac?AWSAccessKeyId=AKIA45B7YWBX7MUJ7QCX&Expires=1752791896&Signature=moaYoDveQXLXks%2FzhU1KZ%2FArNbE%3D,0.220799,63089
981719606,NSam-2024-06-07_17-40.WAV,2024 SJWA Thistle NW of Bridge Street Pond,2024,6,7,17,40,Agelaius tricolor,Alternative Song 2,8.96,9.36533,656,7406,24000,(not validated),https://rfcx-streams-production.s3.eu-west-1.amazonaws.com/2024/06/08/6jmq1s53lgv2/0562bc9d-251d-4e89-9f6f-503dc01c0437.flac?AWSAccessKeyId=AKIA45B7YWBX7MUJ7QCX&Expires=1752791896&Signature=tv5asBJeLAEnZost%2Fbkk3cBps9E%3D,0.261811,63089
981719607,NSam-2024-06-07_18-20.WAV,2024 SJWA Thistle NW of Bridge Street Pond,2024,6,7,18,20,Agelaius tricolor,Alternative Song 2,20.6667,21.072,656,7406,24000,(not validated),https://rfcx-streams-production.s3.eu-west-1.amazonaws.com/2024/06/08/6jmq1s53lgv2/8aa6d11c-00cd-479b-a13e-ff379e7937b5.flac?AWSAccessKeyId=AKIA45B7YWBX7MUJ7QCX&Expires=1752791896&Signature=M%2B9Li2%2BK4nH0El65HgJKt07UuS8%3D,0.225341,63089
981719608,NSam-2024-06-07_16-20.WAV,2024 SJWA Thistle NW of Bridge Street Pond,2024,6,7,16,20,Agelaius tricolor,Alternative Song 2,30.464,30.8693,656,7406,24000,(not validated),https://rfcx-streams-production.s3.eu-west-1.amazonaws.com/2024/06/07/6jmq1s53lgv2/bf0ac138-5f0f-45ca-8a10-7f6200222da0.flac?AWSAccessKeyId=AKIA45B7YWBX7MUJ7QCX&Expires=1752791896&Signature=%2FUD6H03EtKJCU4PVgQT81FPUiog%3D,0.236072,63089
981719609,NSam-2024-06-07_18-00.WAV,2024 SJWA Thistle NW of Bridge Street Pond,2024,6,7,18,0,Agelaius tricolor,Alternative Song 2,55.0827,55.488,656,7406,24000,(not validated),https://rfcx-streams-production.s3.eu-west-1.amazonaws.com/2024/06/08/6jmq1s53lgv2/d5b1bc0a-e92d-4dd9-a69e-4814282c5e0d.flac?AWSAccessKeyId=AKIA45B7YWBX7MUJ7QCX&Expires=1752791896&Signature=fOnfY2VUdV1%2BZ%2Fwj2mz90iFDwLk%3D,0.204106,63089
981719610,NSam-2024-06-08_13-00.WAV,2024 SJWA Thistle NW of Bridge Street Pond,2024,6,8,13,0,Agelaius tricolor,Alternative Song 2,27.984,28.3893,656,7406,24000,(not validated),https://rfcx-streams-production.s3.eu-west-1.amazonaws.com/2024/06/08/6jmq1s53lgv2/74ebc6b1-d752-4ae6-b233-f93ccf30e00b.flac?AWSAccessKeyId=AKIA45B7YWBX7MUJ7QCX&Expires=1752791896&Signature=hXwVgVc1q%2BbmkTS7DAnFyqIyYGs%3D,0.228377,63089
981719611,NSam-2024-06-08_12-40.WAV,2024 SJWA Thistle NW of Bridge Street Pond,2024,6,8,12,40,Agelaius tricolor,Alternative Song 2,44.1227,44.528,656,7406,24000,(not validated),https://rfcx-streams-production.s3.eu-west-1.amazonaws.com/2024/06/08/6jmq1s53lgv2/3d859fb2-b51c-4a3a-8338-04e5f881ad28.flac?AWSAccessKeyId=AKIA45B7YWBX7MUJ7QCX&Expires=1752791896&Signature=Qfqt1%2FQoFO3bAL3uhY7%2FiSmOaG4%3D,0.25872,63089
981719612,NSam-2024-06-08_09-20.WAV,2024 SJWA Thistle NW of Bridge Street Pond,2024,6,8,9,20,Agelaius tricolor,Alternative Song 2,5.82933,6.23467,656,7406,24000,(not validated),https://rfcx-streams-production.s3.eu-west-1.amazonaws.com/2024/06/08/6jmq1s53lgv2/b25d15ea-01aa-4378-8ba4-3eed79b728bc.flac?AWSAccessKeyId=AKIA45B7YWBX7MUJ7QCX&Expires=1752791896&Signature=dwhvXZDV2escd23z%2FetgxMz3DJk%3D,0.283207,63089
981719613,NSam-2024-06-08_08-20.WAV,2024 SJWA Thistle NW of Bridge Street Pond,2024,6,8,8,20,Agelaius tricolor,Alternative Song 2,25.6213,26.0267,656,7406,24000,(not validated),https://rfcx-streams-production.s3.eu-west-1.amazonaws.com/2024/06/08/6jmq1s53lgv2/6c1d4a9b-1e2e-4c9c-8bee-b77a55817cce.flac?AWSAccessKeyId=AKIA45B7YWBX7MUJ7QCX&Expires=1752791896&Signature=PjL2h6gPn%2BrxOVaqtPOZg4C8a%2FI%3D,0.327155,63089
981719614,NSam-2024-06-07_13-00.WAV,2024 SJWA Thistle NW of Bridge Street Pond,2024,6,7,13,0,Agelaius tricolor,Alternative Song 2,28.432,28.8373,656,7406,24000,(not validated),https://rfcx-streams-production.s3.eu-west-1.amazonaws.com/2024/06/07/6jmq1s53lgv2/54b93228-0ecd-4be6-b2eb-f56a968a4502.flac?AWSAccessKeyId=AKIA45B7YWBX7MUJ7QCX&Expires=1752791896&Signature=sdyxhbI8BnDEyRCbU%2FIE%2Bbgb8UY%3D,0.227405,63089
981719615,NSam-2024-06-08_08-00.WAV,2024 SJWA Thistle NW of Bridge Street Pond,2024,6,8,8,0,Agelaius tricolor,Alternative Song 2,6.784,7.18933,656,7406,24000,(not validated),https://rfcx-streams-production.s3.eu-west-1.amazonaws.com/2024/06/08/6jmq1s53lgv2/058cb3de-d027-44da-b488-5d69e63f23e4.flac?AWSAccessKeyId=AKIA45B7YWBX7MUJ7QCX&Expires=1752791896&Signature=f5Zv8c2Q3d1g3XEwT%2Bw%2BXMKJIjc%3D,0.253675,63089
981719616,NSam-2024-06-07_13-20.WAV,2024 SJWA Thistle NW of Bridge Street Pond,2024,6,7,13,20,Agelaius tricolor,Alternative Song 2,19.0453,19.4507,656,7406,24000,(not validated),https://rfcx-streams-production.s3.eu-west-1.amazonaws.com/2024/06/07/6jmq1s53lgv2/0ad733ce-e7be-437d-b49a-f4868afe4b6c.flac?AWSAccessKeyId=AKIA45B7YWBX7MUJ7QCX&Expires=1752791896&Signature=FhOrulbigclDpcQ55etXUhtim7k%3D,0.311647,63089
981719617,NSam-2024-06-07_12-20.WAV,2024 SJWA Thistle NW of Bridge Street Pond,2024,6,7,12,20,Agelaius tricolor,Alternative Song 2,25.2053,25.6107,656,7406,24000,(not validated),https://rfcx-streams-production.s3.eu-west-1.amazonaws.com/2024/06/07/6jmq1s53lgv2/e97c9359-20be-4363-83b0-1ffca8951a6b.flac?AWSAccessKeyId=AKIA45B7YWBX7MUJ7QCX&Expires=1752791896&Signature=cC3P4BTqy5xvRprY%2BTY9iA0d4%2F8%3D,0.227797,63089
981719618,NSam-2024-06-08_05-40.WAV,2024 SJWA Thistle NW of Bridge Street Pond,2024,6,8,5,40,Agelaius tricolor,Alternative Song 2,39.0187,39.424,656,7406,24000,(not validated),https://rfcx-streams-production.s3.eu-west-1.amazonaws.com/2024/06/08/6jmq1s53lgv2/1dbcd69c-eb6e-4570-8f35-bb6d0417ffa8.flac?AWSAccessKeyId=AKIA45B7YWBX7MUJ7QCX&Expires=1752791896&Signature=dY9Sc2ZbZex86HbDKuRiZrz1EgE%3D,0.252981,63089
981719619,NSam-2024-06-07_13-40.WAV,2024 SJWA Thistle NW of Bridge Street Pond,2024,6,7,13,40,Agelaius tricolor,Alternative Song 2,29.3813,29.7867,656,7406,24000,(not validated),https://rfcx-streams-production.s3.eu-west-1.amazonaws.com/2024/06/07/6jmq1s53lgv2/fd3959a3-bd28-433e-896f-9b17f8756810.flac?AWSAccessKeyId=AKIA45B7YWBX7MUJ7QCX&Expires=1752791896&Signature=tpQW3ZCFzUzDajTL1pG4HdZ%2FGc8%3D,0.255572,63089
981719620,NSam-2024-06-07_09-00.WAV,2024 SJWA Thistle NW of Bridge Street Pond,2024,6,7,9,0,Agelaius tricolor,Alternative Song 2,14.192,14.5973,656,7406,24000,(not validated),https://rfcx-streams-production.s3.eu-west-1.amazonaws.com/2024/06/07/6jmq1s53lgv2/b1b3ddb2-7df3-445a-85f9-0f836f8ab3da.flac?AWSAccessKeyId=AKIA45B7YWBX7MUJ7QCX&Expires=1752791896&Signature=8jGrCcuq6E1oM0A0AmhjnSrLH%2Fg%3D,0.219435,63089
981719621,NSam-2024-06-07_07-20.WAV,2024 SJWA Thistle NW of Bridge Street Pond,2024,6,7,7,20,Agelaius tricolor,Alternative Song 2,11.2907,11.696,656,7406,24000,(not validated),https://rfcx-streams-production.s3.eu-west-1.amazonaws.com/2024/06/07/6jmq1s53lgv2/6762356d-4415-4973-9be1-3aa739eb1275.flac?AWSAccessKeyId=AKIA45B7YWBX7MUJ7QCX&Expires=1752791896&Signature=toSnp9mskKtlpHc9Mwoc%2F64Tblo%3D,0.208726,63089
981719622,NSam-2024-06-07_12-00.WAV,2024 SJWA Thistle NW of Bridge Street Pond,2024,6,7,12,0,Agelaius tricolor,Alternative Song 2,5.728,6.13333,656,7406,24000,(not validated),https://rfcx-streams-production.s3.eu-west-1.amazonaws.com/2024/06/07/6jmq1s53lgv2/31ab4240-0d17-407c-89c0-14f8e2e429f0.flac?AWSAccessKeyId=AKIA45B7YWBX7MUJ7QCX&Expires=1752791896&Signature=0545sWnEC%2BqiUWVnR9tzveq1Jks%3D,0.262412,63089
981719623,NSam-2024-06-07_19-00.WAV,2024 SJWA Thistle NW of Bridge Street Pond,2024,6,7,19,0,Agelaius tricolor,Alternative Song 2,57.0507,57.456,656,7406,24000,(not validated),https://rfcx-streams-production.s3.eu-west-1.amazonaws.com/2024/06/08/6jmq1s53lgv2/67d2ce75-d98c-4537-87c0-21d4dd5242fb.flac?AWSAccessKeyId=AKIA45B7YWBX7MUJ7QCX&Expires=1752791896&Signature=c4Q0fuUWVwsha94oBg7aUp%2BELNg%3D,0.203089,63089
981719624,NSam-2024-06-07_07-00.WAV,2024 SJWA Thistle NW of Bridge Street Pond,2024,6,7,7,0,Agelaius tricolor,Alternative Song 2,19.488,19.8933,656,7406,24000,(not validated),https://rfcx-streams-production.s3.eu-west-1.amazonaws.com/2024/06/07/6jmq1s53lgv2/12c9a950-c28d-4f56-8d7f-dd89eab93a43.flac?AWSAccessKeyId=AKIA45B7YWBX7MUJ7QCX&Expires=1752791896&Signature=0SD%2FR3zRUTPXn4%2B5xh587dPB%2FMQ%3D,0.226866,63089
981719625,NSam-2024-06-07_16-00.WAV,2024 SJWA Thistle NW of Bridge Street Pond,2024,6,7,16,0,Agelaius tricolor,Alternative Song 2,22.7147,23.12,656,7406,24000,(not validated),https://rfcx-streams-production.s3.eu-west-1.amazonaws.com/2024/06/07/6jmq1s53lgv2/a0b06128-c881-441a-8060-08a44d4a1219.flac?AWSAccessKeyId=AKIA45B7YWBX7MUJ7QCX&Expires=1752791896&Signature=pA9lZu64JBoV7VIzNsqQJKypSkA%3D,0.230024,63089
981719626,NSam-2024-06-07_08-00.WAV,2024 SJWA Thistle NW of Bridge Street Pond,2024,6,7,8,0,Agelaius tricolor,Alternative Song 2,15.824,16.2293,656,7406,24000,(not validated),https://rfcx-streams-production.s3.eu-west-1.amazonaws.com/2024/06/07/6jmq1s53lgv2/bda3c2fe-aa94-4885-ba1d-b6288dcae86a.flac?AWSAccessKeyId=AKIA45B7YWBX7MUJ7QCX&Expires=1752791896&Signature=IcvvnKJplMs7HWrEcsi7M%2BUwrgw%3D,0.236952,63089
981719627,NSam-2024-06-07_08-40.WAV,2024 SJWA Thistle NW of Bridge Street Pond,2024,6,7,8,40,Agelaius tricolor,Alternative Song 2,39.9147,40.32,656,7406,24000,present,https://rfcx-streams-production.s3.eu-west-1.amazonaws.com/2024/06/07/6jmq1s53lgv2/ef1dce89-83e0-42c1-a0a3-5859ae21020e.flac?AWSAccessKeyId=AKIA45B7YWBX7MUJ7QCX&Expires=1752791896&Signature=YlnQpFgHpVo92rxyhzCnqMFjOck%3D,0.244419,63089
981719628,NSam-2024-06-07_10-40.WAV,2024 SJWA Thistle NW of Bridge Street Pond,2024,6,7,10,40,Agelaius tricolor,Alternative Song 2,6.37333,6.77867,656,7406,24000,(not validated),https://rfcx-streams-production.s3.eu-west-1.amazonaws.com/2024/06/07/6jmq1s53lgv2/e795cdef-1df0-4a32-8a95-67fabf920fd4.flac?AWSAccessKeyId=AKIA45B7YWBX7MUJ7QCX&Expires=1752791896&Signature=68Tg6%2FlC5mNsVLbuIqBSn9bQ%2F58%3D,0.248665,63089
981719629,NSam-2024-06-07_05-00.WAV,2024 SJWA Thistle NW of Bridge Street Pond,2024,6,7,5,0,Agelaius tricolor,Alternative Song 2,47.7493,48.1547,656,7406,24000,(not validated),https://rfcx-streams-production.s3.eu-west-1.amazonaws.com/2024/06/07/6jmq1s53lgv2/9750e484-0922-42cb-8f64-b4ffdf7beaf6.flac?AWSAccessKeyId=AKIA45B7YWBX7MUJ7QCX&Expires=1752791896&Signature=YkfGn%2BhQsHAmbUc35KmH3TODLfQ%3D,0.217132,63089
981719630,NSam-2024-06-07_15-40.WAV,2024 SJWA Thistle NW of Bridge Street Pond,2024,6,7,15,40,Agelaius tricolor,Alternative Song 2,13.5413,13.9467,656,7406,24000,(not validated),https://rfcx-streams-production.s3.eu-west-1.amazonaws.com/2024/06/07/6jmq1s53lgv2/01902789-49a1-422b-ae22-2e69f2fe0e31.flac?AWSAccessKeyId=AKIA45B7YWBX7MUJ7QCX&Expires=1752791896&Signature=hbWxN0mHtV9lhCXXH1z1IOt95W4%3D,0.242454,63089
981719631,NSam-2024-06-07_14-20.WAV,2024 SJWA Thistle NW of Bridge Street Pond,2024,6,7,14,20,Agelaius tricolor,Alternative Song 2,11.184,11.5893,656,7406,24000,(not validated),https://rfcx-streams-production.s3.eu-west-1.amazonaws.com/2024/06/07/6jmq1s53lgv2/3c6014bb-9f3e-44f8-b915-5194bed19c6c.flac?AWSAccessKeyId=AKIA45B7YWBX7MUJ7QCX&Expires=1752791896&Signature=vGFm%2BkGN0zCzg2jgWrLBzCXAUOc%3D,0.217538,63089
981719632,NSam-2024-06-07_06-20.WAV,2024 SJWA Thistle NW of Bridge Street Pond,2024,6,7,6,20,Agelaius tricolor,Alternative Song 2,19.1307,19.536,656,7406,24000,(not validated),https://rfcx-streams-production.s3.eu-west-1.amazonaws.com/2024/06/07/6jmq1s53lgv2/82f6d7dd-a09e-4248-ad6b-46875208f4c4.flac?AWSAccessKeyId=AKIA45B7YWBX7MUJ7QCX&Expires=1752791896&Signature=Y0WPj3RceYHoZ7Y7JYW5%2FP5Lu1o%3D,0.246799,63089
981719633,NSam-2024-06-06_19-20.WAV,2024 SJWA Thistle NW of Bridge Street Pond,2024,6,6,19,20,Agelaius tricolor,Alternative Song 2,50.08,50.4853,656,7406,24000,(not validated),https://rfcx-streams-production.s3.eu-west-1.amazonaws.com/2024/06/07/6jmq1s53lgv2/b2ec995d-e03b-48fd-b0ec-f42da3b1a994.flac?AWSAccessKeyId=AKIA45B7YWBX7MUJ7QCX&Expires=1752791896&Signature=5igw3%2BuvJvhq3U7RR3afbtRNUW0%3D,0.256926,63089
981719634,NSam-2024-06-06_17-20.WAV,2024 SJWA Thistle NW of Bridge Street Pond,2024,6,6,17,20,Agelaius tricolor,Alternative Song 2,12.6293,13.0347,656,7406,24000,(not validated),https://rfcx-streams-production.s3.eu-west-1.amazonaws.com/2024/06/07/6jmq1s53lgv2/89dfd8a8-3dad-48f1-b765-78034ecc3c9e.flac?AWSAccessKeyId=AKIA45B7YWBX7MUJ7QCX&Expires=1752791896&Signature=AA80xbZsP434tCMtVUaHb%2B91RCA%3D,0.258094,63089
981719635,NSam-2024-06-06_16-40.WAV,2024 SJWA Thistle NW of Bridge Street Pond,2024,6,6,16,40,Agelaius tricolor,Alternative Song 2,30.2453,30.6507,656,7406,24000,(not validated),https://rfcx-streams-production.s3.eu-west-1.amazonaws.com/2024/06/06/6jmq1s53lgv2/c5e831fd-804d-4044-bb81-62a9b111e09c.flac?AWSAccessKeyId=AKIA45B7YWBX7MUJ7QCX&Expires=1752791896&Signature=6vuyV5L3NGTicvWPCUdFgeOkNJ8%3D,0.224284,63089
981719636,NSam-2024-06-07_06-40.WAV,2024 SJWA Thistle NW of Bridge Street Pond,2024,6,7,6,40,Agelaius tricolor,Alternative Song 2,58.8427,59.248,656,7406,24000,(not validated),https://rfcx-streams-production.s3.eu-west-1.amazonaws.com/2024/06/07/6jmq1s53lgv2/2d0baf7a-7d97-492a-b806-a41fc0192389.flac?AWSAccessKeyId=AKIA45B7YWBX7MUJ7QCX&Expires=1752791896&Signature=fp1Y0VV5swcJsj4mIf7JeTsdN8o%3D,0.231931,63089
981719637,NSam-2024-06-07_06-00.WAV,2024 SJWA Thistle NW of Bridge Street Pond,2024,6,7,6,0,Agelaius tricolor,Alternative Song 2,12.9547,13.36,656,7406,24000,(not validated),https://rfcx-streams-production.s3.eu-west-1.amazonaws.com/2024/06/07/6jmq1s53lgv2/f5903083-d8bf-49ea-ad19-c33eab3ad715.flac?AWSAccessKeyId=AKIA45B7YWBX7MUJ7QCX&Expires=1752791896&Signature=P3M1upkN7CGlSc4hHlYEZ9jr644%3D,0.205154,63089
981719638,NSam-2024-06-06_13-20.WAV,2024 SJWA Thistle NW of Bridge Street Pond,2024,6,6,13,20,Agelaius tricolor,Alternative Song 2,50.0533,50.4587,656,7406,24000,present,https://rfcx-streams-production.s3.eu-west-1.amazonaws.com/2024/06/06/6jmq1s53lgv2/6fa12242-b56c-4875-b8a8-31da7b48d2c0.flac?AWSAccessKeyId=AKIA45B7YWBX7MUJ7QCX&Expires=1752791896&Signature=fMqvqnK0mfwuIex%2Bnw0iWjPryro%3D,0.273375,63089
981719639,NSam-2024-06-06_15-40.WAV,2024 SJWA Thistle NW of Bridge Street Pond,2024,6,6,15,40,Agelaius tricolor,Alternative Song 2,9.16267,9.568,656,7406,24000,(not validated),https://rfcx-streams-production.s3.eu-west-1.amazonaws.com/2024/06/06/6jmq1s53lgv2/663c1294-0db7-403c-bb07-40482d3c69a4.flac?AWSAccessKeyId=AKIA45B7YWBX7MUJ7QCX&Expires=1752791896&Signature=p82L97Oyue1T24HPiiY7vV5%2F7fQ%3D,0.260184,63089
981719640,NSam-2024-06-07_05-40.WAV,2024 SJWA Thistle NW of Bridge Street Pond,2024,6,7,5,40,Agelaius tricolor,Alternative Song 2,55.6587,56.064,656,7406,24000,(not validated),https://rfcx-streams-production.s3.eu-west-1.amazonaws.com/2024/06/07/6jmq1s53lgv2/43eb0b73-b9e7-47b5-a4d8-dbb6c43be8bf.flac?AWSAccessKeyId=AKIA45B7YWBX7MUJ7QCX&Expires=1752791896&Signature=39BxOv0u0ic6ru9O43fnXWj8qgY%3D,0.2764,63089
981719641,NSam-2024-06-06_14-40.WAV,2024 SJWA Thistle NW of Bridge Street Pond,2024,6,6,14,40,Agelaius tricolor,Alternative Song 2,45.056,45.4613,656,7406,24000,(not validated),https://rfcx-streams-production.s3.eu-west-1.amazonaws.com/2024/06/06/6jmq1s53lgv2/d8ed3f2f-038f-40b2-85c7-8a7b16cc6382.flac?AWSAccessKeyId=AKIA45B7YWBX7MUJ7QCX&Expires=1752791896&Signature=ooRgf3nctgzCTkRhBfWWZgLqmk8%3D,0.2767,63089
981719642,NSam-2024-06-06_12-00.WAV,2024 SJWA Thistle NW of Bridge Street Pond,2024,6,6,12,0,Agelaius tricolor,Alternative Song 2,11.136,11.5413,656,7406,24000,present,https://rfcx-streams-production.s3.eu-west-1.amazonaws.com/2024/06/06/6jmq1s53lgv2/1c792f6e-3a4f-4eaf-9816-6c298bc8ea55.flac?AWSAccessKeyId=AKIA45B7YWBX7MUJ7QCX&Expires=1752791896&Signature=UfqxO3SoI3FLNJO8ZdsDsB3rCVo%3D,0.217205,63089
981719643,NSam-2024-06-06_11-20.WAV,2024 SJWA Thistle NW of Bridge Street Pond,2024,6,6,11,20,Agelaius tricolor,Alternative Song 2,18.1013,18.5067,656,7406,24000,(not validated),https://rfcx-streams-production.s3.eu-west-1.amazonaws.com/2024/06/06/6jmq1s53lgv2/07457eeb-5407-4019-a525-83193975e08c.flac?AWSAccessKeyId=AKIA45B7YWBX7MUJ7QCX&Expires=1752791896&Signature=p1Gi%2BurdLIJ9hTmn6xRVyp51Ufw%3D,0.237385,63089
981719644,NSam-2024-06-06_09-00.WAV,2024 SJWA Thistle NW of Bridge Street Pond,2024,6,6,9,0,Agelaius tricolor,Alternative Song 2,8.70933,9.11467,656,7406,24000,(not validated),https://rfcx-streams-production.s3.eu-west-1.amazonaws.com/2024/06/06/6jmq1s53lgv2/3d6a3077-2cfe-4a56-9e11-1e4ed1c690a9.flac?AWSAccessKeyId=AKIA45B7YWBX7MUJ7QCX&Expires=1752791896&Signature=XshUT%2FSkQpSLGItaRnkwgmyFNZY%3D,0.229424,63089
981719645,NSam-2024-06-06_11-40.WAV,2024 SJWA Thistle NW of Bridge Street Pond,2024,6,6,11,40,Agelaius tricolor,Alternative Song 2,9.90933,10.3147,656,7406,24000,present,https://rfcx-streams-production.s3.eu-west-1.amazonaws.com/2024/06/06/6jmq1s53lgv2/9fb22165-f5a6-465f-87c9-0213cdf3099c.flac?AWSAccessKeyId=AKIA45B7YWBX7MUJ7QCX&Expires=1752791896&Signature=1qsylFaMrPABmoO7Y0%2Fa55MzSl0%3D,0.208628,63089
981719646,NSam-2024-06-06_20-00.WAV,2024 SJWA Thistle NW of Bridge Street Pond,2024,6,6,20,0,Agelaius tricolor,Alternative Song 2,53.248,53.6533,656,7406,24000,(not validated),https://rfcx-streams-production.s3.eu-west-1.amazonaws.com/2024/06/07/6jmq1s53lgv2/17d745b7-5da7-4b5c-99f5-be992e81f54b.flac?AWSAccessKeyId=AKIA45B7YWBX7MUJ7QCX&Expires=1752791896&Signature=giYOWElLcVuM13jZEW7gyD3ACoo%3D,0.2097,63089
981719647,NSam-2024-06-06_18-20.WAV,2024 SJWA Thistle NW of Bridge Street Pond,2024,6,6,18,20,Agelaius tricolor,Alternative Song 2,49.4293,49.8347,656,7406,24000,(not validated),https://rfcx-streams-production.s3.eu-west-1.amazonaws.com/2024/06/07/6jmq1s53lgv2/f672de96-0251-4d63-9e1b-5144835d6367.flac?AWSAccessKeyId=AKIA45B7YWBX7MUJ7QCX&Expires=1752791896&Signature=dRyAsFzcpnPPcnYC01INjM2gXgc%3D,0.239414,63089
981719648,NSam-2024-06-06_18-40.WAV,2024 SJWA Thistle NW of Bridge Street Pond,2024,6,6,18,40,Agelaius tricolor,Alternative Song 2,49.9147,50.32,656,7406,24000,(not validated),https://rfcx-streams-production.s3.eu-west-1.amazonaws.com/2024/06/07/6jmq1s53lgv2/f5171011-826c-4c4b-aa1f-e080f2756460.flac?AWSAccessKeyId=AKIA45B7YWBX7MUJ7QCX&Expires=1752791896&Signature=e9cO63GlTuHhcJ%2B59vB4Hyf14d0%3D,0.228109,63089
981719649,NSam-2024-06-06_07-40.WAV,2024 SJWA Thistle NW of Bridge Street Pond,2024,6,6,7,40,Agelaius tricolor,Alternative Song 2,56.896,57.3013,656,7406,24000,(not validated),https://rfcx-streams-production.s3.eu-west-1.amazonaws.com/2024/06/06/6jmq1s53lgv2/27df5b5d-ecac-4b2d-b4b6-696f82d022b8.flac?AWSAccessKeyId=AKIA45B7YWBX7MUJ7QCX&Expires=1752791896&Signature=JQI8TufBX3gBuRu1IVP3qPn2gsg%3D,0.299675,63089
981719650,NSam-2024-06-06_19-40.WAV,2024 SJWA Thistle NW of Bridge Street Pond,2024,6,6,19,40,Agelaius tricolor,Alternative Song 2,24.7733,25.1787,656,7406,24000,(not validated),https://rfcx-streams-production.s3.eu-west-1.amazonaws.com/2024/06/07/6jmq1s53lgv2/f7f91593-899f-401e-ad2a-cb4bd396a284.flac?AWSAccessKeyId=AKIA45B7YWBX7MUJ7QCX&Expires=1752791896&Signature=l4qUnVJMvAZunmWcCtosfIDXd54%3D,0.240691,63089
981719651,NSam-2024-06-06_08-00.WAV,2024 SJWA Thistle NW of Bridge Street Pond,2024,6,6,8,0,Agelaius tricolor,Alternative Song 2,36.6773,37.0827,656,7406,24000,present,https://rfcx-streams-production.s3.eu-west-1.amazonaws.com/2024/06/06/6jmq1s53lgv2/f4ee0939-df3e-4bfb-92a0-1b2c80072367.flac?AWSAccessKeyId=AKIA45B7YWBX7MUJ7QCX&Expires=1752791896&Signature=ghr95OFq6pcw7repFaiCpnDUNvQ%3D,0.29366,63089
981719652,NSam-2024-06-06_07-20.WAV,2024 SJWA Thistle NW of Bridge Street Pond,2024,6,6,7,20,Agelaius tricolor,Alternative Song 2,0.832,1.23733,656,7406,24000,present,https://rfcx-streams-production.s3.eu-west-1.amazonaws.com/2024/06/06/6jmq1s53lgv2/ed0e0836-d690-4c66-964d-9e7f3e976eaf.flac?AWSAccessKeyId=AKIA45B7YWBX7MUJ7QCX&Expires=1752791896&Signature=pxDhQM%2FHC9x3sCT51Pdfx9dkSSM%3D,0.20727,63089
981719653,NSam-2024-06-06_07-00.WAV,2024 SJWA Thistle NW of Bridge Street Pond,2024,6,6,7,0,Agelaius tricolor,Alternative Song 2,9.888,10.2933,656,7406,24000,(not validated),https://rfcx-streams-production.s3.eu-west-1.amazonaws.com/2024/06/06/6jmq1s53lgv2/fc19141b-44bf-4966-9b0f-a1a505397e4a.flac?AWSAccessKeyId=AKIA45B7YWBX7MUJ7QCX&Expires=1752791896&Signature=UA%2F%2BJ%2FcM7HWhx1m53kGhIi6y5Q8%3D,0.252446,63089
981719654,NSam-2024-06-06_06-00.WAV,2024 SJWA Thistle NW of Bridge Street Pond,2024,6,6,6,0,Agelaius tricolor,Alternative Song 2,29.072,29.4773,656,7406,24000,(not validated),https://rfcx-streams-production.s3.eu-west-1.amazonaws.com/2024/06/06/6jmq1s53lgv2/6864aba5-2dcd-4537-9235-4fcf6fc21cbb.flac?AWSAccessKeyId=AKIA45B7YWBX7MUJ7QCX&Expires=1752791896&Signature=5wWf5bXigPmhje7qA2Mat%2FpWCL4%3D,0.224346,63089
981719655,NSam-2024-06-06_16-00.WAV,2024 SJWA Thistle NW of Bridge Street Pond,2024,6,6,16,0,Agelaius tricolor,Alternative Song 2,36.8907,37.296,656,7406,24000,(not validated),https://rfcx-streams-production.s3.eu-west-1.amazonaws.com/2024/06/06/6jmq1s53lgv2/366520c0-262a-4e8a-890b-1671dce8e8e7.flac?AWSAccessKeyId=AKIA45B7YWBX7MUJ7QCX&Expires=1752791896&Signature=1n%2B%2BLDmJnnCtVAye8Jk8%2BZfRcCI%3D,0.200786,63089
981719656,NSam-2024-06-06_15-20.WAV,2024 SJWA Thistle NW of Bridge Street Pond,2024,6,6,15,20,Agelaius tricolor,Alternative Song 2,24.608,25.0133,656,7406,24000,(not validated),https://rfcx-streams-production.s3.eu-west-1.amazonaws.com/2024/06/06/6jmq1s53lgv2/f12eba6d-cdd7-4e3f-9907-8c87941276c3.flac?AWSAccessKeyId=AKIA45B7YWBX7MUJ7QCX&Expires=1752791896&Signature=jl%2BFukpmI%2FyoeOYEn8AtbJdo0jw%3D,0.254056,63089
981719657,NSam-2024-06-06_08-20.WAV,2024 SJWA Thistle NW of Bridge Street Pond,2024,6,6,8,20,Agelaius tricolor,Alternative Song 2,35.6,36.0053,656,7406,24000,(not validated),https://rfcx-streams-production.s3.eu-west-1.amazonaws.com/2024/06/06/6jmq1s53lgv2/a99f0f80-d5cc-4530-9fdb-0ce2a8e0ea02.flac?AWSAccessKeyId=AKIA45B7YWBX7MUJ7QCX&Expires=1752791896&Signature=7TGeZtPj15TS5GAHk0arjRDIWm8%3D,0.273209,63089
981719658,NSam-2024-06-06_06-20.WAV,2024 SJWA Thistle NW of Bridge Street Pond,2024,6,6,6,20,Agelaius tricolor,Alternative Song 2,18.6453,19.0507,656,7406,24000,(not validated),https://rfcx-streams-production.s3.eu-west-1.amazonaws.com/2024/06/06/6jmq1s53lgv2/27ee226d-f732-4bda-b70c-f9461e1f6cb0.flac?AWSAccessKeyId=AKIA45B7YWBX7MUJ7QCX&Expires=1752791896&Signature=CPZO837r37mznXhnMVAnU3Przck%3D,0.223636,63089
981719659,NSam-2024-06-06_05-40.WAV,2024 SJWA Thistle NW of Bridge Street Pond,2024,6,6,5,40,Agelaius tricolor,Alternative Song 2,11.9147,12.32,656,7406,24000,(not validated),https://rfcx-streams-production.s3.eu-west-1.amazonaws.com/2024/06/06/6jmq1s53lgv2/d204a8b6-a4f4-43dc-b818-abbaab604d40.flac?AWSAccessKeyId=AKIA45B7YWBX7MUJ7QCX&Expires=1752791896&Signature=oAmoLo9WpGpCr4nzWFGdXLII9l0%3D,0.258676,63089
981719660,NSam-2024-06-06_14-20.WAV,2024 SJWA Thistle NW of Bridge Street Pond,2024,6,6,14,20,Agelaius tricolor,Alternative Song 2,13.792,14.1973,656,7406,24000,present,https://rfcx-streams-production.s3.eu-west-1.amazonaws.com/2024/06/06/6jmq1s53lgv2/2c1ad6b6-642f-4ddd-bb59-8c96f5f1a641.flac?AWSAccessKeyId=AKIA45B7YWBX7MUJ7QCX&Expires=1752791896&Signature=GWM733repF%2F5zsptYYbUYv7hRKo%3D,0.295216,63089
981719661,NSam-2024-06-06_11-00.WAV,2024 SJWA Thistle NW of Bridge Street Pond,2024,6,6,11,0,Agelaius tricolor,Alternative Song 2,17.8987,18.304,656,7406,24000,(not validated),https://rfcx-streams-production.s3.eu-west-1.amazonaws.com/2024/06/06/6jmq1s53lgv2/99cad27b-16f5-4742-bf57-2d0646c457f0.flac?AWSAccessKeyId=AKIA45B7YWBX7MUJ7QCX&Expires=1752791896&Signature=O%2FiMrBSpfOGIxbSfCCSWRuW7QMI%3D,0.209506,63089
981719662,NSam-2024-06-06_06-40.WAV,2024 SJWA Thistle NW of Bridge Street Pond,2024,6,6,6,40,Agelaius tricolor,Alternative Song 2,50.8373,51.2427,656,7406,24000,(not validated),https://rfcx-streams-production.s3.eu-west-1.amazonaws.com/2024/06/06/6jmq1s53lgv2/03b30277-3fb6-4f1a-85d4-20e096ec906b.flac?AWSAccessKeyId=AKIA45B7YWBX7MUJ7QCX&Expires=1752791896&Signature=IsqiiZVnfpL4lKhEHfqa0rZyFzQ%3D,0.301994,63089
981719663,NSam-2024-06-06_08-40.WAV,2024 SJWA Thistle NW of Bridge Street Pond,2024,6,6,8,40,Agelaius tricolor,Alternative Song 2,3.82933,4.23467,656,7406,24000,(not validated),https://rfcx-streams-production.s3.eu-west-1.amazonaws.com/2024/06/06/6jmq1s53lgv2/3643260e-2efe-4939-9d6b-12a20ae7d2e3.flac?AWSAccessKeyId=AKIA45B7YWBX7MUJ7QCX&Expires=1752791896&Signature=6mBwRg%2BB9HMQOb%2BUD6ioWCHfjsI%3D,0.229935,63089
981719664,NSam-2024-06-05_19-20.WAV,2024 SJWA Thistle NW of Bridge Street Pond,2024,6,5,19,20,Agelaius tricolor,Alternative Song 2,24.704,25.1093,656,7406,24000,(not validated),https://rfcx-streams-production.s3.eu-west-1.amazonaws.com/2024/06/06/6jmq1s53lgv2/19623cc0-e87b-4a10-a66d-0dd1ab26c5e2.flac?AWSAccessKeyId=AKIA45B7YWBX7MUJ7QCX&Expires=1752791896&Signature=gTFaW8cIWQh8v4qyECypaEH4T2M%3D,0.238686,63089
981719665,NSam-2024-06-06_05-20.WAV,2024 SJWA Thistle NW of Bridge Street Pond,2024,6,6,5,20,Agelaius tricolor,Alternative Song 2,45.568,45.9733,656,7406,24000,(not validated),https://rfcx-streams-production.s3.eu-west-1.amazonaws.com/2024/06/06/6jmq1s53lgv2/572a895e-2f0e-4c4d-b4b8-f32e97a9bb49.flac?AWSAccessKeyId=AKIA45B7YWBX7MUJ7QCX&Expires=1752791896&Signature=CFjylkSNRdafCIstzI%2FS%2Bd3O8pg%3D,0.287184,63089
981719666,NSam-2024-06-05_17-40.WAV,2024 SJWA Thistle NW of Bridge Street Pond,2024,6,5,17,40,Agelaius tricolor,Alternative Song 2,51.6533,52.0587,656,7406,24000,(not validated),https://rfcx-streams-production.s3.eu-west-1.amazonaws.com/2024/06/06/6jmq1s53lgv2/c4d6675a-f251-4136-b181-ff578427446b.flac?AWSAccessKeyId=AKIA45B7YWBX7MUJ7QCX&Expires=1752791896&Signature=yIUA28MdDNfCJtZxGGlCZthFln4%3D,0.209991,63089
981719667,NSam-2024-06-05_20-00.WAV,2024 SJWA Thistle NW of Bridge Street Pond,2024,6,5,20,0,Agelaius tricolor,Alternative Song 2,7.89333,8.29867,656,7406,24000,(not validated),https://rfcx-streams-production.s3.eu-west-1.amazonaws.com/2024/06/06/6jmq1s53lgv2/6338e39b-620f-4a5a-9c27-5f7af4a0bbe9.flac?AWSAccessKeyId=AKIA45B7YWBX7MUJ7QCX&Expires=1752791896&Signature=z8NUgZImLBoVNiB4PbL09bG%2BY3s%3D,0.205068,63089
981719668,NSam-2024-06-05_19-00.WAV,2024 SJWA Thistle NW of Bridge Street Pond,2024,6,5,19,0,Agelaius tricolor,Alternative Song 2,48.5493,48.9547,656,7406,24000,(not validated),https://rfcx-streams-production.s3.eu-west-1.amazonaws.com/2024/06/06/6jmq1s53lgv2/add3c9b0-ce8d-4d0a-b0a5-64369b98875b.flac?AWSAccessKeyId=AKIA45B7YWBX7MUJ7QCX&Expires=1752791896&Signature=nyIpFXBaTvRRnSU2ozhVXRWqGrk%3D,0.235054,63089
981719669,NSam-2024-06-05_19-40.WAV,2024 SJWA Thistle NW of Bridge Street Pond,2024,6,5,19,40,Agelaius tricolor,Alternative Song 2,37.728,38.1333,656,7406,24000,(not validated),https://rfcx-streams-production.s3.eu-west-1.amazonaws.com/2024/06/06/6jmq1s53lgv2/5df4537e-1a73-4be1-aa7a-51d245da29d7.flac?AWSAccessKeyId=AKIA45B7YWBX7MUJ7QCX&Expires=1752791896&Signature=pCJoeybNtFhyybqioNSOdzyipEY%3D,0.202211,63089
981719670,NSam-2024-06-05_14-40.WAV,2024 SJWA Thistle NW of Bridge Street Pond,2024,6,5,14,40,Agelaius tricolor,Alternative Song 2,43.3173,43.7227,656,7406,24000,present,https://rfcx-streams-production.s3.eu-west-1.amazonaws.com/2024/06/05/6jmq1s53lgv2/242dbe6f-b006-441a-a4d8-03b5403399a5.flac?AWSAccessKeyId=AKIA45B7YWBX7MUJ7QCX&Expires=1752791896&Signature=UpIUie0XvCUef%2B638UEY5LAP5Gw%3D,0.263246,63089
981719671,NSam-2024-06-05_18-00.WAV,2024 SJWA Thistle NW of Bridge Street Pond,2024,6,5,18,0,Agelaius tricolor,Alternative Song 2,39.5627,39.968,656,7406,24000,(not validated),https://rfcx-streams-production.s3.eu-west-1.amazonaws.com/2024/06/06/6jmq1s53lgv2/61a02716-a3a3-4940-8472-10e789cbc2f2.flac?AWSAccessKeyId=AKIA45B7YWBX7MUJ7QCX&Expires=1752791896&Signature=23SFc69hTbRWqA%2BlW%2FXVJ5HXv74%3D,0.22462,63089
981719672,NSam-2024-06-05_17-20.WAV,2024 SJWA Thistle NW of Bridge Street Pond,2024,6,5,17,20,Agelaius tricolor,Alternative Song 2,0.245333,0.650667,656,7406,24000,(not validated),https://rfcx-streams-production.s3.eu-west-1.amazonaws.com/2024/06/06/6jmq1s53lgv2/d7d5dd91-b541-4ef1-8c92-e55fdd6fe62e.flac?AWSAccessKeyId=AKIA45B7YWBX7MUJ7QCX&Expires=1752791896&Signature=%2B1YadedyEcbZDiSk7HREHEItFH4%3D,0.221479,63089
981719673,NSam-2024-06-05_17-00.WAV,2024 SJWA Thistle NW of Bridge Street Pond,2024,6,5,17,0,Agelaius tricolor,Alternative Song 2,32.304,32.7093,656,7406,24000,(not validated),https://rfcx-streams-production.s3.eu-west-1.amazonaws.com/2024/06/06/6jmq1s53lgv2/4927bb40-dacd-4bbe-a0bf-ddccfe457e4f.flac?AWSAccessKeyId=AKIA45B7YWBX7MUJ7QCX&Expires=1752791896&Signature=z8H4A7ZAZMXaD4b6n3pEEoTpgUI%3D,0.241422,63089
981719674,NSam-2024-06-05_15-40.WAV,2024 SJWA Thistle NW of Bridge Street Pond,2024,6,5,15,40,Agelaius tricolor,Alternative Song 2,16.3093,16.7147,656,7406,24000,(not validated),https://rfcx-streams-production.s3.eu-west-1.amazonaws.com/2024/06/05/6jmq1s53lgv2/c52aa9e6-ee0a-49fa-9d2d-64139f69e19d.flac?AWSAccessKeyId=AKIA45B7YWBX7MUJ7QCX&Expires=1752791896&Signature=QIfScSDLR3XzEMNbpb%2BSWmN9vSs%3D,0.208497,63089
981719675,NSam-2024-06-05_14-20.WAV,2024 SJWA Thistle NW of Bridge Street Pond,2024,6,5,14,20,Agelaius tricolor,Alternative Song 2,42.8107,43.216,656,7406,24000,present,https://rfcx-streams-production.s3.eu-west-1.amazonaws.com/2024/06/05/6jmq1s53lgv2/bae91a14-84f7-446b-ae4c-0c0542d378fb.flac?AWSAccessKeyId=AKIA45B7YWBX7MUJ7QCX&Expires=1752791896&Signature=RT3L1RB%2BuvLNTh6%2BdxBwpxu1SNI%3D,0.203093,63089
981719676,NSam-2024-06-05_11-20.WAV,2024 SJWA Thistle NW of Bridge Street Pond,2024,6,5,11,20,Agelaius tricolor,Alternative Song 2,32.6293,33.0347,656,7406,24000,(not validated),https://rfcx-streams-production.s3.eu-west-1.amazonaws.com/2024/06/05/6jmq1s53lgv2/ba24ffd0-bb1f-4ff3-b19a-ad7e0dddced2.flac?AWSAccessKeyId=AKIA45B7YWBX7MUJ7QCX&Expires=1752791896&Signature=4Wo8WhcJjs102TYiX2Gf3pt3xHM%3D,0.243974,63089
981719677,NSam-2024-06-05_13-20.WAV,2024 SJWA Thistle NW of Bridge Street Pond,2024,6,5,13,20,Agelaius tricolor,Alternative Song 2,53.872,54.2773,656,7406,24000,(not validated),https://rfcx-streams-production.s3.eu-west-1.amazonaws.com/2024/06/05/6jmq1s53lgv2/a7a82d3b-3306-4830-b5cf-4387b5a311cf.flac?AWSAccessKeyId=AKIA45B7YWBX7MUJ7QCX&Expires=1752791896&Signature=3DjDCuTsvOEOoeMBq23psbhHKXQ%3D,0.259769,63089
981719678,NSam-2024-06-05_13-00.WAV,2024 SJWA Thistle NW of Bridge Street Pond,2024,6,5,13,0,Agelaius tricolor,Alternative Song 2,19.9467,20.352,656,7406,24000,(not validated),https://rfcx-streams-production.s3.eu-west-1.amazonaws.com/2024/06/05/6jmq1s53lgv2/ecce980c-74bf-46d3-a777-6064620fa158.flac?AWSAccessKeyId=AKIA45B7YWBX7MUJ7QCX&Expires=1752791896&Signature=l9wuXfNSg1isctk4pmSoOp357kg%3D,0.200855,63089
981719679,NSam-2024-06-05_12-00.WAV,2024 SJWA Thistle NW of Bridge Street Pond,2024,6,5,12,0,Agelaius tricolor,Alternative Song 2,11.28,11.6853,656,7406,24000,(not validated),https://rfcx-streams-production.s3.eu-west-1.amazonaws.com/2024/06/05/6jmq1s53lgv2/5fa66722-ba08-4e37-961a-2397fbc780d2.flac?AWSAccessKeyId=AKIA45B7YWBX7MUJ7QCX&Expires=1752791896&Signature=e3BTZ%2BMt%2FMKDlVyX45b5hOIj15A%3D,0.237122,63089
981719680,NSam-2024-06-05_09-20.WAV,2024 SJWA Thistle NW of Bridge Street Pond,2024,6,5,9,20,Agelaius tricolor,Alternative Song 2,39.1467,39.552,656,7406,24000,(not validated),https://rfcx-streams-production.s3.eu-west-1.amazonaws.com/2024/06/05/6jmq1s53lgv2/e841c187-6556-4106-a113-cb294010ccdf.flac?AWSAccessKeyId=AKIA45B7YWBX7MUJ7QCX&Expires=1752791896&Signature=WPRR6L%2FOz2pozC9bdK3pTD8TXTo%3D,0.218443,63089
981719681,NSam-2024-06-05_10-40.WAV,2024 SJWA Thistle NW of Bridge Street Pond,2024,6,5,10,40,Agelaius tricolor,Alternative Song 2,32.656,33.0613,656,7406,24000,(not validated),https://rfcx-streams-production.s3.eu-west-1.amazonaws.com/2024/06/05/6jmq1s53lgv2/cfa6bc4a-3855-4fb3-b5fc-777f554b80ed.flac?AWSAccessKeyId=AKIA45B7YWBX7MUJ7QCX&Expires=1752791896&Signature=6ZWi%2FZvqmjOdskPvJXm0rSjwUiQ%3D,0.212715,63089
981719682,NSam-2024-06-05_10-00.WAV,2024 SJWA Thistle NW of Bridge Street Pond,2024,6,5,10,0,Agelaius tricolor,Alternative Song 2,27.8613,28.2667,656,7406,24000,(not validated),https://rfcx-streams-production.s3.eu-west-1.amazonaws.com/2024/06/05/6jmq1s53lgv2/ffe1fbcf-acd6-46f1-a640-f4e60b9a9902.flac?AWSAccessKeyId=AKIA45B7YWBX7MUJ7QCX&Expires=1752791896&Signature=8IUaaC2AiOg8%2BmbkaCEn3krYGvs%3D,0.336024,63089
981719683,NSam-2024-06-05_11-00.WAV,2024 SJWA Thistle NW of Bridge Street Pond,2024,6,5,11,0,Agelaius tricolor,Alternative Song 2,7.312,7.71733,656,7406,24000,(not validated),https://rfcx-streams-production.s3.eu-west-1.amazonaws.com/2024/06/05/6jmq1s53lgv2/e32ef31c-8992-40fe-b813-5e1330eaf5ed.flac?AWSAccessKeyId=AKIA45B7YWBX7MUJ7QCX&Expires=1752791896&Signature=IWGBzrXJekf7Cddok8ddU0mMZbM%3D,0.224573,63089
