id,recording,site,year,month,day,hour,minute,species,songtype,x1,x2,y1,y2,frequency,validated,url,score,site_id
1082035385,K1am-2024-07-09_19-20.WAV,2024 Kern 1 - check lat lon,2024,7,9,19,20,sp33,Simple Call,11.6213,13.1627,3656,4688,24000,(not validated),https://rfcx-streams-production.s3.eu-west-1.amazonaws.com/2024/07/10/u783i74g98wc/64e98f0d-e2d5-4c6e-813c-92637223eb9d.flac?AWSAccessKeyId=AKIA45B7YWBX7MUJ7QCX&Expires=1766190440&Signature=BN2MRm8CZVe7az4RmcHxTftvMlA%3D,0.210295,65456
1082035386,K1am-2024-07-09_17-00.WAV,2024 Kern 1 - check lat lon,2024,7,9,17,0,sp33,Simple Call,45.472,47.0133,3656,4688,24000,(not validated),https://rfcx-streams-production.s3.eu-west-1.amazonaws.com/2024/07/10/u783i74g98wc/8b43b6b1-e57d-4087-baa9-a279ca46fc05.flac?AWSAccessKeyId=AKIA45B7YWBX7MUJ7QCX&Expires=1766190440&Signature=GFJv%2FoHM3jfhoqNgHNV5kVM1%2FjE%3D,0.275814,65456
1082035387,K1am-2024-07-09_07-40.WAV,2024 Kern 1 - check lat lon,2024,7,9,7,40,sp33,Simple Call,48.608,50.1493,3656,4688,24000,(not validated),https://rfcx-streams-production.s3.eu-west-1.amazonaws.com/2024/07/09/u783i74g98wc/a12aaead-f6d5-4f8d-aa3c-0ea257700aaa.flac?AWSAccessKeyId=AKIA45B7YWBX7MUJ7QCX&Expires=1766190440&Signature=m9NwYasyvpYQH4ppC0ILszIZuQo%3D,0.25072,65456
1082035388,K1am-2024-07-09_06-20.WAV,2024 Kern 1 - check lat lon,2024,7,9,6,20,sp33,Simple Call,4.528,6.06933,3656,4688,24000,(not validated),https://rfcx-streams-production.s3.eu-west-1.amazonaws.com/2024/07/09/u783i74g98wc/b46c16c7-e7c9-46d0-86da-27854bf6c023.flac?AWSAccessKeyId=AKIA45B7YWBX7MUJ7QCX&Expires=1766190440&Signature=l59tuYLSpuYWTk2iar%2Boq3KHCdI%3D,0.203799,65456
1082035490,K1am-2024-06-27_20-20.WAV,2024 Kern 1 - check lat lon,2024,6,27,20,20,sp33,Simple Call,13.68,15.2213,3656,4688,24000,(not validated),https://rfcx-streams-production.s3.eu-west-1.amazonaws.com/2024/06/28/u783i74g98wc/167622a4-98fb-43ab-a376-1b21c43d9c9d.flac?AWSAccessKeyId=AKIA45B7YWBX7MUJ7QCX&Expires=1766190440&Signature=KCSRyUSRsP89U9NOuzj0NtE0UOA%3D,0.217042,65456
1082035491,K1am-2024-06-27_10-20.WAV,2024 Kern 1 - check lat lon,2024,6,27,10,20,sp33,Simple Call,13.472,15.0133,3656,4688,24000,(not validated),https://rfcx-streams-production.s3.eu-west-1.amazonaws.com/2024/06/27/u783i74g98wc/a582c1a6-17d7-4c45-8bd3-8ba1e4ed45ba.flac?AWSAccessKeyId=AKIA45B7YWBX7MUJ7QCX&Expires=1766190440&Signature=%2Fa5qiMpniqwrNydBp7JRZwJT2UY%3D,0.305693,65456
1082035492,K1am-2024-06-26_19-40.WAV,2024 Kern 1 - check lat lon,2024,6,26,19,40,sp33,Simple Call,52.1333,53.6747,3656,4688,24000,(not validated),https://rfcx-streams-production.s3.eu-west-1.amazonaws.com/2024/06/27/u783i74g98wc/47924bb1-8e5a-4b86-9abc-69d7ccdfd10d.flac?AWSAccessKeyId=AKIA45B7YWBX7MUJ7QCX&Expires=1766190440&Signature=Vu%2Bwr0VOqKZgkxgFp0l65jKFWVk%3D,0.288949,65456
1082035493,K1am-2024-06-26_05-00.WAV,2024 Kern 1 - check lat lon,2024,6,26,5,0,sp33,Simple Call,24.2293,25.7707,3656,4688,24000,(not validated),https://rfcx-streams-production.s3.eu-west-1.amazonaws.com/2024/06/26/u783i74g98wc/ebf1bb6d-7362-43a5-9147-f2e808bafe4d.flac?AWSAccessKeyId=AKIA45B7YWBX7MUJ7QCX&Expires=1766190440&Signature=ERN89Vy%2BKioJR5TwGpDSseNn26Y%3D,0.207868,65456
1082035494,K1am-2024-06-26_05-40.WAV,2024 Kern 1 - check lat lon,2024,6,26,5,40,sp33,Simple Call,26.7093,28.2507,3656,4688,24000,(not validated),https://rfcx-streams-production.s3.eu-west-1.amazonaws.com/2024/06/26/u783i74g98wc/7bb28a03-9674-479c-8b90-e25ea0887608.flac?AWSAccessKeyId=AKIA45B7YWBX7MUJ7QCX&Expires=1766190440&Signature=fY3s90D4NY7z%2BCvxsDs9zGZXwmg%3D,0.21468,65456
1082035495,K1am-2024-06-25_11-20.WAV,2024 Kern 1 - check lat lon,2024,6,25,11,20,sp33,Simple Call,20.6187,22.16,3656,4688,24000,(not validated),https://rfcx-streams-production.s3.eu-west-1.amazonaws.com/2024/06/25/u783i74g98wc/db9ab25d-df39-4ebb-bfae-70984da8c537.flac?AWSAccessKeyId=AKIA45B7YWBX7MUJ7QCX&Expires=1766190440&Signature=5qzYvgVK9xXLgWIZaF%2B5YGLjYMg%3D,0.259774,65456
1082035496,K1am-2024-06-25_13-20.WAV,2024 Kern 1 - check lat lon,2024,6,25,13,20,sp33,Simple Call,1.07733,2.61867,3656,4688,24000,(not validated),https://rfcx-streams-production.s3.eu-west-1.amazonaws.com/2024/06/25/u783i74g98wc/2bae5637-c82f-4f4c-ac58-cfca358a7675.flac?AWSAccessKeyId=AKIA45B7YWBX7MUJ7QCX&Expires=1766190440&Signature=nSqfXOCKQLe4qcX98isha4Utp84%3D,0.232131,65456
1082035497,K1am-2024-06-25_07-00.WAV,2024 Kern 1 - check lat lon,2024,6,25,7,0,sp33,Simple Call,43.3173,44.8587,3656,4688,24000,(not validated),https://rfcx-streams-production.s3.eu-west-1.amazonaws.com/2024/06/25/u783i74g98wc/7f1c0e00-2207-4774-b0e2-e10ca215f051.flac?AWSAccessKeyId=AKIA45B7YWBX7MUJ7QCX&Expires=1766190440&Signature=iawv5lqGVcGQKQbM0odXdWpHbqY%3D,0.321654,65456
1082035498,K1am-2024-06-23_19-40.WAV,2024 Kern 1 - check lat lon,2024,6,23,19,40,sp33,Simple Call,9.05067,10.592,3656,4688,24000,(not validated),https://rfcx-streams-production.s3.eu-west-1.amazonaws.com/2024/06/24/u783i74g98wc/72f4a561-1717-4902-90ad-c247079eee58.flac?AWSAccessKeyId=AKIA45B7YWBX7MUJ7QCX&Expires=1766190440&Signature=VSFbXMqh2e3QNW19T8FQRyKTqWI%3D,0.232577,65456
1082035499,K1am-2024-06-24_05-40.WAV,2024 Kern 1 - check lat lon,2024,6,24,5,40,sp33,Simple Call,45.056,46.5973,3656,4688,24000,(not validated),https://rfcx-streams-production.s3.eu-west-1.amazonaws.com/2024/06/24/u783i74g98wc/e069efe6-611c-4dd2-8762-ddabe8630053.flac?AWSAccessKeyId=AKIA45B7YWBX7MUJ7QCX&Expires=1766190440&Signature=m4DeKteZger7wCHhCteNlZWvUbg%3D,0.316765,65456
1082035526,K1am-2024-07-03_05-40.WAV,2024 Kern 1 - check lat lon,2024,7,3,5,40,sp33,Simple Call,0.858667,2.4,3656,4688,24000,(not validated),https://rfcx-streams-production.s3.eu-west-1.amazonaws.com/2024/07/03/u783i74g98wc/f4021696-3023-455e-9dc2-1e4ff2007ea9.flac?AWSAccessKeyId=AKIA45B7YWBX7MUJ7QCX&Expires=1766190440&Signature=z%2FnHcG4irbQGdeYuLePKqaEqp8M%3D,0.313694,65456
1082035527,K1am-2024-07-02_05-40.WAV,2024 Kern 1 - check lat lon,2024,7,2,5,40,sp33,Simple Call,49.456,50.9973,3656,4688,24000,(not validated),https://rfcx-streams-production.s3.eu-west-1.amazonaws.com/2024/07/02/u783i74g98wc/e21a98ec-69b0-420e-a5eb-1c8b6c9d91fb.flac?AWSAccessKeyId=AKIA45B7YWBX7MUJ7QCX&Expires=1766190440&Signature=RrbR%2B1IiGR5iNROnnRMtLIMOyJQ%3D,0.268423,65456
1082035528,K1am-2024-07-02_15-00.WAV,2024 Kern 1 - check lat lon,2024,7,2,15,0,sp33,Simple Call,22.0747,23.616,3656,4688,24000,(not validated),https://rfcx-streams-production.s3.eu-west-1.amazonaws.com/2024/07/02/u783i74g98wc/04313801-1058-4b7e-b9b6-ca874655c92d.flac?AWSAccessKeyId=AKIA45B7YWBX7MUJ7QCX&Expires=1766190440&Signature=0mSkUOnjILOCH2yaNCm7UglG5RQ%3D,0.212608,65456
1082035529,K1am-2024-07-02_07-00.WAV,2024 Kern 1 - check lat lon,2024,7,2,7,0,sp33,Simple Call,15.5307,17.072,3656,4688,24000,(not validated),https://rfcx-streams-production.s3.eu-west-1.amazonaws.com/2024/07/02/u783i74g98wc/07998196-262c-4818-a326-f29a5a06e044.flac?AWSAccessKeyId=AKIA45B7YWBX7MUJ7QCX&Expires=1766190440&Signature=V82%2FETL%2FpMnj0BsQvk4sF%2B0nh98%3D,0.20266,65456
1082035530,K1am-2024-07-02_08-20.WAV,2024 Kern 1 - check lat lon,2024,7,2,8,20,sp33,Simple Call,50.1547,51.696,3656,4688,24000,(not validated),https://rfcx-streams-production.s3.eu-west-1.amazonaws.com/2024/07/02/u783i74g98wc/8077011d-857f-4220-9061-477e13edb424.flac?AWSAccessKeyId=AKIA45B7YWBX7MUJ7QCX&Expires=1766190440&Signature=D1N8FU6jbEphm%2BJ9R9veKCr2ov0%3D,0.322683,65456
1082035535,K1am-2024-05-23_20-00.WAV,2024 Kern 1 - check lat lon,2024,5,23,20,0,sp33,Simple Call,55.9733,57.5147,3656,4688,24000,(not validated),https://rfcx-streams-production.s3.eu-west-1.amazonaws.com/2024/05/24/u783i74g98wc/1a0184bb-3f27-4db4-8720-c6bdf413cd82.flac?AWSAccessKeyId=AKIA45B7YWBX7MUJ7QCX&Expires=1766190440&Signature=7kPaFgKdwHgiFR0Erqc8ZiPBC9o%3D,0.244401,65456
1082035536,K1am-2024-05-23_19-40.WAV,2024 Kern 1 - check lat lon,2024,5,23,19,40,sp33,Simple Call,42.576,44.1173,3656,4688,24000,(not validated),https://rfcx-streams-production.s3.eu-west-1.amazonaws.com/2024/05/24/u783i74g98wc/6daf8666-c868-44d8-ba96-32a5a7d6fed0.flac?AWSAccessKeyId=AKIA45B7YWBX7MUJ7QCX&Expires=1766190440&Signature=4sfLjuw%2BIMRXMwILo%2Fe%2FZaRVakg%3D,0.20354,65456
1082035537,K1am-2024-05-23_19-00.WAV,2024 Kern 1 - check lat lon,2024,5,23,19,0,sp33,Simple Call,50.6613,52.2027,3656,4688,24000,(not validated),https://rfcx-streams-production.s3.eu-west-1.amazonaws.com/2024/05/24/u783i74g98wc/29a82f2c-c00f-41e1-9d29-678439d5f8f5.flac?AWSAccessKeyId=AKIA45B7YWBX7MUJ7QCX&Expires=1766190440&Signature=XgXUvB%2FNwVsBTP0ezWdr2%2Bz6vkA%3D,0.256743,65456
1082035538,K1am-2024-05-23_08-20.WAV,2024 Kern 1 - check lat lon,2024,5,23,8,20,sp33,Simple Call,16.112,17.6533,3656,4688,24000,(not validated),https://rfcx-streams-production.s3.eu-west-1.amazonaws.com/2024/05/23/u783i74g98wc/3ba365a2-712b-4a90-804d-d24d7db2f762.flac?AWSAccessKeyId=AKIA45B7YWBX7MUJ7QCX&Expires=1766190440&Signature=6MfK21J7wZSmIhUfgzZ5A%2BL5Y60%3D,0.20091,65456
1082035539,K1am-2024-05-23_05-20.WAV,2024 Kern 1 - check lat lon,2024,5,23,5,20,sp33,Simple Call,2.70933,4.25067,3656,4688,24000,(not validated),https://rfcx-streams-production.s3.eu-west-1.amazonaws.com/2024/05/23/u783i74g98wc/2e516cff-e42f-4ceb-8730-3228d07aec42.flac?AWSAccessKeyId=AKIA45B7YWBX7MUJ7QCX&Expires=1766190440&Signature=JctstRiaUu%2FBzVJZV%2BTaV8FNscc%3D,0.208921,65456
1082035540,K1am-2024-05-22_18-00.WAV,2024 Kern 1 - check lat lon,2024,5,22,18,0,sp33,Simple Call,35.2427,36.784,3656,4688,24000,(not validated),https://rfcx-streams-production.s3.eu-west-1.amazonaws.com/2024/05/23/u783i74g98wc/0536b9d1-9eb0-4ed7-925e-d25ac55f9d28.flac?AWSAccessKeyId=AKIA45B7YWBX7MUJ7QCX&Expires=1766190440&Signature=gKo3TiIweRwePSfzV2tdbQeqkZw%3D,0.204306,65456
1082035541,K1am-2024-05-22_09-40.WAV,2024 Kern 1 - check lat lon,2024,5,22,9,40,sp33,Simple Call,23.2427,24.784,3656,4688,24000,(not validated),https://rfcx-streams-production.s3.eu-west-1.amazonaws.com/2024/05/22/u783i74g98wc/5a6a9b48-af8d-4011-81fc-81540d834ec9.flac?AWSAccessKeyId=AKIA45B7YWBX7MUJ7QCX&Expires=1766190440&Signature=rp5S8JBegc%2BKrGsr0MZP5FxMhUA%3D,0.21907,65456
1082035542,K1am-2024-05-22_09-00.WAV,2024 Kern 1 - check lat lon,2024,5,22,9,0,sp33,Simple Call,35.76,37.3013,3656,4688,24000,(not validated),https://rfcx-streams-production.s3.eu-west-1.amazonaws.com/2024/05/22/u783i74g98wc/da0a1690-a34a-4846-85f9-46de61ef3d93.flac?AWSAccessKeyId=AKIA45B7YWBX7MUJ7QCX&Expires=1766190440&Signature=Na1JRrQ%2B8qy3BjOzZ2OIBzJTAUw%3D,0.251156,65456
1082035543,K1am-2024-05-22_05-40.WAV,2024 Kern 1 - check lat lon,2024,5,22,5,40,sp33,Simple Call,53.1893,54.7307,3656,4688,24000,(not validated),https://rfcx-streams-production.s3.eu-west-1.amazonaws.com/2024/05/22/u783i74g98wc/0e680453-41e4-4913-bf77-d2c94c691fe5.flac?AWSAccessKeyId=AKIA45B7YWBX7MUJ7QCX&Expires=1766190440&Signature=n0fuo7PGGugCx%2Bb%2F6O1LEVy0iGU%3D,0.243765,65456
1082035544,K1am-2024-05-22_04-40.WAV,2024 Kern 1 - check lat lon,2024,5,22,4,40,sp33,Simple Call,35.92,37.4613,3656,4688,24000,(not validated),https://rfcx-streams-production.s3.eu-west-1.amazonaws.com/2024/05/22/u783i74g98wc/e7218f7d-a9f1-4edd-b90b-959d38d8ca39.flac?AWSAccessKeyId=AKIA45B7YWBX7MUJ7QCX&Expires=1766190440&Signature=yUR6igywybcjUBL6O%2F1quCNJLqk%3D,0.206815,65456
1082035545,K1am-2024-05-21_20-20.WAV,2024 Kern 1 - check lat lon,2024,5,21,20,20,sp33,Simple Call,8.35733,9.89867,3656,4688,24000,(not validated),https://rfcx-streams-production.s3.eu-west-1.amazonaws.com/2024/05/22/u783i74g98wc/e5984057-fe30-440e-ba44-c6cc4a23ed95.flac?AWSAccessKeyId=AKIA45B7YWBX7MUJ7QCX&Expires=1766190440&Signature=UgcJKm7udJZ3jt9y1D7ozItAHxc%3D,0.223992,65456
1082035546,K1am-2024-05-21_19-00.WAV,2024 Kern 1 - check lat lon,2024,5,21,19,0,sp33,Simple Call,28.5013,30.0427,3656,4688,24000,(not validated),https://rfcx-streams-production.s3.eu-west-1.amazonaws.com/2024/05/22/u783i74g98wc/0e368f85-e535-45ed-a13d-876dc59800ec.flac?AWSAccessKeyId=AKIA45B7YWBX7MUJ7QCX&Expires=1766190440&Signature=76HhzLtWPmUiZQhxXqvbwbQgqcc%3D,0.244913,65456
1082035547,K1am-2024-05-21_11-40.WAV,2024 Kern 1 - check lat lon,2024,5,21,11,40,sp33,Simple Call,15.7067,17.248,3656,4688,24000,(not validated),https://rfcx-streams-production.s3.eu-west-1.amazonaws.com/2024/05/21/u783i74g98wc/93e5a84e-dadf-4430-9753-faf6170e419a.flac?AWSAccessKeyId=AKIA45B7YWBX7MUJ7QCX&Expires=1766190440&Signature=eZ2jTkLX11CpVDx44Kw078dsoUI%3D,0.226598,65456
1082035548,K1am-2024-05-21_10-40.WAV,2024 Kern 1 - check lat lon,2024,5,21,10,40,sp33,Simple Call,38.1653,39.7067,3656,4688,24000,(not validated),https://rfcx-streams-production.s3.eu-west-1.amazonaws.com/2024/05/21/u783i74g98wc/47dfc7ac-c1e2-47a7-8383-f20ecddb1a51.flac?AWSAccessKeyId=AKIA45B7YWBX7MUJ7QCX&Expires=1766190440&Signature=T8fR1nujwU9F0%2FM6VjFunHmzIKQ%3D,0.207646,65456
1082035549,K1am-2024-05-21_06-40.WAV,2024 Kern 1 - check lat lon,2024,5,21,6,40,sp33,Simple Call,16.2187,17.76,3656,4688,24000,(not validated),https://rfcx-streams-production.s3.eu-west-1.amazonaws.com/2024/05/21/u783i74g98wc/1015063b-5060-4dd1-b08c-a84e5b736893.flac?AWSAccessKeyId=AKIA45B7YWBX7MUJ7QCX&Expires=1766190440&Signature=2O4N2wkrxuSSYnMzBuszKJNtE0E%3D,0.216985,65456
1082035550,K1am-2024-05-21_14-20.WAV,2024 Kern 1 - check lat lon,2024,5,21,14,20,sp33,Simple Call,50.7733,52.3147,3656,4688,24000,(not validated),https://rfcx-streams-production.s3.eu-west-1.amazonaws.com/2024/05/21/u783i74g98wc/cd5ff6b5-fdde-4515-bfe2-1882f993bb7b.flac?AWSAccessKeyId=AKIA45B7YWBX7MUJ7QCX&Expires=1766190440&Signature=%2FXPxvBRVql0Mp8%2BFYXsKKs1UZM4%3D,0.240008,65456
1082035551,K1am-2024-05-21_11-20.WAV,2024 Kern 1 - check lat lon,2024,5,21,11,20,sp33,Simple Call,43.584,45.1253,3656,4688,24000,(not validated),https://rfcx-streams-production.s3.eu-west-1.amazonaws.com/2024/05/21/u783i74g98wc/7cd701bd-bdf7-4510-bda7-c57bcb5d5e31.flac?AWSAccessKeyId=AKIA45B7YWBX7MUJ7QCX&Expires=1766190440&Signature=dhFg4JlGQM0J7OR5aKzT%2Fd7m8rw%3D,0.248722,65456
1082035552,K1am-2024-05-21_09-40.WAV,2024 Kern 1 - check lat lon,2024,5,21,9,40,sp33,Simple Call,27.92,29.4613,3656,4688,24000,(not validated),https://rfcx-streams-production.s3.eu-west-1.amazonaws.com/2024/05/21/u783i74g98wc/d987f850-7ef2-4a05-9f5d-5d6745dc0733.flac?AWSAccessKeyId=AKIA45B7YWBX7MUJ7QCX&Expires=1766190440&Signature=DxPhi3ai9j09JSHe9LZDyHy95Nc%3D,0.204388,65456
1082035553,K1am-2024-05-21_07-20.WAV,2024 Kern 1 - check lat lon,2024,5,21,7,20,sp33,Simple Call,7.41333,8.95467,3656,4688,24000,(not validated),https://rfcx-streams-production.s3.eu-west-1.amazonaws.com/2024/05/21/u783i74g98wc/bc201a17-933c-4ad0-88b8-df465de2bda7.flac?AWSAccessKeyId=AKIA45B7YWBX7MUJ7QCX&Expires=1766190440&Signature=Kd1pdbtXrVuC0YZqxYc0mYaY%2B68%3D,0.213538,65456
1082035554,K1am-2024-05-21_12-00.WAV,2024 Kern 1 - check lat lon,2024,5,21,12,0,sp33,Simple Call,26.288,27.8293,3656,4688,24000,(not validated),https://rfcx-streams-production.s3.eu-west-1.amazonaws.com/2024/05/21/u783i74g98wc/709161e5-465a-4452-92f8-ddb1bb87b8bc.flac?AWSAccessKeyId=AKIA45B7YWBX7MUJ7QCX&Expires=1766190440&Signature=AgarhV%2Bs3VVb87kXjPnvuCfwxcg%3D,0.235343,65456
1082035557,K1am-2024-06-21_09-40.WAV,2024 Kern 1 - check lat lon,2024,6,21,9,40,sp33,Simple Call,16.528,18.0693,3656,4688,24000,(not validated),https://rfcx-streams-production.s3.eu-west-1.amazonaws.com/2024/06/21/u783i74g98wc/aabd319d-1b23-4a25-b645-ea965a3b4def.flac?AWSAccessKeyId=AKIA45B7YWBX7MUJ7QCX&Expires=1766190440&Signature=tvkb0dNzPqCaTU0nhPUPt%2F%2BO3qE%3D,0.227604,65456
1082035558,K1am-2024-06-21_07-00.WAV,2024 Kern 1 - check lat lon,2024,6,21,7,0,sp33,Simple Call,18.032,19.5733,3656,4688,24000,(not validated),https://rfcx-streams-production.s3.eu-west-1.amazonaws.com/2024/06/21/u783i74g98wc/8d6e89f7-8b06-4cec-a538-606cf22493df.flac?AWSAccessKeyId=AKIA45B7YWBX7MUJ7QCX&Expires=1766190440&Signature=DRW4uL%2FWhDAMPuY9wfggdbfhf%2F0%3D,0.205812,65456
1082035559,K1am-2024-06-20_10-20.WAV,2024 Kern 1 - check lat lon,2024,6,20,10,20,sp33,Simple Call,53.8507,55.392,3656,4688,24000,(not validated),https://rfcx-streams-production.s3.eu-west-1.amazonaws.com/2024/06/20/u783i74g98wc/89b28b44-4404-4e1f-8f31-5abeeaf54049.flac?AWSAccessKeyId=AKIA45B7YWBX7MUJ7QCX&Expires=1766190440&Signature=ews%2BPSIXShO8HK%2BLxxovHogepUA%3D,0.206371,65456
1082035560,K1am-2024-06-19_09-00.WAV,2024 Kern 1 - check lat lon,2024,6,19,9,0,sp33,Simple Call,6.624,8.16533,3656,4688,24000,(not validated),https://rfcx-streams-production.s3.eu-west-1.amazonaws.com/2024/06/19/u783i74g98wc/b6b0ecb7-8613-4d24-b5e8-00028316909e.flac?AWSAccessKeyId=AKIA45B7YWBX7MUJ7QCX&Expires=1766190440&Signature=GxfHPpwGg%2BO0f4eURPEya2aM3M0%3D,0.243288,65456
1082035561,K1am-2024-06-19_14-40.WAV,2024 Kern 1 - check lat lon,2024,6,19,14,40,sp33,Simple Call,58.304,59.8453,3656,4688,24000,(not validated),https://rfcx-streams-production.s3.eu-west-1.amazonaws.com/2024/06/19/u783i74g98wc/85b1dda6-d75c-49cc-96f3-2f16ab764935.flac?AWSAccessKeyId=AKIA45B7YWBX7MUJ7QCX&Expires=1766190440&Signature=J%2Bxd22QvYJeCK8YNSTw2M1sn2aY%3D,0.330397,65456
1082035562,K1am-2024-06-19_18-00.WAV,2024 Kern 1 - check lat lon,2024,6,19,18,0,sp33,Simple Call,2.76267,4.304,3656,4688,24000,(not validated),https://rfcx-streams-production.s3.eu-west-1.amazonaws.com/2024/06/20/u783i74g98wc/3e6ae67b-9cfc-4a9a-b91e-29445ef753b2.flac?AWSAccessKeyId=AKIA45B7YWBX7MUJ7QCX&Expires=1766190440&Signature=4RIqUsl29dS8mn59RBhdf1iKxT0%3D,0.269581,65456
1082035563,K1am-2024-06-19_10-40.WAV,2024 Kern 1 - check lat lon,2024,6,19,10,40,sp33,Simple Call,14.3307,15.872,3656,4688,24000,(not validated),https://rfcx-streams-production.s3.eu-west-1.amazonaws.com/2024/06/19/u783i74g98wc/ccc8ecd5-2d68-4c07-b10d-92a976830835.flac?AWSAccessKeyId=AKIA45B7YWBX7MUJ7QCX&Expires=1766190440&Signature=h1UYHhuxuX1JS9A9gouLduzSUlU%3D,0.230224,65456
1082035564,K1am-2024-06-18_19-00.WAV,2024 Kern 1 - check lat lon,2024,6,18,19,0,sp33,Simple Call,5.33867,6.88,3656,4688,24000,(not validated),https://rfcx-streams-production.s3.eu-west-1.amazonaws.com/2024/06/19/u783i74g98wc/3de381b7-dfbe-4ef6-a101-cb5d016c13d6.flac?AWSAccessKeyId=AKIA45B7YWBX7MUJ7QCX&Expires=1766190440&Signature=sn4tCDKfbMtEumMpUd%2FZ0nfJjh4%3D,0.312344,65456
1082035565,K1am-2024-06-17_18-20.WAV,2024 Kern 1 - check lat lon,2024,6,17,18,20,sp33,Simple Call,54.336,55.8773,3656,4688,24000,(not validated),https://rfcx-streams-production.s3.eu-west-1.amazonaws.com/2024/06/18/u783i74g98wc/fb17dba0-a566-4288-91c3-624c5b9b5c36.flac?AWSAccessKeyId=AKIA45B7YWBX7MUJ7QCX&Expires=1766190440&Signature=%2BbHF4N2NWnr%2FCVSxxZJsuaZM%2Fw8%3D,0.320049,65456
1082035566,K1am-2024-05-20_20-20.WAV,2024 Kern 1 - check lat lon,2024,5,20,20,20,sp33,Simple Call,46.2507,47.792,3656,4688,24000,(not validated),https://rfcx-streams-production.s3.eu-west-1.amazonaws.com/2024/05/21/u783i74g98wc/2dfb67f6-6823-48a5-b6b4-c99dbae1dd36.flac?AWSAccessKeyId=AKIA45B7YWBX7MUJ7QCX&Expires=1766190440&Signature=KQ5WEBQpYq7P7JMEjLN7E1cMyF0%3D,0.237925,65456
1082035567,K1am-2024-05-20_07-40.WAV,2024 Kern 1 - check lat lon,2024,5,20,7,40,sp33,Simple Call,18.32,19.8613,3656,4688,24000,(not validated),https://rfcx-streams-production.s3.eu-west-1.amazonaws.com/2024/05/20/u783i74g98wc/75db3959-8871-4cf8-9dda-a693bbf2945b.flac?AWSAccessKeyId=AKIA45B7YWBX7MUJ7QCX&Expires=1766190440&Signature=ddvBC5mkdxF7ohpbRZMpxDTZX1U%3D,0.220041,65456
1082035568,K1am-2024-05-18_07-20.WAV,2024 Kern 1 - check lat lon,2024,5,18,7,20,sp33,Simple Call,40.2773,41.8187,3656,4688,24000,(not validated),https://rfcx-streams-production.s3.eu-west-1.amazonaws.com/2024/05/18/u783i74g98wc/be1cabc9-6655-4335-a548-917eda875bf8.flac?AWSAccessKeyId=AKIA45B7YWBX7MUJ7QCX&Expires=1766190440&Signature=KXQn19B3Rg0O2R%2FTbbBsLXfVn%2B4%3D,0.205334,65456
1082035569,K1am-2024-05-18_05-20.WAV,2024 Kern 1 - check lat lon,2024,5,18,5,20,sp33,Simple Call,28.656,30.1973,3656,4688,24000,(not validated),https://rfcx-streams-production.s3.eu-west-1.amazonaws.com/2024/05/18/u783i74g98wc/6d26e37e-2067-4613-a82e-d847b979c909.flac?AWSAccessKeyId=AKIA45B7YWBX7MUJ7QCX&Expires=1766190440&Signature=ubStt6jP4MoSRQmrYHm7ytZAmyo%3D,0.262628,65456
1082035570,K1am-2024-05-18_04-40.WAV,2024 Kern 1 - check lat lon,2024,5,18,4,40,sp33,Simple Call,54,55.5413,3656,4688,24000,(not validated),https://rfcx-streams-production.s3.eu-west-1.amazonaws.com/2024/05/18/u783i74g98wc/c0a78446-1f2a-4aea-8668-274a10a92b26.flac?AWSAccessKeyId=AKIA45B7YWBX7MUJ7QCX&Expires=1766190440&Signature=CCQBTjawf5RitwIng4SizpyWp9k%3D,0.217496,65456
1082035571,K1am-2024-05-18_12-00.WAV,2024 Kern 1 - check lat lon,2024,5,18,12,0,sp33,Simple Call,6.74667,8.288,3656,4688,24000,(not validated),https://rfcx-streams-production.s3.eu-west-1.amazonaws.com/2024/05/18/u783i74g98wc/92c91b21-32f9-4c1f-8380-a934044ba8e3.flac?AWSAccessKeyId=AKIA45B7YWBX7MUJ7QCX&Expires=1766190440&Signature=MtCz0slH9mMs7wrXsfIDXoi33q0%3D,0.229957,65456
1082035572,K1am-2024-05-17_15-40.WAV,2024 Kern 1 - check lat lon,2024,5,17,15,40,sp33,Simple Call,30.6293,32.1707,3656,4688,24000,(not validated),https://rfcx-streams-production.s3.eu-west-1.amazonaws.com/2024/05/17/u783i74g98wc/4f9fe729-ee76-459a-acab-1c6ec461907c.flac?AWSAccessKeyId=AKIA45B7YWBX7MUJ7QCX&Expires=1766190440&Signature=OJam63visb4HYP%2BpsROPQ%2F5zg00%3D,0.276638,65456
1082035573,K1am-2024-05-17_05-20.WAV,2024 Kern 1 - check lat lon,2024,5,17,5,20,sp33,Simple Call,37.6,39.1413,3656,4688,24000,(not validated),https://rfcx-streams-production.s3.eu-west-1.amazonaws.com/2024/05/17/u783i74g98wc/63dbbb41-0817-4bcd-b9d3-e02a7f0e75a4.flac?AWSAccessKeyId=AKIA45B7YWBX7MUJ7QCX&Expires=1766190440&Signature=s5TwQTjS1al64T5eCUH%2FZrKagzU%3D,0.20684,65456
1082035574,K1am-2024-05-17_04-40.WAV,2024 Kern 1 - check lat lon,2024,5,17,4,40,sp33,Simple Call,44.6667,46.208,3656,4688,24000,(not validated),https://rfcx-streams-production.s3.eu-west-1.amazonaws.com/2024/05/17/u783i74g98wc/1b04cc22-1638-48ec-96de-6b52877b913f.flac?AWSAccessKeyId=AKIA45B7YWBX7MUJ7QCX&Expires=1766190440&Signature=9Bo726fniD8XguuHzTd3xPTPQtk%3D,0.213666,65456
1082035575,K1am-2024-05-17_10-40.WAV,2024 Kern 1 - check lat lon,2024,5,17,10,40,sp33,Simple Call,12.4693,14.0107,3656,4688,24000,(not validated),https://rfcx-streams-production.s3.eu-west-1.amazonaws.com/2024/05/17/u783i74g98wc/a227b20e-6690-4980-98db-f22f880b9917.flac?AWSAccessKeyId=AKIA45B7YWBX7MUJ7QCX&Expires=1766190440&Signature=0yFtxPMeNi%2FV1RFM0mEK3j1uZbU%3D,0.260603,65456
1082035576,K1am-2024-05-17_10-00.WAV,2024 Kern 1 - check lat lon,2024,5,17,10,0,sp33,Simple Call,53.0453,54.5867,3656,4688,24000,(not validated),https://rfcx-streams-production.s3.eu-west-1.amazonaws.com/2024/05/17/u783i74g98wc/d4e78e4e-ab7d-4548-9c1b-24c241ab5ba3.flac?AWSAccessKeyId=AKIA45B7YWBX7MUJ7QCX&Expires=1766190440&Signature=4cH7V13KeEvEeanVW7SKvY4HLbY%3D,0.205358,65456
1082035577,K1am-2024-05-17_07-00.WAV,2024 Kern 1 - check lat lon,2024,5,17,7,0,sp33,Simple Call,46.2667,47.808,3656,4688,24000,(not validated),https://rfcx-streams-production.s3.eu-west-1.amazonaws.com/2024/05/17/u783i74g98wc/41d3e074-8335-4b21-9b19-ac69ba71950f.flac?AWSAccessKeyId=AKIA45B7YWBX7MUJ7QCX&Expires=1766190440&Signature=CY51gzz4VzZmg4RhD5LWr06LaPU%3D,0.230239,65456
1082035578,K1am-2024-06-25_05-20.WAV,2024 Kern 1 - check lat lon,2024,6,25,5,20,sp33,Simple Call,5.712,7.25333,3656,4688,24000,(not validated),https://rfcx-streams-production.s3.eu-west-1.amazonaws.com/2024/06/25/u783i74g98wc/63e03e02-e8a1-4d69-a7f2-e966f344e218.flac?AWSAccessKeyId=AKIA45B7YWBX7MUJ7QCX&Expires=1766190440&Signature=pMFmyhfjnSyDUYuK4jCzuidDkcA%3D,0.207995,65456
1082035579,K1am-2024-06-24_16-20.WAV,2024 Kern 1 - check lat lon,2024,6,24,16,20,sp33,Simple Call,7.53067,9.072,3656,4688,24000,(not validated),https://rfcx-streams-production.s3.eu-west-1.amazonaws.com/2024/06/24/u783i74g98wc/7426f44e-8fcc-4365-b2df-dfb7098e518c.flac?AWSAccessKeyId=AKIA45B7YWBX7MUJ7QCX&Expires=1766190440&Signature=3qozIoI8Lz64Jtd9rR56zWPcIAo%3D,0.206161,65456
1082035580,K1am-2024-06-24_10-00.WAV,2024 Kern 1 - check lat lon,2024,6,24,10,0,sp33,Simple Call,32.2133,33.7547,3656,4688,24000,(not validated),https://rfcx-streams-production.s3.eu-west-1.amazonaws.com/2024/06/24/u783i74g98wc/3df2218c-99e3-4672-9838-3dd31b1f9212.flac?AWSAccessKeyId=AKIA45B7YWBX7MUJ7QCX&Expires=1766190440&Signature=ymjMWnDm3C9hfamw5SGTZeLJqzw%3D,0.244714,65456
1082035581,K1am-2024-06-24_15-00.WAV,2024 Kern 1 - check lat lon,2024,6,24,15,0,sp33,Simple Call,14.1333,15.6747,3656,4688,24000,(not validated),https://rfcx-streams-production.s3.eu-west-1.amazonaws.com/2024/06/24/u783i74g98wc/059f9ec8-86bc-4c34-895b-ab62aecdaec2.flac?AWSAccessKeyId=AKIA45B7YWBX7MUJ7QCX&Expires=1766190440&Signature=%2FEhjf1ZzIv0VJgPxQodz9JVMtNU%3D,0.315512,65456
1082035582,K1am-2024-06-24_07-40.WAV,2024 Kern 1 - check lat lon,2024,6,24,7,40,sp33,Simple Call,39.472,41.0133,3656,4688,24000,(not validated),https://rfcx-streams-production.s3.eu-west-1.amazonaws.com/2024/06/24/u783i74g98wc/bce414d4-f6ea-4258-a0d7-bd4e8d883232.flac?AWSAccessKeyId=AKIA45B7YWBX7MUJ7QCX&Expires=1766190440&Signature=8pNCGQuG9GW5NKX4rx3rnntkim0%3D,0.216268,65456
1082035583,K1am-2024-06-23_09-00.WAV,2024 Kern 1 - check lat lon,2024,6,23,9,0,sp33,Simple Call,9.19467,10.736,3656,4688,24000,(not validated),https://rfcx-streams-production.s3.eu-west-1.amazonaws.com/2024/06/23/u783i74g98wc/813d83b7-a59c-4ae2-b15b-04ae17e930a7.flac?AWSAccessKeyId=AKIA45B7YWBX7MUJ7QCX&Expires=1766190440&Signature=V4QiVtfihBBko6PdqIXaka5PZK0%3D,0.240747,65456
1082035584,K1am-2024-06-23_11-40.WAV,2024 Kern 1 - check lat lon,2024,6,23,11,40,sp33,Simple Call,12.0533,13.5947,3656,4688,24000,(not validated),https://rfcx-streams-production.s3.eu-west-1.amazonaws.com/2024/06/23/u783i74g98wc/6fc661f6-4fe9-4e10-93a9-25783099415b.flac?AWSAccessKeyId=AKIA45B7YWBX7MUJ7QCX&Expires=1766190440&Signature=1bHti3lTZQun2AyhaT6tHJhtkqI%3D,0.20016,65456
1082035585,K1am-2024-06-23_05-40.WAV,2024 Kern 1 - check lat lon,2024,6,23,5,40,sp33,Simple Call,27.4187,28.96,3656,4688,24000,(not validated),https://rfcx-streams-production.s3.eu-west-1.amazonaws.com/2024/06/23/u783i74g98wc/6a63fc0f-7f38-4e26-87f1-a3e355a160d8.flac?AWSAccessKeyId=AKIA45B7YWBX7MUJ7QCX&Expires=1766190440&Signature=IUuLp6vGNiGk1Z4ch7AeH9ZuYiU%3D,0.219143,65456
1082035586,K1am-2024-06-22_09-20.WAV,2024 Kern 1 - check lat lon,2024,6,22,9,20,sp33,Simple Call,25.2853,26.8267,3656,4688,24000,(not validated),https://rfcx-streams-production.s3.eu-west-1.amazonaws.com/2024/06/22/u783i74g98wc/15dd0a68-317e-4086-9a0e-e75407f6af50.flac?AWSAccessKeyId=AKIA45B7YWBX7MUJ7QCX&Expires=1766190440&Signature=hFVeQKQ1DUGsGOZJgADtvCjcoGc%3D,0.209175,65456
1082035587,K1am-2024-06-21_19-20.WAV,2024 Kern 1 - check lat lon,2024,6,21,19,20,sp33,Simple Call,33.1947,34.736,3656,4688,24000,(not validated),https://rfcx-streams-production.s3.eu-west-1.amazonaws.com/2024/06/22/u783i74g98wc/aa0285b7-7dce-4c91-8270-b73471ba9e6a.flac?AWSAccessKeyId=AKIA45B7YWBX7MUJ7QCX&Expires=1766190440&Signature=ofBfRxNigLF0g7pFFSibre0pO4U%3D,0.344063,65456
1082035588,K1am-2024-06-20_16-40.WAV,2024 Kern 1 - check lat lon,2024,6,20,16,40,sp33,Simple Call,20.912,22.4533,3656,4688,24000,(not validated),https://rfcx-streams-production.s3.eu-west-1.amazonaws.com/2024/06/20/u783i74g98wc/d314b1cf-fb02-49aa-83ad-3ca90016c6a8.flac?AWSAccessKeyId=AKIA45B7YWBX7MUJ7QCX&Expires=1766190440&Signature=7gij4VS0KV7XQNZ5mUvJsZFpucc%3D,0.205685,65456
1082035589,K1am-2024-06-20_18-20.WAV,2024 Kern 1 - check lat lon,2024,6,20,18,20,sp33,Simple Call,24.0213,25.5627,3656,4688,24000,(not validated),https://rfcx-streams-production.s3.eu-west-1.amazonaws.com/2024/06/21/u783i74g98wc/ccd69333-b69b-4fdf-a9ca-c9992ce30e2a.flac?AWSAccessKeyId=AKIA45B7YWBX7MUJ7QCX&Expires=1766190440&Signature=IO%2B9ceHe8wVf9X6WoGYCx6GyO9w%3D,0.204482,65456
1082035604,K1am-2024-06-30_20-00.WAV,2024 Kern 1 - check lat lon,2024,6,30,20,0,sp33,Simple Call,11.8453,13.3867,3656,4688,24000,(not validated),https://rfcx-streams-production.s3.eu-west-1.amazonaws.com/2024/07/01/u783i74g98wc/845f194b-0741-43a6-a1a6-4520f5c22e73.flac?AWSAccessKeyId=AKIA45B7YWBX7MUJ7QCX&Expires=1766190440&Signature=qQpEYKfSomaEHw47v8744W%2BJ3bU%3D,0.22401,65456
1082035605,K1am-2024-06-30_05-40.WAV,2024 Kern 1 - check lat lon,2024,6,30,5,40,sp33,Simple Call,45.8773,47.4187,3656,4688,24000,(not validated),https://rfcx-streams-production.s3.eu-west-1.amazonaws.com/2024/06/30/u783i74g98wc/c31a00e8-27eb-4359-9e71-4d5d599195b6.flac?AWSAccessKeyId=AKIA45B7YWBX7MUJ7QCX&Expires=1766190440&Signature=ma8zG7DwOD%2BbIuFu08nCdtVmFCs%3D,0.212105,65456
1082035606,K1am-2024-06-29_17-00.WAV,2024 Kern 1 - check lat lon,2024,6,29,17,0,sp33,Simple Call,3.11467,4.656,3656,4688,24000,(not validated),https://rfcx-streams-production.s3.eu-west-1.amazonaws.com/2024/06/30/u783i74g98wc/977532ab-0536-48e4-b620-b09fd9148d4c.flac?AWSAccessKeyId=AKIA45B7YWBX7MUJ7QCX&Expires=1766190440&Signature=f5WoiJ9aHbckorpChpvp6SAHB6w%3D,0.240552,65456
1082035607,K1am-2024-06-29_20-00.WAV,2024 Kern 1 - check lat lon,2024,6,29,20,0,sp33,Simple Call,30.2613,31.8027,3656,4688,24000,(not validated),https://rfcx-streams-production.s3.eu-west-1.amazonaws.com/2024/06/30/u783i74g98wc/f1947a7a-ab99-415b-b569-4a4b79a054ca.flac?AWSAccessKeyId=AKIA45B7YWBX7MUJ7QCX&Expires=1766190440&Signature=AFQXOkj1wzd72wtmVcrcE1WbVbc%3D,0.208647,65456
1082035608,K1am-2024-06-29_12-20.WAV,2024 Kern 1 - check lat lon,2024,6,29,12,20,sp33,Simple Call,38.5387,40.08,3656,4688,24000,(not validated),https://rfcx-streams-production.s3.eu-west-1.amazonaws.com/2024/06/29/u783i74g98wc/17f506b3-4f27-4edb-a7f7-27d9ab822fdc.flac?AWSAccessKeyId=AKIA45B7YWBX7MUJ7QCX&Expires=1766190440&Signature=hV7piwaguf7C%2FUZKaJs8iQwyyeI%3D,0.214956,65456
1082035609,K1am-2024-06-29_06-40.WAV,2024 Kern 1 - check lat lon,2024,6,29,6,40,sp33,Simple Call,18.96,20.5013,3656,4688,24000,(not validated),https://rfcx-streams-production.s3.eu-west-1.amazonaws.com/2024/06/29/u783i74g98wc/f4ac0d51-10ca-482c-a045-2220fdd54a3b.flac?AWSAccessKeyId=AKIA45B7YWBX7MUJ7QCX&Expires=1766190440&Signature=48bsMFswgxYuN6Vz21RW6g1H6GU%3D,0.264921,65456
1082035610,K1am-2024-06-28_05-40.WAV,2024 Kern 1 - check lat lon,2024,6,28,5,40,sp33,Simple Call,14.528,16.0693,3656,4688,24000,(not validated),https://rfcx-streams-production.s3.eu-west-1.amazonaws.com/2024/06/28/u783i74g98wc/da4f001c-7ed6-4ec1-ae21-b41c7fe74e50.flac?AWSAccessKeyId=AKIA45B7YWBX7MUJ7QCX&Expires=1766190440&Signature=jKr0VXECvxF0wW%2FQxK17ZYk6b0c%3D,0.292875,65456
1082035611,K1am-2024-06-28_07-40.WAV,2024 Kern 1 - check lat lon,2024,6,28,7,40,sp33,Simple Call,47.7333,49.2747,3656,4688,24000,(not validated),https://rfcx-streams-production.s3.eu-west-1.amazonaws.com/2024/06/28/u783i74g98wc/a4723115-ccf4-4893-aace-807523987a6a.flac?AWSAccessKeyId=AKIA45B7YWBX7MUJ7QCX&Expires=1766190440&Signature=sCR1ajWFdwLRbyhspQ9jUfleTyM%3D,0.208293,65456
1082035612,K1am-2024-06-28_08-20.WAV,2024 Kern 1 - check lat lon,2024,6,28,8,20,sp33,Simple Call,14.7413,16.2827,3656,4688,24000,(not validated),https://rfcx-streams-production.s3.eu-west-1.amazonaws.com/2024/06/28/u783i74g98wc/8b911edb-c903-4525-8d5c-0ae0b7b963a5.flac?AWSAccessKeyId=AKIA45B7YWBX7MUJ7QCX&Expires=1766190440&Signature=SiCC8SJ2%2FPK48rTwUkVlg8g9tk4%3D,0.200837,65456
1082035651,K1am-2024-06-03_17-20.WAV,2024 Kern 1 - check lat lon,2024,6,3,17,20,sp33,Simple Call,54.5707,56.112,3656,4688,24000,(not validated),https://rfcx-streams-production.s3.eu-west-1.amazonaws.com/2024/06/04/u783i74g98wc/20ffea36-1e5f-4bcf-b887-87534dec26c0.flac?AWSAccessKeyId=AKIA45B7YWBX7MUJ7QCX&Expires=1766190440&Signature=TxI07hpAM47rS7sS04DC8rRTNeM%3D,0.275784,65456
1082035652,K1am-2024-06-03_13-20.WAV,2024 Kern 1 - check lat lon,2024,6,3,13,20,sp33,Simple Call,33.2053,34.7467,3656,4688,24000,(not validated),https://rfcx-streams-production.s3.eu-west-1.amazonaws.com/2024/06/03/u783i74g98wc/9e81b490-85f3-41d7-8a94-b62b4f20267f.flac?AWSAccessKeyId=AKIA45B7YWBX7MUJ7QCX&Expires=1766190440&Signature=s3lVRiW2d99F6La11ilmfUYh5Po%3D,0.244255,65456
1082035653,K1am-2024-06-03_11-00.WAV,2024 Kern 1 - check lat lon,2024,6,3,11,0,sp33,Simple Call,44.656,46.1973,3656,4688,24000,(not validated),https://rfcx-streams-production.s3.eu-west-1.amazonaws.com/2024/06/03/u783i74g98wc/7e9cbb68-315b-40ea-a771-465ecba1bbff.flac?AWSAccessKeyId=AKIA45B7YWBX7MUJ7QCX&Expires=1766190440&Signature=ud0qWj6gu9OKMVSz71tyF5sQszw%3D,0.344829,65456
1082035654,K1am-2024-06-02_19-00.WAV,2024 Kern 1 - check lat lon,2024,6,2,19,0,sp33,Simple Call,46.7573,48.2987,3656,4688,24000,(not validated),https://rfcx-streams-production.s3.eu-west-1.amazonaws.com/2024/06/03/u783i74g98wc/6ecd4b82-9c4e-4ca7-bb3c-cc002693b1ff.flac?AWSAccessKeyId=AKIA45B7YWBX7MUJ7QCX&Expires=1766190440&Signature=vqOAGtKUCDDVmJBOlF6uhzKApB4%3D,0.202757,65456
1082035655,K1am-2024-06-02_16-20.WAV,2024 Kern 1 - check lat lon,2024,6,2,16,20,sp33,Simple Call,20.8853,22.4267,3656,4688,24000,(not validated),https://rfcx-streams-production.s3.eu-west-1.amazonaws.com/2024/06/02/u783i74g98wc/01c66796-194a-4f97-8ef6-8b69a31d278f.flac?AWSAccessKeyId=AKIA45B7YWBX7MUJ7QCX&Expires=1766190440&Signature=If0OyuttvF1nvjoqlxzzwxsDcQk%3D,0.222402,65456
1082035656,K1am-2024-06-02_15-20.WAV,2024 Kern 1 - check lat lon,2024,6,2,15,20,sp33,Simple Call,11.8507,13.392,3656,4688,24000,(not validated),https://rfcx-streams-production.s3.eu-west-1.amazonaws.com/2024/06/02/u783i74g98wc/47d54e66-6dae-49c5-bf8c-27ac8d68aa2e.flac?AWSAccessKeyId=AKIA45B7YWBX7MUJ7QCX&Expires=1766190440&Signature=MFOY95ItTxbZWt2pzg3oQzW42AU%3D,0.240697,65456
1082035657,K1am-2024-06-03_13-40.WAV,2024 Kern 1 - check lat lon,2024,6,3,13,40,sp33,Simple Call,9.94133,11.4827,3656,4688,24000,(not validated),https://rfcx-streams-production.s3.eu-west-1.amazonaws.com/2024/06/03/u783i74g98wc/666dd1ea-15da-4a50-ae90-2f53653f55c5.flac?AWSAccessKeyId=AKIA45B7YWBX7MUJ7QCX&Expires=1766190440&Signature=lWfa8K1Jz21XJsH7PmF3OuvzqvE%3D,0.250331,65456
1082035658,K1am-2024-06-03_12-00.WAV,2024 Kern 1 - check lat lon,2024,6,3,12,0,sp33,Simple Call,44.464,46.0053,3656,4688,24000,(not validated),https://rfcx-streams-production.s3.eu-west-1.amazonaws.com/2024/06/03/u783i74g98wc/0f42e196-4cc6-470e-99e1-68a9946a49ec.flac?AWSAccessKeyId=AKIA45B7YWBX7MUJ7QCX&Expires=1766190440&Signature=VzQoohXKOhF06TZFsL29TKvLYVs%3D,0.20168,65456
1082035659,K1am-2024-06-02_17-00.WAV,2024 Kern 1 - check lat lon,2024,6,2,17,0,sp33,Simple Call,29.3387,30.88,3656,4688,24000,(not validated),https://rfcx-streams-production.s3.eu-west-1.amazonaws.com/2024/06/03/u783i74g98wc/3cc346e5-bffc-4b3f-a036-cf14ae9920de.flac?AWSAccessKeyId=AKIA45B7YWBX7MUJ7QCX&Expires=1766190440&Signature=2bZxu1t8pSUOnGttPVhX%2BW9g8Bk%3D,0.306804,65456
1082035660,K1am-2024-06-03_05-20.WAV,2024 Kern 1 - check lat lon,2024,6,3,5,20,sp33,Simple Call,49.9253,51.4667,3656,4688,24000,(not validated),https://rfcx-streams-production.s3.eu-west-1.amazonaws.com/2024/06/03/u783i74g98wc/f9a082e7-e2cf-47d3-9ba9-190662159221.flac?AWSAccessKeyId=AKIA45B7YWBX7MUJ7QCX&Expires=1766190440&Signature=hkTmt2HQhgXHU9FPTXxuK7D2bK0%3D,0.281233,65456
1082035661,K1am-2024-06-02_17-40.WAV,2024 Kern 1 - check lat lon,2024,6,2,17,40,sp33,Simple Call,28.24,29.7813,3656,4688,24000,(not validated),https://rfcx-streams-production.s3.eu-west-1.amazonaws.com/2024/06/03/u783i74g98wc/600c3a81-4c7c-4bee-9a51-f51a509fa2e0.flac?AWSAccessKeyId=AKIA45B7YWBX7MUJ7QCX&Expires=1766190440&Signature=jwVoQgwHAA0M0M3SfHJEXQ5Uovs%3D,0.20766,65456
1082035662,K1am-2024-06-02_18-20.WAV,2024 Kern 1 - check lat lon,2024,6,2,18,20,sp33,Simple Call,36.2507,37.792,3656,4688,24000,(not validated),https://rfcx-streams-production.s3.eu-west-1.amazonaws.com/2024/06/03/u783i74g98wc/c5965909-fd3b-4726-8732-a9187d789787.flac?AWSAccessKeyId=AKIA45B7YWBX7MUJ7QCX&Expires=1766190440&Signature=Qc12iqZ53%2BXKiRPLxTSotIaPHyc%3D,0.333389,65456
1082035663,K1am-2024-06-03_05-00.WAV,2024 Kern 1 - check lat lon,2024,6,3,5,0,sp33,Simple Call,37.056,38.5973,3656,4688,24000,(not validated),https://rfcx-streams-production.s3.eu-west-1.amazonaws.com/2024/06/03/u783i74g98wc/21eebcff-a7f8-4a3d-9eb1-2691b9a75076.flac?AWSAccessKeyId=AKIA45B7YWBX7MUJ7QCX&Expires=1766190440&Signature=pJ1ayUASaXZ%2B1ZEg3r%2FTsUaiXDw%3D,0.299556,65456
1082035664,K1am-2024-06-02_13-00.WAV,2024 Kern 1 - check lat lon,2024,6,2,13,0,sp33,Simple Call,27.664,29.2053,3656,4688,24000,(not validated),https://rfcx-streams-production.s3.eu-west-1.amazonaws.com/2024/06/02/u783i74g98wc/e4b075ad-4e1f-4373-a78b-e84d5aa8fc71.flac?AWSAccessKeyId=AKIA45B7YWBX7MUJ7QCX&Expires=1766190440&Signature=gqxmIlpBN1xDXiRrWQPgigI%2Fj1k%3D,0.359625,65456
1082035665,K1am-2024-06-02_18-00.WAV,2024 Kern 1 - check lat lon,2024,6,2,18,0,sp33,Simple Call,5.84533,7.38667,3656,4688,24000,(not validated),https://rfcx-streams-production.s3.eu-west-1.amazonaws.com/2024/06/03/u783i74g98wc/51ae95a9-61e6-4b41-a6c6-debf0acc7ce3.flac?AWSAccessKeyId=AKIA45B7YWBX7MUJ7QCX&Expires=1766190440&Signature=8txt%2Blpf%2FATWcH8mW0L%2BuBAqUpk%3D,0.302893,65456
1082035666,K1am-2024-06-02_19-40.WAV,2024 Kern 1 - check lat lon,2024,6,2,19,40,sp33,Simple Call,47.408,48.9493,3656,4688,24000,(not validated),https://rfcx-streams-production.s3.eu-west-1.amazonaws.com/2024/06/03/u783i74g98wc/2991c90e-70b3-48da-9634-fbc720c2f88e.flac?AWSAccessKeyId=AKIA45B7YWBX7MUJ7QCX&Expires=1766190440&Signature=DIBdurPmdf9KoIwX%2BVc%2B175Vo60%3D,0.209817,65456
1082035667,K1am-2024-06-02_19-20.WAV,2024 Kern 1 - check lat lon,2024,6,2,19,20,sp33,Simple Call,34.6987,36.24,3656,4688,24000,(not validated),https://rfcx-streams-production.s3.eu-west-1.amazonaws.com/2024/06/03/u783i74g98wc/6f8dc3cd-7afe-45e4-b725-cc818a250b09.flac?AWSAccessKeyId=AKIA45B7YWBX7MUJ7QCX&Expires=1766190440&Signature=8RcwYor1skIl2V7%2FjMh7DWt9YcI%3D,0.335031,65456
1082035668,K1am-2024-06-02_10-20.WAV,2024 Kern 1 - check lat lon,2024,6,2,10,20,sp33,Simple Call,48.416,49.9573,3656,4688,24000,(not validated),https://rfcx-streams-production.s3.eu-west-1.amazonaws.com/2024/06/02/u783i74g98wc/22abd76f-2d5a-4687-9189-f86336075221.flac?AWSAccessKeyId=AKIA45B7YWBX7MUJ7QCX&Expires=1766190440&Signature=LFOM7repn0nsv2hdx01SRgVbXs4%3D,0.243681,65456
1082035669,K1am-2024-06-02_11-20.WAV,2024 Kern 1 - check lat lon,2024,6,2,11,20,sp33,Simple Call,55.168,56.7093,3656,4688,24000,(not validated),https://rfcx-streams-production.s3.eu-west-1.amazonaws.com/2024/06/02/u783i74g98wc/8118a82b-674f-416e-ae26-f950a039e7ce.flac?AWSAccessKeyId=AKIA45B7YWBX7MUJ7QCX&Expires=1766190440&Signature=pduvNny%2BbFA9dVeV22R%2F4A8TcLs%3D,0.32764,65456
1082035670,K1am-2024-06-02_17-20.WAV,2024 Kern 1 - check lat lon,2024,6,2,17,20,sp33,Simple Call,15.6267,17.168,3656,4688,24000,(not validated),https://rfcx-streams-production.s3.eu-west-1.amazonaws.com/2024/06/03/u783i74g98wc/8206626d-8180-48af-9507-0f6ed4282475.flac?AWSAccessKeyId=AKIA45B7YWBX7MUJ7QCX&Expires=1766190440&Signature=%2Fel9fJMKJs7TyAn3dhpStx%2FfgeE%3D,0.218481,65456
1082035671,K1am-2024-06-02_09-40.WAV,2024 Kern 1 - check lat lon,2024,6,2,9,40,sp33,Simple Call,13.424,14.9653,3656,4688,24000,(not validated),https://rfcx-streams-production.s3.eu-west-1.amazonaws.com/2024/06/02/u783i74g98wc/e3f6f403-732b-47e2-8639-6dffa0acda4d.flac?AWSAccessKeyId=AKIA45B7YWBX7MUJ7QCX&Expires=1766190440&Signature=%2F%2FFwI3Z%2FXrlFc2kj1zozNQrAGx0%3D,0.20035,65456
1082035672,K1am-2024-06-02_07-40.WAV,2024 Kern 1 - check lat lon,2024,6,2,7,40,sp33,Simple Call,0.426667,1.968,3656,4688,24000,(not validated),https://rfcx-streams-production.s3.eu-west-1.amazonaws.com/2024/06/02/u783i74g98wc/0c7014bd-b6b3-41d3-b8d1-232a26d34665.flac?AWSAccessKeyId=AKIA45B7YWBX7MUJ7QCX&Expires=1766190440&Signature=eS5KuP2OewBAQy5VkR8LWuvHivw%3D,0.207042,65456
1082035673,K1am-2024-06-02_12-00.WAV,2024 Kern 1 - check lat lon,2024,6,2,12,0,sp33,Simple Call,42.2507,43.792,3656,4688,24000,(not validated),https://rfcx-streams-production.s3.eu-west-1.amazonaws.com/2024/06/02/u783i74g98wc/768e21c0-8b92-4776-aee6-096bb11bbf02.flac?AWSAccessKeyId=AKIA45B7YWBX7MUJ7QCX&Expires=1766190440&Signature=76pgorsyS6a4QG%2FOD6oN%2BIqL8O8%3D,0.215002,65456
1082035674,K1am-2024-06-02_05-20.WAV,2024 Kern 1 - check lat lon,2024,6,2,5,20,sp33,Simple Call,48.912,50.4533,3656,4688,24000,(not validated),https://rfcx-streams-production.s3.eu-west-1.amazonaws.com/2024/06/02/u783i74g98wc/fd1bb3fc-bb75-4d28-b880-fca8844e0ce0.flac?AWSAccessKeyId=AKIA45B7YWBX7MUJ7QCX&Expires=1766190440&Signature=MciQH8KTLicpGGOUuAP9ErptYjk%3D,0.245497,65456
1082035675,K1am-2024-06-01_17-00.WAV,2024 Kern 1 - check lat lon,2024,6,1,17,0,sp33,Simple Call,22.4907,24.032,3656,4688,24000,(not validated),https://rfcx-streams-production.s3.eu-west-1.amazonaws.com/2024/06/02/u783i74g98wc/b13b581a-7630-4356-8c09-9639e87bb205.flac?AWSAccessKeyId=AKIA45B7YWBX7MUJ7QCX&Expires=1766190440&Signature=73%2FtNVeobAJDQwWdT1rtCGr7BKc%3D,0.31503,65456
1082035676,K1am-2024-06-01_17-40.WAV,2024 Kern 1 - check lat lon,2024,6,1,17,40,sp33,Simple Call,53.456,54.9973,3656,4688,24000,(not validated),https://rfcx-streams-production.s3.eu-west-1.amazonaws.com/2024/06/02/u783i74g98wc/576042c2-cfdb-44a0-8c7b-b829ee46591f.flac?AWSAccessKeyId=AKIA45B7YWBX7MUJ7QCX&Expires=1766190440&Signature=24ORRs4q3qaraL%2F6jxQI5Aynrng%3D,0.20631,65456
1082035677,K1am-2024-06-01_15-40.WAV,2024 Kern 1 - check lat lon,2024,6,1,15,40,sp33,Simple Call,41.2907,42.832,3656,4688,24000,(not validated),https://rfcx-streams-production.s3.eu-west-1.amazonaws.com/2024/06/01/u783i74g98wc/27eab9fd-c2b7-45d5-9a81-2cfca7a8a26e.flac?AWSAccessKeyId=AKIA45B7YWBX7MUJ7QCX&Expires=1766190440&Signature=o0PmPWDZWH3f4jFw7MGevvD5nT8%3D,0.286532,65456
1082035678,K1am-2024-06-01_14-00.WAV,2024 Kern 1 - check lat lon,2024,6,1,14,0,sp33,Simple Call,47.1253,48.6667,3656,4688,24000,(not validated),https://rfcx-streams-production.s3.eu-west-1.amazonaws.com/2024/06/01/u783i74g98wc/a25ae1ef-879e-40e4-ac19-6e5d2fb73288.flac?AWSAccessKeyId=AKIA45B7YWBX7MUJ7QCX&Expires=1766190440&Signature=KTnpNU73pFEjGaQsQzUoqCWQ9HQ%3D,0.313705,65456
1082035679,K1am-2024-06-01_15-00.WAV,2024 Kern 1 - check lat lon,2024,6,1,15,0,sp33,Simple Call,22.2293,23.7707,3656,4688,24000,(not validated),https://rfcx-streams-production.s3.eu-west-1.amazonaws.com/2024/06/01/u783i74g98wc/c60b4913-b0c1-4c14-af35-6530fae47c87.flac?AWSAccessKeyId=AKIA45B7YWBX7MUJ7QCX&Expires=1766190440&Signature=yGfNcviYZUnO8yLyF%2B5KzorW51s%3D,0.235936,65456
1082035680,K1am-2024-06-01_08-20.WAV,2024 Kern 1 - check lat lon,2024,6,1,8,20,sp33,Simple Call,19.8773,21.4187,3656,4688,24000,(not validated),https://rfcx-streams-production.s3.eu-west-1.amazonaws.com/2024/06/01/u783i74g98wc/bad69d36-2606-4d4c-aa23-c303b278dc8d.flac?AWSAccessKeyId=AKIA45B7YWBX7MUJ7QCX&Expires=1766190440&Signature=4kUTlJfhurB7ovfJb3UYQ15AJQk%3D,0.248102,65456
1082035681,K1am-2024-06-01_06-40.WAV,2024 Kern 1 - check lat lon,2024,6,1,6,40,sp33,Simple Call,49.3813,50.9227,3656,4688,24000,(not validated),https://rfcx-streams-production.s3.eu-west-1.amazonaws.com/2024/06/01/u783i74g98wc/5d924a5a-7e0d-47b5-9c45-8b03ea3237b3.flac?AWSAccessKeyId=AKIA45B7YWBX7MUJ7QCX&Expires=1766190440&Signature=s4IIJS%2F1KdQ5OT%2B4r9czDFnT614%3D,0.307544,65456
1082035682,K1am-2024-06-01_05-20.WAV,2024 Kern 1 - check lat lon,2024,6,1,5,20,sp33,Simple Call,16,17.5413,3656,4688,24000,(not validated),https://rfcx-streams-production.s3.eu-west-1.amazonaws.com/2024/06/01/u783i74g98wc/e06990d8-04a4-4542-a335-354e62461156.flac?AWSAccessKeyId=AKIA45B7YWBX7MUJ7QCX&Expires=1766190440&Signature=%2F4fjJya%2BKcKIPPVllEk53aplHo4%3D,0.219486,65456
1082035683,K1am-2024-06-01_12-00.WAV,2024 Kern 1 - check lat lon,2024,6,1,12,0,sp33,Simple Call,12.352,13.8933,3656,4688,24000,(not validated),https://rfcx-streams-production.s3.eu-west-1.amazonaws.com/2024/06/01/u783i74g98wc/c9f1540e-63ad-4f4f-9268-cb08dc0bca04.flac?AWSAccessKeyId=AKIA45B7YWBX7MUJ7QCX&Expires=1766190440&Signature=vkl0wbwNW4aqbHYszknouOHtqvQ%3D,0.329836,65456
1082035684,K1am-2024-06-01_05-40.WAV,2024 Kern 1 - check lat lon,2024,6,1,5,40,sp33,Simple Call,16.08,17.6213,3656,4688,24000,(not validated),https://rfcx-streams-production.s3.eu-west-1.amazonaws.com/2024/06/01/u783i74g98wc/2c26aef7-108c-4a7a-868c-a33d71a9c67a.flac?AWSAccessKeyId=AKIA45B7YWBX7MUJ7QCX&Expires=1766190440&Signature=eG2qDhWl85YFllpgHQhrcfCZqfY%3D,0.28014,65456
1082035685,K1am-2024-06-01_10-20.WAV,2024 Kern 1 - check lat lon,2024,6,1,10,20,sp33,Simple Call,12.096,13.6373,3656,4688,24000,(not validated),https://rfcx-streams-production.s3.eu-west-1.amazonaws.com/2024/06/01/u783i74g98wc/0811cf2a-419b-4502-b665-0fbbf7403e32.flac?AWSAccessKeyId=AKIA45B7YWBX7MUJ7QCX&Expires=1766190440&Signature=2imeYX6Ufi3ZQ2HbUYFOkIEf9SM%3D,0.244606,65456
1082035686,K1am-2024-05-31_18-20.WAV,2024 Kern 1 - check lat lon,2024,5,31,18,20,sp33,Simple Call,7.12,8.66133,3656,4688,24000,(not validated),https://rfcx-streams-production.s3.eu-west-1.amazonaws.com/2024/06/01/u783i74g98wc/02c850db-5302-46a3-8a34-8db862956f30.flac?AWSAccessKeyId=AKIA45B7YWBX7MUJ7QCX&Expires=1766190440&Signature=iANCoQb9s76C2P%2FUv8w0jKuYFHA%3D,0.279496,65456
1082035687,K1am-2024-05-31_13-40.WAV,2024 Kern 1 - check lat lon,2024,5,31,13,40,sp33,Simple Call,18.7147,20.256,3656,4688,24000,(not validated),https://rfcx-streams-production.s3.eu-west-1.amazonaws.com/2024/05/31/u783i74g98wc/8a51e8ce-ab35-417a-8ad0-f342663c50f0.flac?AWSAccessKeyId=AKIA45B7YWBX7MUJ7QCX&Expires=1766190440&Signature=pwvu0LSJKuWo4T7C3lB8noFpqeA%3D,0.339908,65456
1082035688,K1am-2024-05-31_19-20.WAV,2024 Kern 1 - check lat lon,2024,5,31,19,20,sp33,Simple Call,44.3253,45.8667,3656,4688,24000,(not validated),https://rfcx-streams-production.s3.eu-west-1.amazonaws.com/2024/06/01/u783i74g98wc/d64c5a0e-2264-49d3-aea6-e89cbedfb258.flac?AWSAccessKeyId=AKIA45B7YWBX7MUJ7QCX&Expires=1766190440&Signature=ZBJ5aLkbVmk2xvz9vPZHxS3iBM8%3D,0.210569,65456
1082035689,K1am-2024-05-31_10-00.WAV,2024 Kern 1 - check lat lon,2024,5,31,10,0,sp33,Simple Call,42.4907,44.032,3656,4688,24000,(not validated),https://rfcx-streams-production.s3.eu-west-1.amazonaws.com/2024/05/31/u783i74g98wc/59e09d66-19a4-4ce2-a3cd-e63fc8c83e4e.flac?AWSAccessKeyId=AKIA45B7YWBX7MUJ7QCX&Expires=1766190440&Signature=SfGnuJFj5Leb60apG2zhSlmjLZQ%3D,0.340168,65456
1082035690,K1am-2024-05-31_05-40.WAV,2024 Kern 1 - check lat lon,2024,5,31,5,40,sp33,Simple Call,50.5867,52.128,3656,4688,24000,(not validated),https://rfcx-streams-production.s3.eu-west-1.amazonaws.com/2024/05/31/u783i74g98wc/51f6a311-d375-4dde-bae0-4a75663f1877.flac?AWSAccessKeyId=AKIA45B7YWBX7MUJ7QCX&Expires=1766190440&Signature=wjEvDpxxJVVBv2jhDholc2%2F9ufE%3D,0.217553,65456
1082035691,K1am-2024-05-31_08-20.WAV,2024 Kern 1 - check lat lon,2024,5,31,8,20,sp33,Simple Call,40.8853,42.4267,3656,4688,24000,(not validated),https://rfcx-streams-production.s3.eu-west-1.amazonaws.com/2024/05/31/u783i74g98wc/5d97666d-2503-4faa-b57f-735612de6dd9.flac?AWSAccessKeyId=AKIA45B7YWBX7MUJ7QCX&Expires=1766190440&Signature=IUy4TFCZjZVCltYHqMmj1glNJnM%3D,0.217994,65456
1082035719,K1am-2024-05-27_11-40.WAV,2024 Kern 1 - check lat lon,2024,5,27,11,40,sp33,Simple Call,14.32,15.8613,3656,4688,24000,(not validated),https://rfcx-streams-production.s3.eu-west-1.amazonaws.com/2024/05/27/u783i74g98wc/46d64a3e-edef-4932-b280-0542a45fc5b7.flac?AWSAccessKeyId=AKIA45B7YWBX7MUJ7QCX&Expires=1766190440&Signature=TcqYvEi1RqcoFWOkMJ%2BlMUOzWBI%3D,0.218429,65456
1082035720,K1am-2024-05-27_20-20.WAV,2024 Kern 1 - check lat lon,2024,5,27,20,20,sp33,Simple Call,58.176,59.7173,3656,4688,24000,(not validated),https://rfcx-streams-production.s3.eu-west-1.amazonaws.com/2024/05/28/u783i74g98wc/bff31fd5-72ec-4058-9635-f2fdb14e01e8.flac?AWSAccessKeyId=AKIA45B7YWBX7MUJ7QCX&Expires=1766190440&Signature=EM6QcfGU5v7Pnrd0KUCSboKl4%2Bg%3D,0.219394,65456
1082035721,K1am-2024-05-26_20-20.WAV,2024 Kern 1 - check lat lon,2024,5,26,20,20,sp33,Simple Call,37.792,39.3333,3656,4688,24000,(not validated),https://rfcx-streams-production.s3.eu-west-1.amazonaws.com/2024/05/27/u783i74g98wc/7426d32c-b980-4120-90a4-5b821499c07a.flac?AWSAccessKeyId=AKIA45B7YWBX7MUJ7QCX&Expires=1766190440&Signature=hLeAdHSnsLn85ukUR%2BSSe9OKoa4%3D,0.201811,65456
1082035722,K1am-2024-05-27_11-00.WAV,2024 Kern 1 - check lat lon,2024,5,27,11,0,sp33,Simple Call,17.6693,19.2107,3656,4688,24000,(not validated),https://rfcx-streams-production.s3.eu-west-1.amazonaws.com/2024/05/27/u783i74g98wc/2c97190e-fa2e-45c3-9768-001a321667f2.flac?AWSAccessKeyId=AKIA45B7YWBX7MUJ7QCX&Expires=1766190440&Signature=a4cDrjwbDnZUzVX6DYESE3%2BAyBQ%3D,0.202713,65456
1082035723,K1am-2024-05-27_14-20.WAV,2024 Kern 1 - check lat lon,2024,5,27,14,20,sp33,Simple Call,54.4587,56,3656,4688,24000,(not validated),https://rfcx-streams-production.s3.eu-west-1.amazonaws.com/2024/05/27/u783i74g98wc/00b3b3fe-5e09-477b-9a7d-058e0d5f6579.flac?AWSAccessKeyId=AKIA45B7YWBX7MUJ7QCX&Expires=1766190440&Signature=2Iay4yEvVjP%2FChOaAtKcEBWOgaE%3D,0.221964,65456
1082035724,K1am-2024-05-26_12-00.WAV,2024 Kern 1 - check lat lon,2024,5,26,12,0,sp33,Simple Call,52.624,54.1653,3656,4688,24000,(not validated),https://rfcx-streams-production.s3.eu-west-1.amazonaws.com/2024/05/26/u783i74g98wc/f514c1ed-4c20-4420-898a-6b0ea78254d3.flac?AWSAccessKeyId=AKIA45B7YWBX7MUJ7QCX&Expires=1766190440&Signature=SUljLZhMlYlbMwyuP71frLMXCLM%3D,0.207117,65456
1082035725,K1am-2024-05-26_18-20.WAV,2024 Kern 1 - check lat lon,2024,5,26,18,20,sp33,Simple Call,25.9093,27.4507,3656,4688,24000,(not validated),https://rfcx-streams-production.s3.eu-west-1.amazonaws.com/2024/05/27/u783i74g98wc/9d88fdfe-e62a-4d76-9cdb-ffb644ae8308.flac?AWSAccessKeyId=AKIA45B7YWBX7MUJ7QCX&Expires=1766190440&Signature=ERLrafk1HBr5aXCyQrDynFnbRHI%3D,0.202658,65456
1082035726,K1am-2024-05-27_07-40.WAV,2024 Kern 1 - check lat lon,2024,5,27,7,40,sp33,Simple Call,57.5893,59.1307,3656,4688,24000,(not validated),https://rfcx-streams-production.s3.eu-west-1.amazonaws.com/2024/05/27/u783i74g98wc/f2d49009-04ab-40d9-a338-49aa5d3c4db5.flac?AWSAccessKeyId=AKIA45B7YWBX7MUJ7QCX&Expires=1766190440&Signature=DdLltESw3XgOZwb%2FhjIj5z19tGM%3D,0.282341,65456
1082035727,K1am-2024-05-27_05-40.WAV,2024 Kern 1 - check lat lon,2024,5,27,5,40,sp33,Simple Call,20.32,21.8613,3656,4688,24000,(not validated),https://rfcx-streams-production.s3.eu-west-1.amazonaws.com/2024/05/27/u783i74g98wc/ff647408-293b-4535-80e1-1fd1b0c81745.flac?AWSAccessKeyId=AKIA45B7YWBX7MUJ7QCX&Expires=1766190440&Signature=JFukbctrv6Yiuy644kRMhr2%2B3Z4%3D,0.223296,65456
1082035728,K1am-2024-05-26_14-00.WAV,2024 Kern 1 - check lat lon,2024,5,26,14,0,sp33,Simple Call,18.976,20.5173,3656,4688,24000,(not validated),https://rfcx-streams-production.s3.eu-west-1.amazonaws.com/2024/05/26/u783i74g98wc/efbd28b3-710b-49ac-8665-14e8a4eb530c.flac?AWSAccessKeyId=AKIA45B7YWBX7MUJ7QCX&Expires=1766190440&Signature=dRw0MJ7viuCkVzyEYKJTBdwJmyY%3D,0.208808,65456
1082035729,K1am-2024-05-25_09-00.WAV,2024 Kern 1 - check lat lon,2024,5,25,9,0,sp33,Simple Call,57.0187,58.56,3656,4688,24000,(not validated),https://rfcx-streams-production.s3.eu-west-1.amazonaws.com/2024/05/25/u783i74g98wc/1339ddcb-c1e1-400b-8da2-a358bf241a34.flac?AWSAccessKeyId=AKIA45B7YWBX7MUJ7QCX&Expires=1766190440&Signature=RNgWXdBV1QXYevU7%2BS4ylXBEnnI%3D,0.210491,65456
1082035730,K1am-2024-05-25_10-20.WAV,2024 Kern 1 - check lat lon,2024,5,25,10,20,sp33,Simple Call,35.2587,36.8,3656,4688,24000,(not validated),https://rfcx-streams-production.s3.eu-west-1.amazonaws.com/2024/05/25/u783i74g98wc/66195dfa-238a-49b4-ab29-bc06d88ef9a3.flac?AWSAccessKeyId=AKIA45B7YWBX7MUJ7QCX&Expires=1766190440&Signature=%2ByBil0DhDtWZYtySof6M6gsD0nQ%3D,0.20413,65456
1082035731,K1am-2024-05-24_18-40.WAV,2024 Kern 1 - check lat lon,2024,5,24,18,40,sp33,Simple Call,14.56,16.1013,3656,4688,24000,(not validated),https://rfcx-streams-production.s3.eu-west-1.amazonaws.com/2024/05/25/u783i74g98wc/36b14104-a5e7-4635-aa25-65eb4abbeca3.flac?AWSAccessKeyId=AKIA45B7YWBX7MUJ7QCX&Expires=1766190440&Signature=YbPlc5WOuAA%2F%2BHCcrGvMxBHSfqo%3D,0.255234,65456
1082035732,K1am-2024-05-24_13-20.WAV,2024 Kern 1 - check lat lon,2024,5,24,13,20,sp33,Simple Call,27.2373,28.7787,3656,4688,24000,(not validated),https://rfcx-streams-production.s3.eu-west-1.amazonaws.com/2024/05/24/u783i74g98wc/acec5001-c9ac-4154-b22c-6e436b238f44.flac?AWSAccessKeyId=AKIA45B7YWBX7MUJ7QCX&Expires=1766190440&Signature=oPpNSk8pGpbNS26M%2Fd3wrOdDZ%2FQ%3D,0.214871,65456
1082035733,K1am-2024-05-24_05-20.WAV,2024 Kern 1 - check lat lon,2024,5,24,5,20,sp33,Simple Call,13.76,15.3013,3656,4688,24000,(not validated),https://rfcx-streams-production.s3.eu-west-1.amazonaws.com/2024/05/24/u783i74g98wc/60379f6e-7738-4452-911c-1643f6cf10a9.flac?AWSAccessKeyId=AKIA45B7YWBX7MUJ7QCX&Expires=1766190440&Signature=QZNi%2BaLcCobRfUWiaYktlsDU2W0%3D,0.248943,65456
1082035768,K1am-2024-06-10_05-40.WAV,2024 Kern 1 - check lat lon,2024,6,10,5,40,sp33,Simple Call,9.72267,11.264,3656,4688,24000,(not validated),https://rfcx-streams-production.s3.eu-west-1.amazonaws.com/2024/06/10/u783i74g98wc/90cf4236-6282-4b25-985d-5aa5d6b06a93.flac?AWSAccessKeyId=AKIA45B7YWBX7MUJ7QCX&Expires=1766190440&Signature=sitVvJ0UIQTBOq79UVnIQxx9WAk%3D,0.205572,65456
1082035769,K1am-2024-06-10_18-20.WAV,2024 Kern 1 - check lat lon,2024,6,10,18,20,sp33,Simple Call,31.7173,33.2587,3656,4688,24000,(not validated),https://rfcx-streams-production.s3.eu-west-1.amazonaws.com/2024/06/11/u783i74g98wc/0b2a4a3e-70b3-4382-935f-501abc2d9487.flac?AWSAccessKeyId=AKIA45B7YWBX7MUJ7QCX&Expires=1766190440&Signature=0W24mFgTwoS3IQstGyK%2BFeq9lZY%3D,0.227596,65456
1082035770,K1am-2024-06-09_20-20.WAV,2024 Kern 1 - check lat lon,2024,6,9,20,20,sp33,Simple Call,29.8507,31.392,3656,4688,24000,(not validated),https://rfcx-streams-production.s3.eu-west-1.amazonaws.com/2024/06/10/u783i74g98wc/3bc8d22a-8fcd-47ed-b0fa-5cce5c508933.flac?AWSAccessKeyId=AKIA45B7YWBX7MUJ7QCX&Expires=1766190440&Signature=ihTnHf%2FTVr9Gq6v6buvcgYl9MO4%3D,0.302795,65456
1082035771,K1am-2024-06-09_15-40.WAV,2024 Kern 1 - check lat lon,2024,6,9,15,40,sp33,Simple Call,13.4507,14.992,3656,4688,24000,(not validated),https://rfcx-streams-production.s3.eu-west-1.amazonaws.com/2024/06/09/u783i74g98wc/09306ffd-0a02-4ce1-9798-3a980f9db5db.flac?AWSAccessKeyId=AKIA45B7YWBX7MUJ7QCX&Expires=1766190440&Signature=jdUJv55I2ZtMX7gVQMa7PBNyBS0%3D,0.330214,65456
1082035772,K1am-2024-06-09_18-40.WAV,2024 Kern 1 - check lat lon,2024,6,9,18,40,sp33,Simple Call,50.4587,52,3656,4688,24000,(not validated),https://rfcx-streams-production.s3.eu-west-1.amazonaws.com/2024/06/10/u783i74g98wc/b9c05bb6-fd68-4faf-b52e-a1360379eea6.flac?AWSAccessKeyId=AKIA45B7YWBX7MUJ7QCX&Expires=1766190440&Signature=0sjWL8qrWEZ3PUEdOsR3vyTlsMA%3D,0.201983,65456
1082035773,K1am-2024-06-09_15-20.WAV,2024 Kern 1 - check lat lon,2024,6,9,15,20,sp33,Simple Call,49.5467,51.088,3656,4688,24000,(not validated),https://rfcx-streams-production.s3.eu-west-1.amazonaws.com/2024/06/09/u783i74g98wc/6de840a8-0f66-47e9-a0b2-155c346cdc79.flac?AWSAccessKeyId=AKIA45B7YWBX7MUJ7QCX&Expires=1766190440&Signature=q%2FqVwmx1%2BviGgHVjJVHUvdL2IL0%3D,0.231334,65456
1082035774,K1am-2024-06-09_19-20.WAV,2024 Kern 1 - check lat lon,2024,6,9,19,20,sp33,Simple Call,20.864,22.4053,3656,4688,24000,(not validated),https://rfcx-streams-production.s3.eu-west-1.amazonaws.com/2024/06/10/u783i74g98wc/002b7fea-b0d9-47c2-9d75-651e00082aa3.flac?AWSAccessKeyId=AKIA45B7YWBX7MUJ7QCX&Expires=1766190440&Signature=g3vgsfpGftKGMNJkqTOrH%2Fo1Faw%3D,0.311648,65456
1082035775,K1am-2024-06-08_20-40.WAV,2024 Kern 1 - check lat lon,2024,6,8,20,40,sp33,Simple Call,56.5333,58.0747,3656,4688,24000,(not validated),https://rfcx-streams-production.s3.eu-west-1.amazonaws.com/2024/06/09/u783i74g98wc/06f742a2-6085-42c1-b58e-5304c7f547b6.flac?AWSAccessKeyId=AKIA45B7YWBX7MUJ7QCX&Expires=1766190440&Signature=0lemMOwZVNxsJuoCj9%2F6Wdg3rP0%3D,0.234474,65456
1082035776,K1am-2024-06-09_11-20.WAV,2024 Kern 1 - check lat lon,2024,6,9,11,20,sp33,Simple Call,23.5893,25.1307,3656,4688,24000,(not validated),https://rfcx-streams-production.s3.eu-west-1.amazonaws.com/2024/06/09/u783i74g98wc/3ef33e93-7a46-4ac6-a388-2c1bba90b688.flac?AWSAccessKeyId=AKIA45B7YWBX7MUJ7QCX&Expires=1766190440&Signature=SnHoegEHmwubkeFWhd0dmiW3ZQY%3D,0.364211,65456
1082035777,K1am-2024-06-08_18-00.WAV,2024 Kern 1 - check lat lon,2024,6,8,18,0,sp33,Simple Call,34.7147,36.256,3656,4688,24000,(not validated),https://rfcx-streams-production.s3.eu-west-1.amazonaws.com/2024/06/09/u783i74g98wc/07803d4f-e04e-4fc8-8130-b75dcb2f0a58.flac?AWSAccessKeyId=AKIA45B7YWBX7MUJ7QCX&Expires=1766190440&Signature=w6k%2FCbc4UAzBqs3%2B3Mf%2Byr2EWi4%3D,0.304046,65456
1082035778,K1am-2024-06-08_17-40.WAV,2024 Kern 1 - check lat lon,2024,6,8,17,40,sp33,Simple Call,45.808,47.3493,3656,4688,24000,(not validated),https://rfcx-streams-production.s3.eu-west-1.amazonaws.com/2024/06/09/u783i74g98wc/834587df-f8d1-4903-95df-9749343b856e.flac?AWSAccessKeyId=AKIA45B7YWBX7MUJ7QCX&Expires=1766190440&Signature=EX1GdNLEt6GKfaeEA1lLxyUgVjo%3D,0.256198,65456
1082035779,K1am-2024-06-08_14-40.WAV,2024 Kern 1 - check lat lon,2024,6,8,14,40,sp33,Simple Call,50.0587,51.6,3656,4688,24000,(not validated),https://rfcx-streams-production.s3.eu-west-1.amazonaws.com/2024/06/08/u783i74g98wc/574b809e-82fa-4f3d-aec6-4baff51e6929.flac?AWSAccessKeyId=AKIA45B7YWBX7MUJ7QCX&Expires=1766190440&Signature=mzItFlcMU6sLc00sp7D7Ep6%2BkWI%3D,0.298973,65456
1082035780,K1am-2024-06-08_12-40.WAV,2024 Kern 1 - check lat lon,2024,6,8,12,40,sp33,Simple Call,39.1413,40.6827,3656,4688,24000,(not validated),https://rfcx-streams-production.s3.eu-west-1.amazonaws.com/2024/06/08/u783i74g98wc/b7e5e06a-c27e-463d-b668-928f542f71df.flac?AWSAccessKeyId=AKIA45B7YWBX7MUJ7QCX&Expires=1766190440&Signature=%2BB6jLDXe4ky7NUl8m%2Fs7zqoHosU%3D,0.214217,65456
1082035781,K1am-2024-06-08_04-40.WAV,2024 Kern 1 - check lat lon,2024,6,8,4,40,sp33,Simple Call,28.6987,30.24,3656,4688,24000,(not validated),https://rfcx-streams-production.s3.eu-west-1.amazonaws.com/2024/06/08/u783i74g98wc/56ba7369-c75f-410a-a7a2-6d5cc58c31ca.flac?AWSAccessKeyId=AKIA45B7YWBX7MUJ7QCX&Expires=1766190440&Signature=5ycwklyvMQ%2FSRuo14oJKeA5gKeQ%3D,0.203187,65456
1082035782,K1am-2024-06-08_05-40.WAV,2024 Kern 1 - check lat lon,2024,6,8,5,40,sp33,Simple Call,6.912,8.45333,3656,4688,24000,(not validated),https://rfcx-streams-production.s3.eu-west-1.amazonaws.com/2024/06/08/u783i74g98wc/e9cc8e5a-7bf8-4691-a940-3b2a094f6382.flac?AWSAccessKeyId=AKIA45B7YWBX7MUJ7QCX&Expires=1766190440&Signature=jlERcLVgk2RGwe0AwMNy5zlRJtw%3D,0.210946,65456
1082035783,K1am-2024-06-07_09-20.WAV,2024 Kern 1 - check lat lon,2024,6,7,9,20,sp33,Simple Call,10.144,11.6853,3656,4688,24000,(not validated),https://rfcx-streams-production.s3.eu-west-1.amazonaws.com/2024/06/07/u783i74g98wc/bf9c269e-effa-4299-a891-06eeaa3bc18e.flac?AWSAccessKeyId=AKIA45B7YWBX7MUJ7QCX&Expires=1766190440&Signature=DGI%2BSi7TZc9s8M5lucwbuHnwGkw%3D,0.23954,65456
1082035784,K1am-2024-06-07_05-20.WAV,2024 Kern 1 - check lat lon,2024,6,7,5,20,sp33,Simple Call,2.256,3.79733,3656,4688,24000,(not validated),https://rfcx-streams-production.s3.eu-west-1.amazonaws.com/2024/06/07/u783i74g98wc/f58516ec-11b7-488a-a8b0-aa13031bfdfd.flac?AWSAccessKeyId=AKIA45B7YWBX7MUJ7QCX&Expires=1766190440&Signature=AZlYfnLlTC4lBytmqlJ07b5hPRo%3D,0.32339,65456
1082035785,K1am-2024-06-08_17-00.WAV,2024 Kern 1 - check lat lon,2024,6,8,17,0,sp33,Simple Call,55.152,56.6933,3656,4688,24000,(not validated),https://rfcx-streams-production.s3.eu-west-1.amazonaws.com/2024/06/09/u783i74g98wc/f49956af-117a-4c81-9a2e-7dab678edb41.flac?AWSAccessKeyId=AKIA45B7YWBX7MUJ7QCX&Expires=1766190440&Signature=D6acIeK2FZi6fdu00Ft8nbKxLRU%3D,0.257273,65456
1082035786,K1am-2024-06-08_12-20.WAV,2024 Kern 1 - check lat lon,2024,6,8,12,20,sp33,Simple Call,20.88,22.4213,3656,4688,24000,(not validated),https://rfcx-streams-production.s3.eu-west-1.amazonaws.com/2024/06/08/u783i74g98wc/0e58ca39-8ab9-480f-b49f-302b80c041f4.flac?AWSAccessKeyId=AKIA45B7YWBX7MUJ7QCX&Expires=1766190440&Signature=BdgdJyo31is7frKCjzWA5VpRI%2F4%3D,0.327459,65456
1082035787,K1am-2024-06-06_20-40.WAV,2024 Kern 1 - check lat lon,2024,6,6,20,40,sp33,Simple Call,8.97067,10.512,3656,4688,24000,(not validated),https://rfcx-streams-production.s3.eu-west-1.amazonaws.com/2024/06/07/u783i74g98wc/5e77267c-fa7e-4193-9e28-3a24149e0b79.flac?AWSAccessKeyId=AKIA45B7YWBX7MUJ7QCX&Expires=1766190440&Signature=6Uj%2BjXuYUn1SPIhAb6ThH3yC0aE%3D,0.217817,65456
1082035788,K1am-2024-06-06_16-20.WAV,2024 Kern 1 - check lat lon,2024,6,6,16,20,sp33,Simple Call,1.568,3.10933,3656,4688,24000,(not validated),https://rfcx-streams-production.s3.eu-west-1.amazonaws.com/2024/06/06/u783i74g98wc/e47752e8-1203-425f-8058-6146ad714a55.flac?AWSAccessKeyId=AKIA45B7YWBX7MUJ7QCX&Expires=1766190440&Signature=jCbuOON747dsd7pJwffZZw8HXzQ%3D,0.244489,65456
1082035789,K1am-2024-05-30_19-40.WAV,2024 Kern 1 - check lat lon,2024,5,30,19,40,sp33,Simple Call,29.8293,31.3707,3656,4688,24000,(not validated),https://rfcx-streams-production.s3.eu-west-1.amazonaws.com/2024/05/31/u783i74g98wc/a21165af-73ed-4e45-8b9d-7147608f2a1e.flac?AWSAccessKeyId=AKIA45B7YWBX7MUJ7QCX&Expires=1766190440&Signature=bCqjJFQn4wrFasZVD9aEgHfzG%2Fo%3D,0.204152,65456
1082035790,K1am-2024-05-30_18-20.WAV,2024 Kern 1 - check lat lon,2024,5,30,18,20,sp33,Simple Call,23.8507,25.392,3656,4688,24000,(not validated),https://rfcx-streams-production.s3.eu-west-1.amazonaws.com/2024/05/31/u783i74g98wc/1cd5e1ba-a70a-4fe1-b954-488a20cbab5e.flac?AWSAccessKeyId=AKIA45B7YWBX7MUJ7QCX&Expires=1766190440&Signature=fUKMeeJ1kBcaHMjTyyyUqerxn2A%3D,0.203887,65456
1082035791,K1am-2024-05-30_20-00.WAV,2024 Kern 1 - check lat lon,2024,5,30,20,0,sp33,Simple Call,30.1973,31.7387,3656,4688,24000,(not validated),https://rfcx-streams-production.s3.eu-west-1.amazonaws.com/2024/05/31/u783i74g98wc/518f192b-5449-4b7c-b45a-02f27db9f909.flac?AWSAccessKeyId=AKIA45B7YWBX7MUJ7QCX&Expires=1766190440&Signature=9G5DVPbjIjJ38h%2FAF5ZqA%2BHHgv4%3D,0.207385,65456
1082035792,K1am-2024-05-30_14-00.WAV,2024 Kern 1 - check lat lon,2024,5,30,14,0,sp33,Simple Call,37.0827,38.624,3656,4688,24000,(not validated),https://rfcx-streams-production.s3.eu-west-1.amazonaws.com/2024/05/30/u783i74g98wc/f317b671-0340-470c-b4ad-221f5ac9d00f.flac?AWSAccessKeyId=AKIA45B7YWBX7MUJ7QCX&Expires=1766190440&Signature=RMFSnJfmgB5331sXDp8wdJUAIto%3D,0.213293,65456
1082035793,K1am-2024-05-30_10-20.WAV,2024 Kern 1 - check lat lon,2024,5,30,10,20,sp33,Simple Call,30.8267,32.368,3656,4688,24000,(not validated),https://rfcx-streams-production.s3.eu-west-1.amazonaws.com/2024/05/30/u783i74g98wc/3206f398-cdbd-4149-a10d-44d36b552f99.flac?AWSAccessKeyId=AKIA45B7YWBX7MUJ7QCX&Expires=1766190440&Signature=vrTd1tkHYHToG%2FG2n9MdPHMhpsU%3D,0.206807,65456
1082035794,K1am-2024-05-30_09-20.WAV,2024 Kern 1 - check lat lon,2024,5,30,9,20,sp33,Simple Call,5.76533,7.30667,3656,4688,24000,(not validated),https://rfcx-streams-production.s3.eu-west-1.amazonaws.com/2024/05/30/u783i74g98wc/9a917c33-9f57-4547-ac9a-81205a621e77.flac?AWSAccessKeyId=AKIA45B7YWBX7MUJ7QCX&Expires=1766190440&Signature=9TkDYD%2FM5ssu14MYnXbkoALF62A%3D,0.21106,65456
1082035795,K1am-2024-05-30_10-00.WAV,2024 Kern 1 - check lat lon,2024,5,30,10,0,sp33,Simple Call,32.9867,34.528,3656,4688,24000,(not validated),https://rfcx-streams-production.s3.eu-west-1.amazonaws.com/2024/05/30/u783i74g98wc/b53ef135-314b-420d-8e44-caf35dde92e9.flac?AWSAccessKeyId=AKIA45B7YWBX7MUJ7QCX&Expires=1766190440&Signature=XOJXSzOoskDJ8ITkvx%2B3Oi61O60%3D,0.200951,65456
1082035796,K1am-2024-05-30_11-00.WAV,2024 Kern 1 - check lat lon,2024,5,30,11,0,sp33,Simple Call,24.5707,26.112,3656,4688,24000,(not validated),https://rfcx-streams-production.s3.eu-west-1.amazonaws.com/2024/05/30/u783i74g98wc/7061431e-e64b-4311-8ac7-dc7d1f71ec9b.flac?AWSAccessKeyId=AKIA45B7YWBX7MUJ7QCX&Expires=1766190440&Signature=foZ4mHBoMqBeALxkjmlZfIpyC%2FY%3D,0.334669,65456
1082035797,K1am-2024-05-30_05-20.WAV,2024 Kern 1 - check lat lon,2024,5,30,5,20,sp33,Simple Call,45.9253,47.4667,3656,4688,24000,(not validated),https://rfcx-streams-production.s3.eu-west-1.amazonaws.com/2024/05/30/u783i74g98wc/76495329-1c7b-4318-8bfd-95dcac66d979.flac?AWSAccessKeyId=AKIA45B7YWBX7MUJ7QCX&Expires=1766190440&Signature=iWP%2BNjcMnsenVcxjE5uii1MHw4o%3D,0.274161,65456
1082035798,K1am-2024-05-30_07-00.WAV,2024 Kern 1 - check lat lon,2024,5,30,7,0,sp33,Simple Call,18.4373,19.9787,3656,4688,24000,(not validated),https://rfcx-streams-production.s3.eu-west-1.amazonaws.com/2024/05/30/u783i74g98wc/a3f4c5a7-906b-4115-b7de-8fc2c189b6e3.flac?AWSAccessKeyId=AKIA45B7YWBX7MUJ7QCX&Expires=1766190440&Signature=9TIRGCuytwgEHKj28nK8Ua1vjTE%3D,0.270978,65456
1082035799,K1am-2024-05-30_13-20.WAV,2024 Kern 1 - check lat lon,2024,5,30,13,20,sp33,Simple Call,31.3387,32.88,3656,4688,24000,(not validated),https://rfcx-streams-production.s3.eu-west-1.amazonaws.com/2024/05/30/u783i74g98wc/eeae6c93-2290-4333-9ff1-c49b88dcb4fb.flac?AWSAccessKeyId=AKIA45B7YWBX7MUJ7QCX&Expires=1766190440&Signature=csRR9RSVsjUbHsr5UtPsuHXwxvE%3D,0.218325,65456
1082035800,K1am-2024-05-30_15-20.WAV,2024 Kern 1 - check lat lon,2024,5,30,15,20,sp33,Simple Call,56.6187,58.16,3656,4688,24000,(not validated),https://rfcx-streams-production.s3.eu-west-1.amazonaws.com/2024/05/30/u783i74g98wc/3b85e6bf-4496-462c-a58b-342833c28f9b.flac?AWSAccessKeyId=AKIA45B7YWBX7MUJ7QCX&Expires=1766190440&Signature=TaNc79ppmgAOSyK5xaU86HBAGM8%3D,0.208617,65456
1082035801,K1am-2024-05-30_04-40.WAV,2024 Kern 1 - check lat lon,2024,5,30,4,40,sp33,Simple Call,50.544,52.0853,3656,4688,24000,(not validated),https://rfcx-streams-production.s3.eu-west-1.amazonaws.com/2024/05/30/u783i74g98wc/53cadcbd-b9bd-47c7-805f-e279d47adb7b.flac?AWSAccessKeyId=AKIA45B7YWBX7MUJ7QCX&Expires=1766190440&Signature=%2FeGIZICqzJYPS%2BaysLc0w2ped5g%3D,0.200223,65456
1082035802,K1am-2024-05-29_19-20.WAV,2024 Kern 1 - check lat lon,2024,5,29,19,20,sp33,Simple Call,33.0453,34.5867,3656,4688,24000,(not validated),https://rfcx-streams-production.s3.eu-west-1.amazonaws.com/2024/05/30/u783i74g98wc/0fa9c259-3f94-420d-80fb-199b5824251e.flac?AWSAccessKeyId=AKIA45B7YWBX7MUJ7QCX&Expires=1766190440&Signature=eDTgy50rWBBQ31I1vEai8mY%2F7MI%3D,0.240454,65456
1082035803,K1am-2024-05-29_15-00.WAV,2024 Kern 1 - check lat lon,2024,5,29,15,0,sp33,Simple Call,28.7307,30.272,3656,4688,24000,(not validated),https://rfcx-streams-production.s3.eu-west-1.amazonaws.com/2024/05/29/u783i74g98wc/ec7dc1b0-db75-44cc-bdb4-f62ea25bce2c.flac?AWSAccessKeyId=AKIA45B7YWBX7MUJ7QCX&Expires=1766190440&Signature=oi9%2FO115I%2BcArUCyu22lP8EWehA%3D,0.343581,65456
1082035804,K1am-2024-05-29_05-20.WAV,2024 Kern 1 - check lat lon,2024,5,29,5,20,sp33,Simple Call,38.864,40.4053,3656,4688,24000,(not validated),https://rfcx-streams-production.s3.eu-west-1.amazonaws.com/2024/05/29/u783i74g98wc/dc5f2d5a-11ee-41e1-aee9-d9c4d584dc8c.flac?AWSAccessKeyId=AKIA45B7YWBX7MUJ7QCX&Expires=1766190440&Signature=IuRZgZeFEXcAepQWbmJ70D%2FNpIA%3D,0.225653,65456
1082035805,K1am-2024-05-29_20-00.WAV,2024 Kern 1 - check lat lon,2024,5,29,20,0,sp33,Simple Call,10.1707,11.712,3656,4688,24000,(not validated),https://rfcx-streams-production.s3.eu-west-1.amazonaws.com/2024/05/30/u783i74g98wc/3fe7077f-7f69-45ac-ae26-c5e8b23b7256.flac?AWSAccessKeyId=AKIA45B7YWBX7MUJ7QCX&Expires=1766190440&Signature=krcx14mg4UUcJDlR%2FZTu0MObvGg%3D,0.203102,65456
1082035806,K1am-2024-05-29_07-00.WAV,2024 Kern 1 - check lat lon,2024,5,29,7,0,sp33,Simple Call,41.088,42.6293,3656,4688,24000,(not validated),https://rfcx-streams-production.s3.eu-west-1.amazonaws.com/2024/05/29/u783i74g98wc/c972b1eb-5282-4ca4-aeb2-903928b8e984.flac?AWSAccessKeyId=AKIA45B7YWBX7MUJ7QCX&Expires=1766190440&Signature=duyCR2RJV59xOgBoknet0s%2BepXo%3D,0.209215,65456
1082035807,K1am-2024-05-29_06-00.WAV,2024 Kern 1 - check lat lon,2024,5,29,6,0,sp33,Simple Call,51.8987,53.44,3656,4688,24000,(not validated),https://rfcx-streams-production.s3.eu-west-1.amazonaws.com/2024/05/29/u783i74g98wc/2c53bb8f-f54a-4de1-9a2b-3e4d4df6b4bb.flac?AWSAccessKeyId=AKIA45B7YWBX7MUJ7QCX&Expires=1766190440&Signature=w9eLUO%2Bv25ZcKtEc30MyhyHe5Ew%3D,0.202381,65456
1082035808,K1am-2024-05-28_07-00.WAV,2024 Kern 1 - check lat lon,2024,5,28,7,0,sp33,Simple Call,49.776,51.3173,3656,4688,24000,(not validated),https://rfcx-streams-production.s3.eu-west-1.amazonaws.com/2024/05/28/u783i74g98wc/45ac8559-c5da-4ddb-9b95-ce438b647780.flac?AWSAccessKeyId=AKIA45B7YWBX7MUJ7QCX&Expires=1766190440&Signature=d%2BNVgIQKRYATtIK1Co4A2vH5IGk%3D,0.306252,65456
1082035809,K1am-2024-05-28_05-20.WAV,2024 Kern 1 - check lat lon,2024,5,28,5,20,sp33,Simple Call,47.2587,48.8,3656,4688,24000,(not validated),https://rfcx-streams-production.s3.eu-west-1.amazonaws.com/2024/05/28/u783i74g98wc/21b45f9e-432d-48d0-8153-5bec8a87f5ed.flac?AWSAccessKeyId=AKIA45B7YWBX7MUJ7QCX&Expires=1766190440&Signature=m2y5uSLI%2FfZh7gzHvU4FRB4RVnw%3D,0.202095,65456
1082035810,K1am-2024-05-28_11-40.WAV,2024 Kern 1 - check lat lon,2024,5,28,11,40,sp33,Simple Call,32.9333,34.4747,3656,4688,24000,(not validated),https://rfcx-streams-production.s3.eu-west-1.amazonaws.com/2024/05/28/u783i74g98wc/7e71d9d7-80ac-4fd4-a758-4392d9352423.flac?AWSAccessKeyId=AKIA45B7YWBX7MUJ7QCX&Expires=1766190440&Signature=jlLlT9ysyOhCqc5EeO1gYW%2FNeuE%3D,0.23449,65456
1082035811,K1am-2024-05-28_17-40.WAV,2024 Kern 1 - check lat lon,2024,5,28,17,40,sp33,Simple Call,4.78933,6.33067,3656,4688,24000,(not validated),https://rfcx-streams-production.s3.eu-west-1.amazonaws.com/2024/05/29/u783i74g98wc/4f81296e-e624-4738-aeff-c8c4bc063757.flac?AWSAccessKeyId=AKIA45B7YWBX7MUJ7QCX&Expires=1766190440&Signature=DwCS4HN34bpTA%2FJI9Ug4pVbZh9o%3D,0.262366,65456
1082035812,K1am-2024-05-28_09-40.WAV,2024 Kern 1 - check lat lon,2024,5,28,9,40,sp33,Simple Call,54.8907,56.432,3656,4688,24000,(not validated),https://rfcx-streams-production.s3.eu-west-1.amazonaws.com/2024/05/28/u783i74g98wc/6c6a49e8-41db-4f2a-ac56-0b93febcf729.flac?AWSAccessKeyId=AKIA45B7YWBX7MUJ7QCX&Expires=1766190440&Signature=N0rPomPU2O9a%2F9MUNtwIgkHUqi8%3D,0.279488,65456
1082035813,K1am-2024-05-28_06-20.WAV,2024 Kern 1 - check lat lon,2024,5,28,6,20,sp33,Simple Call,37.4133,38.9547,3656,4688,24000,(not validated),https://rfcx-streams-production.s3.eu-west-1.amazonaws.com/2024/05/28/u783i74g98wc/1838afc2-ff9c-45cc-ae34-0350c008f75e.flac?AWSAccessKeyId=AKIA45B7YWBX7MUJ7QCX&Expires=1766190440&Signature=6KXUKzC1Lm4v3j5YhKPlcksaRTU%3D,0.234433,65456
1082035814,K1am-2024-05-28_04-00.WAV,2024 Kern 1 - check lat lon,2024,5,28,4,0,sp33,Simple Call,58.0747,59.616,3656,4688,24000,(not validated),https://rfcx-streams-production.s3.eu-west-1.amazonaws.com/2024/05/28/u783i74g98wc/c4e0bc33-31e8-47ea-b407-d75d6cb24b7c.flac?AWSAccessKeyId=AKIA45B7YWBX7MUJ7QCX&Expires=1766190440&Signature=ZS5WGhIIDIBZVbFsJJuRc8gIDHQ%3D,0.206147,65456
1082035815,K1am-2024-05-28_15-00.WAV,2024 Kern 1 - check lat lon,2024,5,28,15,0,sp33,Simple Call,39.472,41.0133,3656,4688,24000,(not validated),https://rfcx-streams-production.s3.eu-west-1.amazonaws.com/2024/05/28/u783i74g98wc/57a545a4-0876-4464-a343-c5896ff704d4.flac?AWSAccessKeyId=AKIA45B7YWBX7MUJ7QCX&Expires=1766190440&Signature=LTOjZl9f5yK%2BXmlkkDwBdMVUzNk%3D,0.2985,65456
1082035816,K1am-2024-05-28_16-20.WAV,2024 Kern 1 - check lat lon,2024,5,28,16,20,sp33,Simple Call,55.68,57.2213,3656,4688,24000,(not validated),https://rfcx-streams-production.s3.eu-west-1.amazonaws.com/2024/05/28/u783i74g98wc/24f852f1-6d80-435a-9c0d-6af9b7e9d72a.flac?AWSAccessKeyId=AKIA45B7YWBX7MUJ7QCX&Expires=1766190440&Signature=R4zjSx7vlxPP9%2FI2NVkRtImFgR0%3D,0.211471,65456
1082035817,K1am-2024-05-27_19-40.WAV,2024 Kern 1 - check lat lon,2024,5,27,19,40,sp33,Simple Call,46.5973,48.1387,3656,4688,24000,(not validated),https://rfcx-streams-production.s3.eu-west-1.amazonaws.com/2024/05/28/u783i74g98wc/44ab12ed-a12c-40c1-b262-63c77cd516e5.flac?AWSAccessKeyId=AKIA45B7YWBX7MUJ7QCX&Expires=1766190440&Signature=7Mrg2jJczHzo5UITY9N7LIxUOGQ%3D,0.215506,65456
1082035818,K1am-2024-05-27_15-40.WAV,2024 Kern 1 - check lat lon,2024,5,27,15,40,sp33,Simple Call,6.40533,7.94667,3656,4688,24000,(not validated),https://rfcx-streams-production.s3.eu-west-1.amazonaws.com/2024/05/27/u783i74g98wc/a5500728-8600-4594-8bd2-1fdf5999e766.flac?AWSAccessKeyId=AKIA45B7YWBX7MUJ7QCX&Expires=1766190440&Signature=0%2BniF2Wz87SLFuIALtTXpiK%2FOXo%3D,0.309593,65456
1082035819,K1am-2024-05-27_12-40.WAV,2024 Kern 1 - check lat lon,2024,5,27,12,40,sp33,Simple Call,27.184,28.7253,3656,4688,24000,(not validated),https://rfcx-streams-production.s3.eu-west-1.amazonaws.com/2024/05/27/u783i74g98wc/abc28353-d825-4669-952c-a5ba9399b854.flac?AWSAccessKeyId=AKIA45B7YWBX7MUJ7QCX&Expires=1766190440&Signature=1nAWZ3aOgh%2Fx3dkfcc5Ubpcvmok%3D,0.206627,65456
1082035820,K1am-2024-05-27_09-20.WAV,2024 Kern 1 - check lat lon,2024,5,27,9,20,sp33,Simple Call,48.2347,49.776,3656,4688,24000,(not validated),https://rfcx-streams-production.s3.eu-west-1.amazonaws.com/2024/05/27/u783i74g98wc/3adf62b1-2d1a-4b7f-8ac2-c0c9ec56080a.flac?AWSAccessKeyId=AKIA45B7YWBX7MUJ7QCX&Expires=1766190440&Signature=IXq82otY5IOC94tT%2FtyfHxhEeLE%3D,0.298341,65456
1082035821,K1am-2024-05-28_10-00.WAV,2024 Kern 1 - check lat lon,2024,5,28,10,0,sp33,Simple Call,19.136,20.6773,3656,4688,24000,(not validated),https://rfcx-streams-production.s3.eu-west-1.amazonaws.com/2024/05/28/u783i74g98wc/be62cbc9-4d9f-4fd2-8476-07d8f12249e8.flac?AWSAccessKeyId=AKIA45B7YWBX7MUJ7QCX&Expires=1766190440&Signature=ARi44CIQ2HnC3UUlepN%2FdWoO5ig%3D,0.257193,65456
1082035823,K1am-2024-05-17_09-40.WAV,2024 Kern 1 - check lat lon,2024,5,17,9,40,sp33,Simple Call,2.096,3.63733,3656,4688,24000,(not validated),https://rfcx-streams-production.s3.eu-west-1.amazonaws.com/2024/05/17/u783i74g98wc/13d59416-afaf-43b7-93c2-3160af83d40a.flac?AWSAccessKeyId=AKIA45B7YWBX7MUJ7QCX&Expires=1766190440&Signature=HvzNbFqDRrvyofeOA7GsQJK7jWY%3D,0.20455,65456
1082035824,K1am-2024-05-17_05-00.WAV,2024 Kern 1 - check lat lon,2024,5,17,5,0,sp33,Simple Call,11.3707,12.912,3656,4688,24000,(not validated),https://rfcx-streams-production.s3.eu-west-1.amazonaws.com/2024/05/17/u783i74g98wc/eccb0dd8-73bd-4517-8cc7-ff3682b1ea30.flac?AWSAccessKeyId=AKIA45B7YWBX7MUJ7QCX&Expires=1766190440&Signature=1PN1lotECFe%2BohMm5wA1ggaI44k%3D,0.228034,65456
1082035825,K1am-2024-05-16_11-40.WAV,2024 Kern 1 - check lat lon,2024,5,16,11,40,sp33,Simple Call,31.4453,32.9867,3656,4688,24000,(not validated),https://rfcx-streams-production.s3.eu-west-1.amazonaws.com/2024/05/16/u783i74g98wc/c4c22bb0-033d-4dcc-8fcc-fcedb501eb1e.flac?AWSAccessKeyId=AKIA45B7YWBX7MUJ7QCX&Expires=1766190440&Signature=aw0gt6m57%2FPff%2FO5YZHgiizXfl4%3D,0.206564,65456
1082035826,K1am-2024-05-16_12-00.WAV,2024 Kern 1 - check lat lon,2024,5,16,12,0,sp33,Simple Call,37.456,38.9973,3656,4688,24000,(not validated),https://rfcx-streams-production.s3.eu-west-1.amazonaws.com/2024/05/16/u783i74g98wc/e9306fc5-8248-4a31-9a4e-d1d6e3f189ee.flac?AWSAccessKeyId=AKIA45B7YWBX7MUJ7QCX&Expires=1766190440&Signature=ksWfuVJZl74GunXX%2B2DjsKhSEzM%3D,0.200561,65456
1082035827,K1am-2024-05-16_08-20.WAV,2024 Kern 1 - check lat lon,2024,5,16,8,20,sp33,Simple Call,22.0533,23.5947,3656,4688,24000,(not validated),https://rfcx-streams-production.s3.eu-west-1.amazonaws.com/2024/05/16/u783i74g98wc/1e2a9ba5-c97f-430f-a665-8302231895f0.flac?AWSAccessKeyId=AKIA45B7YWBX7MUJ7QCX&Expires=1766190440&Signature=SvL6HQ9LS8HF0FB9PKoAHB6Fr0U%3D,0.209404,65456
1082035828,K1am-2024-05-16_10-40.WAV,2024 Kern 1 - check lat lon,2024,5,16,10,40,sp33,Simple Call,57.632,59.1733,3656,4688,24000,(not validated),https://rfcx-streams-production.s3.eu-west-1.amazonaws.com/2024/05/16/u783i74g98wc/1972f591-b215-42ab-a3c2-7a803137927c.flac?AWSAccessKeyId=AKIA45B7YWBX7MUJ7QCX&Expires=1766190440&Signature=%2Bp4AOzZyxdkg64xAZGf8JQJG%2Fu4%3D,0.251212,65456
1082035829,K1am-2024-05-17_13-40.WAV,2024 Kern 1 - check lat lon,2024,5,17,13,40,sp33,Simple Call,54.0693,55.6107,3656,4688,24000,(not validated),https://rfcx-streams-production.s3.eu-west-1.amazonaws.com/2024/05/17/u783i74g98wc/9fd0eb7c-a8d7-45cf-b3e1-8e4563ba4c7a.flac?AWSAccessKeyId=AKIA45B7YWBX7MUJ7QCX&Expires=1766190440&Signature=HX6w7ZlRcBtiLFRCuxKOnUgdWw8%3D,0.250943,65456
1082035830,K1am-2024-05-16_06-20.WAV,2024 Kern 1 - check lat lon,2024,5,16,6,20,sp33,Simple Call,48.1227,49.664,3656,4688,24000,(not validated),https://rfcx-streams-production.s3.eu-west-1.amazonaws.com/2024/05/16/u783i74g98wc/0b9f3deb-3ea0-4937-b081-4c74419813ea.flac?AWSAccessKeyId=AKIA45B7YWBX7MUJ7QCX&Expires=1766190440&Signature=TZe%2BdLz86qWj8CUMxE6j0fTI6QY%3D,0.200285,65456
1082035831,K1am-2024-05-16_11-20.WAV,2024 Kern 1 - check lat lon,2024,5,16,11,20,sp33,Simple Call,27.104,28.6453,3656,4688,24000,(not validated),https://rfcx-streams-production.s3.eu-west-1.amazonaws.com/2024/05/16/u783i74g98wc/08926285-e627-4aaf-88c0-ecfc8055621f.flac?AWSAccessKeyId=AKIA45B7YWBX7MUJ7QCX&Expires=1766190440&Signature=PfEf2%2FkqisxG3LiEfPr2AToZvOs%3D,0.20024,65456
1082035832,K1am-2024-05-16_09-20.WAV,2024 Kern 1 - check lat lon,2024,5,16,9,20,sp33,Simple Call,3.01867,4.56,3656,4688,24000,(not validated),https://rfcx-streams-production.s3.eu-west-1.amazonaws.com/2024/05/16/u783i74g98wc/978c3c09-0664-4d08-9e56-f5bf0a2e40a7.flac?AWSAccessKeyId=AKIA45B7YWBX7MUJ7QCX&Expires=1766190440&Signature=H7eNmEJkysB7e17LLq%2F9S91%2BDP0%3D,0.272615,65456
1082035833,K1am-2024-05-17_05-40.WAV,2024 Kern 1 - check lat lon,2024,5,17,5,40,sp33,Simple Call,57.4613,59.0027,3656,4688,24000,(not validated),https://rfcx-streams-production.s3.eu-west-1.amazonaws.com/2024/05/17/u783i74g98wc/ef8b59f6-832b-4211-b3dd-0156ef988bd5.flac?AWSAccessKeyId=AKIA45B7YWBX7MUJ7QCX&Expires=1766190440&Signature=WvXEjorOlhAbkoqGtVBlu%2F4EksE%3D,0.246418,65456
1082035834,K1am-2024-05-16_04-40.WAV,2024 Kern 1 - check lat lon,2024,5,16,4,40,sp33,Simple Call,16.016,17.5573,3656,4688,24000,(not validated),https://rfcx-streams-production.s3.eu-west-1.amazonaws.com/2024/05/16/u783i74g98wc/961223ad-5d65-4329-8aae-3334b790aed7.flac?AWSAccessKeyId=AKIA45B7YWBX7MUJ7QCX&Expires=1766190440&Signature=6tZP3odEL0vifL7%2B8uTzMCS%2Fqq8%3D,0.22526,65456
1082035835,K1am-2024-05-16_19-00.WAV,2024 Kern 1 - check lat lon,2024,5,16,19,0,sp33,Simple Call,44.192,45.7333,3656,4688,24000,(not validated),https://rfcx-streams-production.s3.eu-west-1.amazonaws.com/2024/05/17/u783i74g98wc/e35dd3ea-ceed-485a-9aef-91325dc8d89e.flac?AWSAccessKeyId=AKIA45B7YWBX7MUJ7QCX&Expires=1766190440&Signature=5Mrfa9ewvxHxQ4bdnhPBKzPeJUQ%3D,0.231274,65456
1082035836,K1am-2024-05-16_05-40.WAV,2024 Kern 1 - check lat lon,2024,5,16,5,40,sp33,Simple Call,39.7973,41.3387,3656,4688,24000,(not validated),https://rfcx-streams-production.s3.eu-west-1.amazonaws.com/2024/05/16/u783i74g98wc/770548ac-0428-4d59-b2c7-3a8d71b2c678.flac?AWSAccessKeyId=AKIA45B7YWBX7MUJ7QCX&Expires=1766190440&Signature=vbk98IlORCHM1Le%2FXI45JwuKUoI%3D,0.20764,65456
1082035837,K1am-2024-05-16_06-00.WAV,2024 Kern 1 - check lat lon,2024,5,16,6,0,sp33,Simple Call,6.73067,8.272,3656,4688,24000,(not validated),https://rfcx-streams-production.s3.eu-west-1.amazonaws.com/2024/05/16/u783i74g98wc/bf732e59-e011-49d5-98f1-1e9b4a6f5243.flac?AWSAccessKeyId=AKIA45B7YWBX7MUJ7QCX&Expires=1766190440&Signature=f%2FQ89PtbNSqZnp3LKxMlHWmmHV4%3D,0.207634,65456
1082035838,K1am-2024-05-15_13-40.WAV,2024 Kern 1 - check lat lon,2024,5,15,13,40,sp33,Simple Call,31.6587,33.2,3656,4688,24000,(not validated),https://rfcx-streams-production.s3.eu-west-1.amazonaws.com/2024/05/15/u783i74g98wc/850b1ee8-2776-44d1-b00f-7e3f806fe8c5.flac?AWSAccessKeyId=AKIA45B7YWBX7MUJ7QCX&Expires=1766190440&Signature=nJWgiEzpD%2BKdwsTl%2Fbt%2Fg1WG8iU%3D,0.217538,65456
1082035839,K1am-2024-05-15_05-00.WAV,2024 Kern 1 - check lat lon,2024,5,15,5,0,sp33,Simple Call,24.256,25.7973,3656,4688,24000,(not validated),https://rfcx-streams-production.s3.eu-west-1.amazonaws.com/2024/05/15/u783i74g98wc/c7b39ed2-3ca3-41cf-a82e-f963a79b202b.flac?AWSAccessKeyId=AKIA45B7YWBX7MUJ7QCX&Expires=1766190440&Signature=XWz%2B9hhzM4dqYWCulkpTjKQeZPc%3D,0.216226,65456
1082035840,K1am-2024-05-16_12-40.WAV,2024 Kern 1 - check lat lon,2024,5,16,12,40,sp33,Simple Call,40.8107,42.352,3656,4688,24000,(not validated),https://rfcx-streams-production.s3.eu-west-1.amazonaws.com/2024/05/16/u783i74g98wc/b5457e59-8874-4822-9018-815f4719e6af.flac?AWSAccessKeyId=AKIA45B7YWBX7MUJ7QCX&Expires=1766190440&Signature=5T4dC70uACb5FblELF0D63Nnqas%3D,0.211761,65456
1082035841,K1am-2024-05-15_08-00.WAV,2024 Kern 1 - check lat lon,2024,5,15,8,0,sp33,Simple Call,40.4587,42,3656,4688,24000,(not validated),https://rfcx-streams-production.s3.eu-west-1.amazonaws.com/2024/05/15/u783i74g98wc/998864e0-16c4-4ec0-a149-6c4195dd7aaf.flac?AWSAccessKeyId=AKIA45B7YWBX7MUJ7QCX&Expires=1766190440&Signature=bkiQzUTwz8X2IZBRkaJFollee1w%3D,0.201554,65456
1082035842,K1am-2024-05-15_11-40.WAV,2024 Kern 1 - check lat lon,2024,5,15,11,40,sp33,Simple Call,14.9973,16.5387,3656,4688,24000,(not validated),https://rfcx-streams-production.s3.eu-west-1.amazonaws.com/2024/05/15/u783i74g98wc/adecb335-de77-4a61-94a6-2cf85c86e64c.flac?AWSAccessKeyId=AKIA45B7YWBX7MUJ7QCX&Expires=1766190440&Signature=PrWkLmEgmnBVsGr%2Fgh3i2w4zVD8%3D,0.276234,65456
1082035843,K1am-2024-05-15_19-20.WAV,2024 Kern 1 - check lat lon,2024,5,15,19,20,sp33,Simple Call,24.2507,25.792,3656,4688,24000,(not validated),https://rfcx-streams-production.s3.eu-west-1.amazonaws.com/2024/05/16/u783i74g98wc/310cdee6-3fa9-492e-b30b-14de08a16d8d.flac?AWSAccessKeyId=AKIA45B7YWBX7MUJ7QCX&Expires=1766190440&Signature=7dLot0E4hL%2FMxGE29x0%2F1vI7mqI%3D,0.233051,65456
1082035844,K1am-2024-05-15_10-20.WAV,2024 Kern 1 - check lat lon,2024,5,15,10,20,sp33,Simple Call,42.8267,44.368,3656,4688,24000,(not validated),https://rfcx-streams-production.s3.eu-west-1.amazonaws.com/2024/05/15/u783i74g98wc/478cebeb-01f0-498e-86d1-40d5779a09dd.flac?AWSAccessKeyId=AKIA45B7YWBX7MUJ7QCX&Expires=1766190440&Signature=SreYXUGKT2exyCGQuesNsvqcXG0%3D,0.220206,65456
1082035845,K1am-2024-05-15_12-00.WAV,2024 Kern 1 - check lat lon,2024,5,15,12,0,sp33,Simple Call,33.4613,35.0027,3656,4688,24000,(not validated),https://rfcx-streams-production.s3.eu-west-1.amazonaws.com/2024/05/15/u783i74g98wc/a133ba4e-b3f3-416a-8f90-dbd74bfa4982.flac?AWSAccessKeyId=AKIA45B7YWBX7MUJ7QCX&Expires=1766190440&Signature=wbktbOeIsIAg0CAJfn6MhsIPdBU%3D,0.221118,65456
1082035846,K1am-2024-05-15_12-40.WAV,2024 Kern 1 - check lat lon,2024,5,15,12,40,sp33,Simple Call,14.928,16.4693,3656,4688,24000,(not validated),https://rfcx-streams-production.s3.eu-west-1.amazonaws.com/2024/05/15/u783i74g98wc/5d35f126-8ea0-40dc-a6df-4a0d80916f1a.flac?AWSAccessKeyId=AKIA45B7YWBX7MUJ7QCX&Expires=1766190440&Signature=BzPRi1UzJn%2BMHHFhMuevE47U%2FWA%3D,0.239489,65456
1082035847,K1am-2024-05-15_04-40.WAV,2024 Kern 1 - check lat lon,2024,5,15,4,40,sp33,Simple Call,22.544,24.0853,3656,4688,24000,(not validated),https://rfcx-streams-production.s3.eu-west-1.amazonaws.com/2024/05/15/u783i74g98wc/78b8f202-eaea-4af9-9ac2-af69d09552bd.flac?AWSAccessKeyId=AKIA45B7YWBX7MUJ7QCX&Expires=1766190440&Signature=hnzxMntvDL2UrF88AwgTm2EpkrQ%3D,0.210303,65456
1082035848,K1am-2024-05-15_07-00.WAV,2024 Kern 1 - check lat lon,2024,5,15,7,0,sp33,Simple Call,26,27.5413,3656,4688,24000,(not validated),https://rfcx-streams-production.s3.eu-west-1.amazonaws.com/2024/05/15/u783i74g98wc/2d67af13-77b7-4dfc-aa32-834d86766bf9.flac?AWSAccessKeyId=AKIA45B7YWBX7MUJ7QCX&Expires=1766190440&Signature=sefAr0W1vteOK%2FZRTtVgNNtas80%3D,0.212193,65456
1082035849,K1am-2024-05-15_08-20.WAV,2024 Kern 1 - check lat lon,2024,5,15,8,20,sp33,Simple Call,32.2347,33.776,3656,4688,24000,(not validated),https://rfcx-streams-production.s3.eu-west-1.amazonaws.com/2024/05/15/u783i74g98wc/f256139c-320d-4b73-acc2-610d5b448e9f.flac?AWSAccessKeyId=AKIA45B7YWBX7MUJ7QCX&Expires=1766190440&Signature=kBsnJO7GGcYvRl4ONxHVTUqoQWg%3D,0.209106,65456
1082035850,K1am-2024-05-15_04-20.WAV,2024 Kern 1 - check lat lon,2024,5,15,4,20,sp33,Simple Call,39.2907,40.832,3656,4688,24000,(not validated),https://rfcx-streams-production.s3.eu-west-1.amazonaws.com/2024/05/15/u783i74g98wc/69bc5842-f454-4b39-af03-41c057e413f4.flac?AWSAccessKeyId=AKIA45B7YWBX7MUJ7QCX&Expires=1766190440&Signature=SKvLvnGVBWluGZoM8uMD8s9FEf4%3D,0.20458,65456
1082035851,K1am-2024-05-15_07-20.WAV,2024 Kern 1 - check lat lon,2024,5,15,7,20,sp33,Simple Call,40.848,42.3893,3656,4688,24000,(not validated),https://rfcx-streams-production.s3.eu-west-1.amazonaws.com/2024/05/15/u783i74g98wc/b80a5a0c-ae6b-4c55-93d8-ceed0ed802e3.flac?AWSAccessKeyId=AKIA45B7YWBX7MUJ7QCX&Expires=1766190440&Signature=G2Fhx12%2FzrvFWbaLEwIm4NHcNLk%3D,0.213208,65456
1082035852,K1am-2024-05-14_12-40.WAV,2024 Kern 1 - check lat lon,2024,5,14,12,40,sp33,Simple Call,6.27733,7.81867,3656,4688,24000,(not validated),https://rfcx-streams-production.s3.eu-west-1.amazonaws.com/2024/05/14/u783i74g98wc/5c1ea09b-7bfd-4179-a61a-d74a589c8017.flac?AWSAccessKeyId=AKIA45B7YWBX7MUJ7QCX&Expires=1766190440&Signature=cHhEwDcejKbDe658JvhIZ%2FottbE%3D,0.247654,65456
1082035853,K1am-2024-05-14_04-40.WAV,2024 Kern 1 - check lat lon,2024,5,14,4,40,sp33,Simple Call,26.16,27.7013,3656,4688,24000,(not validated),https://rfcx-streams-production.s3.eu-west-1.amazonaws.com/2024/05/14/u783i74g98wc/17bd74d8-c988-43cd-858b-52fc49e2f7d9.flac?AWSAccessKeyId=AKIA45B7YWBX7MUJ7QCX&Expires=1766190440&Signature=B89IFOIk%2FX1bwk7q5pQ4n68ZEqI%3D,0.226957,65456
1082035854,K1am-2024-05-14_07-00.WAV,2024 Kern 1 - check lat lon,2024,5,14,7,0,sp33,Simple Call,24.384,25.9253,3656,4688,24000,(not validated),https://rfcx-streams-production.s3.eu-west-1.amazonaws.com/2024/05/14/u783i74g98wc/89b2b540-b8a2-4e06-831f-6c7762a83a3b.flac?AWSAccessKeyId=AKIA45B7YWBX7MUJ7QCX&Expires=1766190440&Signature=L9vYWovIG5ZsTzisDe35Yt%2Bpthw%3D,0.222291,65456
1082035855,K1am-2024-05-13_20-20.WAV,2024 Kern 1 - check lat lon,2024,5,13,20,20,sp33,Simple Call,52.5653,54.1067,3656,4688,24000,(not validated),https://rfcx-streams-production.s3.eu-west-1.amazonaws.com/2024/05/14/u783i74g98wc/a54601b4-0f12-4e0b-a888-b79903625bc0.flac?AWSAccessKeyId=AKIA45B7YWBX7MUJ7QCX&Expires=1766190440&Signature=6kve8mPuywDAmhvsJlqWoJKPrxc%3D,0.304658,65456
1082035856,K1am-2024-05-13_10-00.WAV,2024 Kern 1 - check lat lon,2024,5,13,10,0,sp33,Simple Call,24.4587,26,3656,4688,24000,(not validated),https://rfcx-streams-production.s3.eu-west-1.amazonaws.com/2024/05/13/u783i74g98wc/f3e67e2f-3982-455a-834b-87845ffeb876.flac?AWSAccessKeyId=AKIA45B7YWBX7MUJ7QCX&Expires=1766190440&Signature=jJacnYWyovNol93fUiOjOsrSaB8%3D,0.206883,65456
1082035857,K1am-2024-05-13_15-20.WAV,2024 Kern 1 - check lat lon,2024,5,13,15,20,sp33,Simple Call,46.5867,48.128,3656,4688,24000,(not validated),https://rfcx-streams-production.s3.eu-west-1.amazonaws.com/2024/05/13/u783i74g98wc/bf991f9d-738e-4cba-80db-5675081f00f1.flac?AWSAccessKeyId=AKIA45B7YWBX7MUJ7QCX&Expires=1766190440&Signature=4oBsBS1i2C7EmWvZKokR2OWktzs%3D,0.21131,65456
1082035858,K1am-2024-05-06_19-00.WAV,2024 Kern 1 - check lat lon,2024,5,6,19,0,sp33,Simple Call,47.248,48.7893,3656,4688,24000,(not validated),https://rfcx-streams-production.s3.eu-west-1.amazonaws.com/2024/05/07/u783i74g98wc/d4d30b16-5549-4235-b1e6-181cc2d5f24d.flac?AWSAccessKeyId=AKIA45B7YWBX7MUJ7QCX&Expires=1766190440&Signature=yXQdFtCTvxkmT2RiNmg5CmHOO6A%3D,0.205178,65456
1082035859,K1am-2024-05-06_07-40.WAV,2024 Kern 1 - check lat lon,2024,5,6,7,40,sp33,Simple Call,47.6427,49.184,3656,4688,24000,(not validated),https://rfcx-streams-production.s3.eu-west-1.amazonaws.com/2024/05/06/u783i74g98wc/b22da9e0-4c38-49e0-8558-c9ed9350d1ec.flac?AWSAccessKeyId=AKIA45B7YWBX7MUJ7QCX&Expires=1766190440&Signature=OQ0Rtm7vZ1OSXoWtatxCk5ZRPxQ%3D,0.207042,65456
1082035860,K1am-2024-05-06_10-00.WAV,2024 Kern 1 - check lat lon,2024,5,6,10,0,sp33,Simple Call,49.0027,50.544,3656,4688,24000,(not validated),https://rfcx-streams-production.s3.eu-west-1.amazonaws.com/2024/05/06/u783i74g98wc/1a81a050-b510-4637-a416-007071ed4f35.flac?AWSAccessKeyId=AKIA45B7YWBX7MUJ7QCX&Expires=1766190440&Signature=XUSASDWceGAg2IaBXJvj%2FgQRHSc%3D,0.212875,65456
1082035861,K1am-2024-05-06_08-20.WAV,2024 Kern 1 - check lat lon,2024,5,6,8,20,sp33,Simple Call,24.0053,25.5467,3656,4688,24000,(not validated),https://rfcx-streams-production.s3.eu-west-1.amazonaws.com/2024/05/06/u783i74g98wc/2dd34259-f664-429d-b0d6-50780879f968.flac?AWSAccessKeyId=AKIA45B7YWBX7MUJ7QCX&Expires=1766190440&Signature=YVJ1%2FRmtsKs%2B7aVL3AVA0XvDOLo%3D,0.200668,65456
1082035862,K1am-2024-05-06_05-00.WAV,2024 Kern 1 - check lat lon,2024,5,6,5,0,sp33,Simple Call,55.2267,56.768,3656,4688,24000,(not validated),https://rfcx-streams-production.s3.eu-west-1.amazonaws.com/2024/05/06/u783i74g98wc/450ff54b-dc66-4179-bb7a-27fde56a6fed.flac?AWSAccessKeyId=AKIA45B7YWBX7MUJ7QCX&Expires=1766190440&Signature=0nMRR0nUFPprvPqDQm7lpkEp%2B6g%3D,0.251841,65456
1082035863,K1am-2024-05-05_09-40.WAV,2024 Kern 1 - check lat lon,2024,5,5,9,40,sp33,Simple Call,29.4187,30.96,3656,4688,24000,(not validated),https://rfcx-streams-production.s3.eu-west-1.amazonaws.com/2024/05/05/u783i74g98wc/a8966f8b-ad6f-43dc-869e-5829901c3cbe.flac?AWSAccessKeyId=AKIA45B7YWBX7MUJ7QCX&Expires=1766190440&Signature=ps5Xjxhz%2BiDn1ukvF2aqLrbKh44%3D,0.20621,65456
1082035864,K1am-2024-05-05_06-20.WAV,2024 Kern 1 - check lat lon,2024,5,5,6,20,sp33,Simple Call,14.9173,16.4587,3656,4688,24000,(not validated),https://rfcx-streams-production.s3.eu-west-1.amazonaws.com/2024/05/05/u783i74g98wc/d5335018-fc9c-43e4-921f-32e5b130505c.flac?AWSAccessKeyId=AKIA45B7YWBX7MUJ7QCX&Expires=1766190440&Signature=edK%2FFXCEOC%2BP%2F42L%2BAnLKiCADkQ%3D,0.299924,65456
1082035865,K1am-2024-05-04_13-40.WAV,2024 Kern 1 - check lat lon,2024,5,4,13,40,sp33,Simple Call,1.07733,2.61867,3656,4688,24000,(not validated),https://rfcx-streams-production.s3.eu-west-1.amazonaws.com/2024/05/04/u783i74g98wc/a41215f5-36b7-4b28-aa55-b5ac120c2aad.flac?AWSAccessKeyId=AKIA45B7YWBX7MUJ7QCX&Expires=1766190440&Signature=O%2Bto1e8TehK8I3WnhOedVdu%2Fdyc%3D,0.203137,65456
1082035866,K1am-2024-05-04_11-40.WAV,2024 Kern 1 - check lat lon,2024,5,4,11,40,sp33,Simple Call,57.264,58.8053,3656,4688,24000,(not validated),https://rfcx-streams-production.s3.eu-west-1.amazonaws.com/2024/05/04/u783i74g98wc/8650348d-4fa7-4609-ac40-0f4bf2e899aa.flac?AWSAccessKeyId=AKIA45B7YWBX7MUJ7QCX&Expires=1766190440&Signature=y5uMwy190XGtgHQ0i9Tb4YG5oRk%3D,0.235988,65456
1082035867,K1am-2024-05-04_15-00.WAV,2024 Kern 1 - check lat lon,2024,5,4,15,0,sp33,Simple Call,40.6293,42.1707,3656,4688,24000,(not validated),https://rfcx-streams-production.s3.eu-west-1.amazonaws.com/2024/05/04/u783i74g98wc/aba48172-a73e-4fff-9c78-596c923379d5.flac?AWSAccessKeyId=AKIA45B7YWBX7MUJ7QCX&Expires=1766190440&Signature=uYWlMOOXtYKvRgrHAf%2BKuvcd3Hk%3D,0.20211,65456
1082035868,K1am-2024-05-04_09-00.WAV,2024 Kern 1 - check lat lon,2024,5,4,9,0,sp33,Simple Call,19.984,21.5253,3656,4688,24000,(not validated),https://rfcx-streams-production.s3.eu-west-1.amazonaws.com/2024/05/04/u783i74g98wc/34f0d157-7e21-45e6-ac7b-c6d60511c266.flac?AWSAccessKeyId=AKIA45B7YWBX7MUJ7QCX&Expires=1766190440&Signature=4o1tm9rlaKU69TDNOzVgWK64nEQ%3D,0.249826,65456
1082035869,K1am-2024-05-04_06-20.WAV,2024 Kern 1 - check lat lon,2024,5,4,6,20,sp33,Simple Call,34.3253,35.8667,3656,4688,24000,(not validated),https://rfcx-streams-production.s3.eu-west-1.amazonaws.com/2024/05/04/u783i74g98wc/39255863-efd5-480f-a3b6-f5e0f42768d3.flac?AWSAccessKeyId=AKIA45B7YWBX7MUJ7QCX&Expires=1766190440&Signature=%2BxgJzpY3tqW3asH3Zv3F%2BSYlUy4%3D,0.203778,65456
1082035870,K1am-2024-05-04_04-20.WAV,2024 Kern 1 - check lat lon,2024,5,4,4,20,sp33,Simple Call,18.0693,19.6107,3656,4688,24000,(not validated),https://rfcx-streams-production.s3.eu-west-1.amazonaws.com/2024/05/04/u783i74g98wc/9e801713-1f53-4528-9c6d-0c4a589cd736.flac?AWSAccessKeyId=AKIA45B7YWBX7MUJ7QCX&Expires=1766190440&Signature=Nri643mVjXcLen2%2B3Zyowcrw%2BuI%3D,0.245629,65456
1082035871,K1am-2024-05-04_05-00.WAV,2024 Kern 1 - check lat lon,2024,5,4,5,0,sp33,Simple Call,20.2613,21.8027,3656,4688,24000,(not validated),https://rfcx-streams-production.s3.eu-west-1.amazonaws.com/2024/05/04/u783i74g98wc/3dfe4509-1393-4299-a265-ad18767114eb.flac?AWSAccessKeyId=AKIA45B7YWBX7MUJ7QCX&Expires=1766190440&Signature=9xgXH32%2FetJzpNl6bvFtlVRibbY%3D,0.20131,65456
1082035872,K1am-2024-05-03_19-20.WAV,2024 Kern 1 - check lat lon,2024,5,3,19,20,sp33,Simple Call,23.8133,25.3547,3656,4688,24000,(not validated),https://rfcx-streams-production.s3.eu-west-1.amazonaws.com/2024/05/04/u783i74g98wc/d31632c6-3647-4ccb-b23a-1072deab1a1c.flac?AWSAccessKeyId=AKIA45B7YWBX7MUJ7QCX&Expires=1766190440&Signature=3umWS4XX9o8JigYUQXyJ4XmW6Jg%3D,0.208753,65456
1082035873,K1am-2024-05-04_04-40.WAV,2024 Kern 1 - check lat lon,2024,5,4,4,40,sp33,Simple Call,39.4773,41.0187,3656,4688,24000,(not validated),https://rfcx-streams-production.s3.eu-west-1.amazonaws.com/2024/05/04/u783i74g98wc/9bc87f07-f8da-4afe-ac86-092c854aee0a.flac?AWSAccessKeyId=AKIA45B7YWBX7MUJ7QCX&Expires=1766190440&Signature=Qnjps27tMU49k%2FDRWJaY2KOepss%3D,0.243072,65456
1082035874,K1am-2024-05-03_15-20.WAV,2024 Kern 1 - check lat lon,2024,5,3,15,20,sp33,Simple Call,40.0587,41.6,3656,4688,24000,(not validated),https://rfcx-streams-production.s3.eu-west-1.amazonaws.com/2024/05/03/u783i74g98wc/8a6f696a-bd06-4a22-8fad-bf20e508d25b.flac?AWSAccessKeyId=AKIA45B7YWBX7MUJ7QCX&Expires=1766190440&Signature=IOa5vYOqcy%2FI51BhQb7BZoOR9rs%3D,0.266966,65456
1082035875,K1am-2024-05-03_11-20.WAV,2024 Kern 1 - check lat lon,2024,5,3,11,20,sp33,Simple Call,15.7813,17.3227,3656,4688,24000,(not validated),https://rfcx-streams-production.s3.eu-west-1.amazonaws.com/2024/05/03/u783i74g98wc/e88fbdfa-3e51-46bc-a986-78bbe8dc0f46.flac?AWSAccessKeyId=AKIA45B7YWBX7MUJ7QCX&Expires=1766190440&Signature=v8cncsZekCDXXrtOTy5UIOTsgnw%3D,0.275688,65456
1082035876,K1am-2024-05-03_04-40.WAV,2024 Kern 1 - check lat lon,2024,5,3,4,40,sp33,Simple Call,38.3307,39.872,3656,4688,24000,(not validated),https://rfcx-streams-production.s3.eu-west-1.amazonaws.com/2024/05/03/u783i74g98wc/10f59d75-7a2b-4909-b5e5-05d51250d123.flac?AWSAccessKeyId=AKIA45B7YWBX7MUJ7QCX&Expires=1766190440&Signature=YXRvc1tpeu5ssxH%2F5QJwlBc0l6E%3D,0.268855,65456
1082035877,K1am-2024-05-03_17-40.WAV,2024 Kern 1 - check lat lon,2024,5,3,17,40,sp33,Simple Call,24.7413,26.2827,3656,4688,24000,(not validated),https://rfcx-streams-production.s3.eu-west-1.amazonaws.com/2024/05/04/u783i74g98wc/f7da2292-716e-4475-8028-2cdf19d0a38a.flac?AWSAccessKeyId=AKIA45B7YWBX7MUJ7QCX&Expires=1766190440&Signature=808wR9XQDTl9MYoNSun7HQExCFI%3D,0.200212,65456
1082035878,K1am-2024-05-03_05-00.WAV,2024 Kern 1 - check lat lon,2024,5,3,5,0,sp33,Simple Call,0.906667,2.448,3656,4688,24000,(not validated),https://rfcx-streams-production.s3.eu-west-1.amazonaws.com/2024/05/03/u783i74g98wc/20444b14-d070-42bd-b0d5-3afbe107fdb3.flac?AWSAccessKeyId=AKIA45B7YWBX7MUJ7QCX&Expires=1766190440&Signature=iBDdk87A06izBZTcdIJ2AEYNSFU%3D,0.232918,65456
1082035879,K1am-2024-05-03_11-00.WAV,2024 Kern 1 - check lat lon,2024,5,3,11,0,sp33,Simple Call,19.0453,20.5867,3656,4688,24000,(not validated),https://rfcx-streams-production.s3.eu-west-1.amazonaws.com/2024/05/03/u783i74g98wc/218f41b9-eea2-48d9-8041-17baed223e83.flac?AWSAccessKeyId=AKIA45B7YWBX7MUJ7QCX&Expires=1766190440&Signature=2Biqvg872ekufCQ0oaGKkVD0Y%2B0%3D,0.249832,65456
1082035880,K1am-2024-05-09_17-20.WAV,2024 Kern 1 - check lat lon,2024,5,9,17,20,sp33,Simple Call,20.768,22.3093,3656,4688,24000,(not validated),https://rfcx-streams-production.s3.eu-west-1.amazonaws.com/2024/05/10/u783i74g98wc/c5fbc3ff-eb3f-435f-a84f-f1d42aee668f.flac?AWSAccessKeyId=AKIA45B7YWBX7MUJ7QCX&Expires=1766190440&Signature=8dYueBhAxb87SEO265jRGLjOCAE%3D,0.258523,65456
1082035881,K1am-2024-05-09_18-20.WAV,2024 Kern 1 - check lat lon,2024,5,9,18,20,sp33,Simple Call,50.848,52.3893,3656,4688,24000,(not validated),https://rfcx-streams-production.s3.eu-west-1.amazonaws.com/2024/05/10/u783i74g98wc/5e1a05d8-9d08-488c-91f8-7e577e411415.flac?AWSAccessKeyId=AKIA45B7YWBX7MUJ7QCX&Expires=1766190440&Signature=YjAKP3%2Bd8%2BAOFeTyXyDKxvZ4Qlw%3D,0.209475,65456
1082035882,K1am-2024-05-09_17-40.WAV,2024 Kern 1 - check lat lon,2024,5,9,17,40,sp33,Simple Call,20.7573,22.2987,3656,4688,24000,(not validated),https://rfcx-streams-production.s3.eu-west-1.amazonaws.com/2024/05/10/u783i74g98wc/34ac57da-6075-4ba8-9299-16c894daa5ec.flac?AWSAccessKeyId=AKIA45B7YWBX7MUJ7QCX&Expires=1766190440&Signature=G4vUr5g97dNVMJutQ%2FxpZYQLSHY%3D,0.254615,65456
1082035883,K1am-2024-05-09_19-40.WAV,2024 Kern 1 - check lat lon,2024,5,9,19,40,sp33,Simple Call,6.688,8.22933,3656,4688,24000,(not validated),https://rfcx-streams-production.s3.eu-west-1.amazonaws.com/2024/05/10/u783i74g98wc/cb881242-5002-49b1-8546-27a69d174894.flac?AWSAccessKeyId=AKIA45B7YWBX7MUJ7QCX&Expires=1766190440&Signature=vKlBjr2%2FzlfJJbXW67phwE1JvtY%3D,0.356179,65456
1082035884,K1am-2024-05-09_10-20.WAV,2024 Kern 1 - check lat lon,2024,5,9,10,20,sp33,Simple Call,36.9387,38.48,3656,4688,24000,(not validated),https://rfcx-streams-production.s3.eu-west-1.amazonaws.com/2024/05/09/u783i74g98wc/7245dfa5-1ea9-462f-9583-38c868f7ce1f.flac?AWSAccessKeyId=AKIA45B7YWBX7MUJ7QCX&Expires=1766190440&Signature=L%2FzFLkHIXFZEc9EzBq5uv4deDPw%3D,0.214309,65456
1082035885,K1am-2024-05-09_08-00.WAV,2024 Kern 1 - check lat lon,2024,5,9,8,0,sp33,Simple Call,38.3093,39.8507,3656,4688,24000,(not validated),https://rfcx-streams-production.s3.eu-west-1.amazonaws.com/2024/05/09/u783i74g98wc/1bb55bd1-13f9-4ac8-8f84-7b2c207c65e0.flac?AWSAccessKeyId=AKIA45B7YWBX7MUJ7QCX&Expires=1766190440&Signature=TnwZcpnZnTXUGSinnxyDfexs0Kk%3D,0.257749,65456
1082035886,K1am-2024-05-09_11-00.WAV,2024 Kern 1 - check lat lon,2024,5,9,11,0,sp33,Simple Call,19.808,21.3493,3656,4688,24000,(not validated),https://rfcx-streams-production.s3.eu-west-1.amazonaws.com/2024/05/09/u783i74g98wc/39ac6fa1-7670-4e1a-8e31-74d19a6bc0dc.flac?AWSAccessKeyId=AKIA45B7YWBX7MUJ7QCX&Expires=1766190440&Signature=6dG%2BL7lipUbbqOI43QCzwH%2F3P74%3D,0.20434,65456
1082035887,K1am-2024-05-09_05-00.WAV,2024 Kern 1 - check lat lon,2024,5,9,5,0,sp33,Simple Call,36.0213,37.5627,3656,4688,24000,(not validated),https://rfcx-streams-production.s3.eu-west-1.amazonaws.com/2024/05/09/u783i74g98wc/b8f6d633-49a3-49a0-befb-804b5a39d094.flac?AWSAccessKeyId=AKIA45B7YWBX7MUJ7QCX&Expires=1766190440&Signature=TdNxDawuhMzhwEA7UOp1KSgYTjA%3D,0.226505,65456
1082035888,K1am-2024-05-10_04-40.WAV,2024 Kern 1 - check lat lon,2024,5,10,4,40,sp33,Simple Call,48.7467,50.288,3656,4688,24000,(not validated),https://rfcx-streams-production.s3.eu-west-1.amazonaws.com/2024/05/10/u783i74g98wc/9ba5cd9b-fedb-430f-8657-4a5906e757c9.flac?AWSAccessKeyId=AKIA45B7YWBX7MUJ7QCX&Expires=1766190440&Signature=%2FW1NxhBYYIwywOHIk9LuWkETqzQ%3D,0.216526,65456
1082035889,K1am-2024-05-08_17-00.WAV,2024 Kern 1 - check lat lon,2024,5,8,17,0,sp33,Simple Call,10.5493,12.0907,3656,4688,24000,(not validated),https://rfcx-streams-production.s3.eu-west-1.amazonaws.com/2024/05/09/u783i74g98wc/d918a27f-dede-45a0-a397-1ea4d462f5bb.flac?AWSAccessKeyId=AKIA45B7YWBX7MUJ7QCX&Expires=1766190440&Signature=3IsEjPUA%2FRegwRETx1100O1LR30%3D,0.28128,65456
1082035890,K1am-2024-05-09_08-40.WAV,2024 Kern 1 - check lat lon,2024,5,9,8,40,sp33,Simple Call,35.5467,37.088,3656,4688,24000,(not validated),https://rfcx-streams-production.s3.eu-west-1.amazonaws.com/2024/05/09/u783i74g98wc/f9c0d637-f28a-4539-ab10-ef3778e54726.flac?AWSAccessKeyId=AKIA45B7YWBX7MUJ7QCX&Expires=1766190440&Signature=lZxTX4tnBlvAlhxMik3x1%2FNaefQ%3D,0.208227,65456
1082035891,K1am-2024-05-09_16-00.WAV,2024 Kern 1 - check lat lon,2024,5,9,16,0,sp33,Simple Call,51.3653,52.9067,3656,4688,24000,(not validated),https://rfcx-streams-production.s3.eu-west-1.amazonaws.com/2024/05/09/u783i74g98wc/f4c41507-0d90-4513-8379-22192e78f42b.flac?AWSAccessKeyId=AKIA45B7YWBX7MUJ7QCX&Expires=1766190440&Signature=mfobMQ4A66r8xef5BwgqIWLGNnc%3D,0.273957,65456
1082035892,K1am-2024-05-08_10-00.WAV,2024 Kern 1 - check lat lon,2024,5,8,10,0,sp33,Simple Call,51.808,53.3493,3656,4688,24000,(not validated),https://rfcx-streams-production.s3.eu-west-1.amazonaws.com/2024/05/08/u783i74g98wc/a08d7e20-cc8e-4d07-90aa-193768dfd753.flac?AWSAccessKeyId=AKIA45B7YWBX7MUJ7QCX&Expires=1766190440&Signature=geEsA1G5QYSJfAcPgcIINvYriGA%3D,0.208981,65456
1082035893,K1am-2024-05-08_11-40.WAV,2024 Kern 1 - check lat lon,2024,5,8,11,40,sp33,Simple Call,49.4773,51.0187,3656,4688,24000,(not validated),https://rfcx-streams-production.s3.eu-west-1.amazonaws.com/2024/05/08/u783i74g98wc/257c002a-3ee2-44ef-9b90-cdcdc43517c2.flac?AWSAccessKeyId=AKIA45B7YWBX7MUJ7QCX&Expires=1766190440&Signature=85cQqxZP7%2B1sr5YAztS6Jf1mFTk%3D,0.295927,65456
1082035894,K1am-2024-05-08_09-40.WAV,2024 Kern 1 - check lat lon,2024,5,8,9,40,sp33,Simple Call,38.0533,39.5947,3656,4688,24000,(not validated),https://rfcx-streams-production.s3.eu-west-1.amazonaws.com/2024/05/08/u783i74g98wc/9418e1fb-24b6-431a-87e4-93fab0f69b7b.flac?AWSAccessKeyId=AKIA45B7YWBX7MUJ7QCX&Expires=1766190440&Signature=CDkn62PIp9r5G7ovR2KWwCNFEds%3D,0.217864,65456
1082035895,K1am-2024-05-09_10-40.WAV,2024 Kern 1 - check lat lon,2024,5,9,10,40,sp33,Simple Call,11.472,13.0133,3656,4688,24000,(not validated),https://rfcx-streams-production.s3.eu-west-1.amazonaws.com/2024/05/09/u783i74g98wc/48f1ed23-fcce-43c0-91b9-6ed3f33cf841.flac?AWSAccessKeyId=AKIA45B7YWBX7MUJ7QCX&Expires=1766190440&Signature=p5OEGgA09MO5LGJKOW7ajLJ7CZk%3D,0.246743,65456
1082035896,K1am-2024-05-08_17-20.WAV,2024 Kern 1 - check lat lon,2024,5,8,17,20,sp33,Simple Call,37.9307,39.472,3656,4688,24000,(not validated),https://rfcx-streams-production.s3.eu-west-1.amazonaws.com/2024/05/09/u783i74g98wc/97b9a365-1b4a-4859-a9d5-2539ba08815c.flac?AWSAccessKeyId=AKIA45B7YWBX7MUJ7QCX&Expires=1766190440&Signature=7sFsyfzgXbeSZ%2F0aX3nqHSqct6E%3D,0.21002,65456
1082035897,K1am-2024-05-08_13-20.WAV,2024 Kern 1 - check lat lon,2024,5,8,13,20,sp33,Simple Call,55.4667,57.008,3656,4688,24000,(not validated),https://rfcx-streams-production.s3.eu-west-1.amazonaws.com/2024/05/08/u783i74g98wc/5fed2cbc-1cf6-43f0-bfec-4a75ffaebda5.flac?AWSAccessKeyId=AKIA45B7YWBX7MUJ7QCX&Expires=1766190440&Signature=2cnB7piR%2F1iYdcRMhabWdZwgkxk%3D,0.22728,65456
1082035898,K1am-2024-05-09_06-40.WAV,2024 Kern 1 - check lat lon,2024,5,9,6,40,sp33,Simple Call,5.25333,6.79467,3656,4688,24000,(not validated),https://rfcx-streams-production.s3.eu-west-1.amazonaws.com/2024/05/09/u783i74g98wc/4200c9b7-2407-4187-87c8-8e7029296083.flac?AWSAccessKeyId=AKIA45B7YWBX7MUJ7QCX&Expires=1766190440&Signature=zYOiXifPpPKOqtn7nBym7QSy%2FgY%3D,0.217449,65456
1082035899,K1am-2024-05-08_07-00.WAV,2024 Kern 1 - check lat lon,2024,5,8,7,0,sp33,Simple Call,10.992,12.5333,3656,4688,24000,(not validated),https://rfcx-streams-production.s3.eu-west-1.amazonaws.com/2024/05/08/u783i74g98wc/a7a5ad72-ce80-478d-9d31-d7fb89505d87.flac?AWSAccessKeyId=AKIA45B7YWBX7MUJ7QCX&Expires=1766190440&Signature=%2BDQWWagTROc5LxsVIYrLwndEg5Q%3D,0.205696,65456
1082035900,K1am-2024-05-09_04-40.WAV,2024 Kern 1 - check lat lon,2024,5,9,4,40,sp33,Simple Call,55.8347,57.376,3656,4688,24000,(not validated),https://rfcx-streams-production.s3.eu-west-1.amazonaws.com/2024/05/09/u783i74g98wc/1909ddad-5d31-41a4-aaab-65fa3798809a.flac?AWSAccessKeyId=AKIA45B7YWBX7MUJ7QCX&Expires=1766190440&Signature=71wlTHzximWNQz%2BDBAaPDUPU0aU%3D,0.217234,65456
1082035901,K1am-2024-05-08_12-00.WAV,2024 Kern 1 - check lat lon,2024,5,8,12,0,sp33,Simple Call,45.264,46.8053,3656,4688,24000,(not validated),https://rfcx-streams-production.s3.eu-west-1.amazonaws.com/2024/05/08/u783i74g98wc/7a4d98ef-4d20-4f80-8c76-69ccc3b40ac0.flac?AWSAccessKeyId=AKIA45B7YWBX7MUJ7QCX&Expires=1766190440&Signature=GytfUBqkZeH8DyYVA7IaMT8K6LY%3D,0.200235,65456
1082035902,K1am-2024-05-08_18-00.WAV,2024 Kern 1 - check lat lon,2024,5,8,18,0,sp33,Simple Call,12.3413,13.8827,3656,4688,24000,(not validated),https://rfcx-streams-production.s3.eu-west-1.amazonaws.com/2024/05/09/u783i74g98wc/8d3f8129-0d63-434c-95f5-c9c3b60f187e.flac?AWSAccessKeyId=AKIA45B7YWBX7MUJ7QCX&Expires=1766190440&Signature=nl4JWbjV3TlNm4r9xFX6UhaMVmU%3D,0.301239,65456
1082035903,K1am-2024-05-08_05-00.WAV,2024 Kern 1 - check lat lon,2024,5,8,5,0,sp33,Simple Call,8.61333,10.1547,3656,4688,24000,(not validated),https://rfcx-streams-production.s3.eu-west-1.amazonaws.com/2024/05/08/u783i74g98wc/9aecdff8-8838-45bd-8815-c9644e0391c9.flac?AWSAccessKeyId=AKIA45B7YWBX7MUJ7QCX&Expires=1766190440&Signature=O1hUQM6ENGXZfUlATGv7h9VdZ30%3D,0.226287,65456
1082035904,K1am-2024-05-08_19-40.WAV,2024 Kern 1 - check lat lon,2024,5,8,19,40,sp33,Simple Call,7.34933,8.89067,3656,4688,24000,(not validated),https://rfcx-streams-production.s3.eu-west-1.amazonaws.com/2024/05/09/u783i74g98wc/37a868d8-d173-468b-a5a9-d4abe3ea9113.flac?AWSAccessKeyId=AKIA45B7YWBX7MUJ7QCX&Expires=1766190440&Signature=V7905hePJfcyVgGNqpG%2Fov3Mkt4%3D,0.301627,65456
1082035905,K1am-2024-05-08_15-40.WAV,2024 Kern 1 - check lat lon,2024,5,8,15,40,sp33,Simple Call,33.4133,34.9547,3656,4688,24000,(not validated),https://rfcx-streams-production.s3.eu-west-1.amazonaws.com/2024/05/08/u783i74g98wc/eed1bd5f-5303-413d-9206-3e54c8734ff6.flac?AWSAccessKeyId=AKIA45B7YWBX7MUJ7QCX&Expires=1766190440&Signature=%2BkCRMxNZcC%2BEUw%2F4xm7pkqilnWQ%3D,0.225675,65456
1082035906,K1am-2024-05-07_19-20.WAV,2024 Kern 1 - check lat lon,2024,5,7,19,20,sp33,Simple Call,47.3653,48.9067,3656,4688,24000,(not validated),https://rfcx-streams-production.s3.eu-west-1.amazonaws.com/2024/05/08/u783i74g98wc/a07f0ee9-c3dd-432c-9068-1c705e1a930c.flac?AWSAccessKeyId=AKIA45B7YWBX7MUJ7QCX&Expires=1766190440&Signature=Eo6zsnEl8BuQw6PJBd7dBl9Fv0I%3D,0.214699,65456
1082035907,K1am-2024-05-08_04-40.WAV,2024 Kern 1 - check lat lon,2024,5,8,4,40,sp33,Simple Call,36.7413,38.2827,3656,4688,24000,(not validated),https://rfcx-streams-production.s3.eu-west-1.amazonaws.com/2024/05/08/u783i74g98wc/a23bd051-64fc-4561-854a-6f887309c920.flac?AWSAccessKeyId=AKIA45B7YWBX7MUJ7QCX&Expires=1766190440&Signature=A1KMoj%2Bb%2BMPRkNsaP2SgMknmp9o%3D,0.205624,65456
1082035908,K1am-2024-05-07_14-40.WAV,2024 Kern 1 - check lat lon,2024,5,7,14,40,sp33,Simple Call,14.6507,16.192,3656,4688,24000,(not validated),https://rfcx-streams-production.s3.eu-west-1.amazonaws.com/2024/05/07/u783i74g98wc/0ff2c5c4-5dfe-4a30-8992-38fe03302ea1.flac?AWSAccessKeyId=AKIA45B7YWBX7MUJ7QCX&Expires=1766190440&Signature=PgxIEstmE4QUB5VIfxxf6leojEo%3D,0.211875,65456
1082035909,K1am-2024-05-07_07-00.WAV,2024 Kern 1 - check lat lon,2024,5,7,7,0,sp33,Simple Call,26.0747,27.616,3656,4688,24000,(not validated),https://rfcx-streams-production.s3.eu-west-1.amazonaws.com/2024/05/07/u783i74g98wc/5f21bc64-3ab4-4994-bcbd-86b48e1f2c39.flac?AWSAccessKeyId=AKIA45B7YWBX7MUJ7QCX&Expires=1766190440&Signature=GCKvSl9pi0j77KzxaiXBFg%2FH%2Fyg%3D,0.205046,65456
1082035910,K1am-2024-05-08_06-40.WAV,2024 Kern 1 - check lat lon,2024,5,8,6,40,sp33,Simple Call,58.2133,59.7547,3656,4688,24000,(not validated),https://rfcx-streams-production.s3.eu-west-1.amazonaws.com/2024/05/08/u783i74g98wc/c7f587a1-d1cf-4b36-9127-c5d8ba44480d.flac?AWSAccessKeyId=AKIA45B7YWBX7MUJ7QCX&Expires=1766190440&Signature=tKCiXHgw349MXanOqiTmaTMkpTA%3D,0.241429,65456
1082035911,K1am-2024-05-08_11-00.WAV,2024 Kern 1 - check lat lon,2024,5,8,11,0,sp33,Simple Call,32.4907,34.032,3656,4688,24000,(not validated),https://rfcx-streams-production.s3.eu-west-1.amazonaws.com/2024/05/08/u783i74g98wc/48474fbb-973d-46bf-a438-c51dfd25a45b.flac?AWSAccessKeyId=AKIA45B7YWBX7MUJ7QCX&Expires=1766190440&Signature=iiXcfHQHms5Q8q2jv3SKaU8wdq0%3D,0.258848,65456
1082035912,K1am-2024-05-07_11-40.WAV,2024 Kern 1 - check lat lon,2024,5,7,11,40,sp33,Simple Call,27.7013,29.2427,3656,4688,24000,(not validated),https://rfcx-streams-production.s3.eu-west-1.amazonaws.com/2024/05/07/u783i74g98wc/c6b9f0cf-47a6-45b0-bc77-031352edad2a.flac?AWSAccessKeyId=AKIA45B7YWBX7MUJ7QCX&Expires=1766190440&Signature=s1bz%2B146xeNrtBvc1VbfkWVRfkU%3D,0.298335,65456
1082035913,K1am-2024-05-07_05-00.WAV,2024 Kern 1 - check lat lon,2024,5,7,5,0,sp33,Simple Call,19.344,20.8853,3656,4688,24000,(not validated),https://rfcx-streams-production.s3.eu-west-1.amazonaws.com/2024/05/07/u783i74g98wc/423c81d1-605e-45f7-a1f6-535b587c6162.flac?AWSAccessKeyId=AKIA45B7YWBX7MUJ7QCX&Expires=1766190440&Signature=qQUoZBFjUUA%2BrI%2B9sfwU%2F%2BQpqSM%3D,0.234223,65456
1082035914,K1am-2024-05-07_06-20.WAV,2024 Kern 1 - check lat lon,2024,5,7,6,20,sp33,Simple Call,21.296,22.8373,3656,4688,24000,(not validated),https://rfcx-streams-production.s3.eu-west-1.amazonaws.com/2024/05/07/u783i74g98wc/ccf6d598-6ed1-4040-bc3f-5261bc4bf8a8.flac?AWSAccessKeyId=AKIA45B7YWBX7MUJ7QCX&Expires=1766190440&Signature=9TPGAYwrExWj%2FY9JG%2FhsnylGmpk%3D,0.227841,65456
1082035917,K1am-2024-04-30_05-40.WAV,2024 Kern 1 - check lat lon,2024,4,30,5,40,sp33,Simple Call,20.3413,21.8827,3656,4688,24000,(not validated),https://rfcx-streams-production.s3.eu-west-1.amazonaws.com/2024/04/30/u783i74g98wc/6086a0b1-d346-44ef-9322-f9064ce76054.flac?AWSAccessKeyId=AKIA45B7YWBX7MUJ7QCX&Expires=1766190440&Signature=LmASWXM1HzUkKdA2%2F3pwdzHETN8%3D,0.237507,65456
1082035918,K1am-2024-04-30_08-20.WAV,2024 Kern 1 - check lat lon,2024,4,30,8,20,sp33,Simple Call,57.0133,58.5547,3656,4688,24000,(not validated),https://rfcx-streams-production.s3.eu-west-1.amazonaws.com/2024/04/30/u783i74g98wc/97ae36ba-9988-434c-aa1a-fa3128382e23.flac?AWSAccessKeyId=AKIA45B7YWBX7MUJ7QCX&Expires=1766190440&Signature=9%2BEj7lG8EjWvPfvWR743tt8FgsE%3D,0.217656,65456
1082035919,K1am-2024-04-29_19-00.WAV,2024 Kern 1 - check lat lon,2024,4,29,19,0,sp33,Simple Call,52.3253,53.8667,3656,4688,24000,(not validated),https://rfcx-streams-production.s3.eu-west-1.amazonaws.com/2024/04/30/u783i74g98wc/92bf5ad7-95ed-4ca2-8a88-3ab205cf4e6b.flac?AWSAccessKeyId=AKIA45B7YWBX7MUJ7QCX&Expires=1766190440&Signature=KNXA9KIrU2bzEtBaegLdrTVJSfs%3D,0.224844,65456
1082035920,K1am-2024-04-29_05-20.WAV,2024 Kern 1 - check lat lon,2024,4,29,5,20,sp33,Simple Call,13.5893,15.1307,3656,4688,24000,(not validated),https://rfcx-streams-production.s3.eu-west-1.amazonaws.com/2024/04/29/u783i74g98wc/6dbbe0db-d857-43ac-9695-412101594c05.flac?AWSAccessKeyId=AKIA45B7YWBX7MUJ7QCX&Expires=1766190440&Signature=h3Vx8pci6W%2F1Yd6HOjncQiYpJ0Y%3D,0.203179,65456
1082035921,K1am-2024-04-29_04-20.WAV,2024 Kern 1 - check lat lon,2024,4,29,4,20,sp33,Simple Call,36.8053,38.3467,3656,4688,24000,(not validated),https://rfcx-streams-production.s3.eu-west-1.amazonaws.com/2024/04/29/u783i74g98wc/d439e426-75bb-461c-aeb6-bef0b35d1060.flac?AWSAccessKeyId=AKIA45B7YWBX7MUJ7QCX&Expires=1766190440&Signature=suRvgdcuCbtFK%2F7twRUK9c3byPs%3D,0.228478,65456
1082035922,K1am-2024-04-29_05-00.WAV,2024 Kern 1 - check lat lon,2024,4,29,5,0,sp33,Simple Call,10.1173,11.6587,3656,4688,24000,(not validated),https://rfcx-streams-production.s3.eu-west-1.amazonaws.com/2024/04/29/u783i74g98wc/50732077-056e-4586-b1bd-5411e5101315.flac?AWSAccessKeyId=AKIA45B7YWBX7MUJ7QCX&Expires=1766190440&Signature=2n5yp9lo3iQrBe5%2FqCa20hxHzDc%3D,0.227341,65456
1082035923,K1am-2024-04-29_04-00.WAV,2024 Kern 1 - check lat lon,2024,4,29,4,0,sp33,Simple Call,40,41.5413,3656,4688,24000,(not validated),https://rfcx-streams-production.s3.eu-west-1.amazonaws.com/2024/04/29/u783i74g98wc/20c7d5b5-d878-47e7-9e8f-42583984aba0.flac?AWSAccessKeyId=AKIA45B7YWBX7MUJ7QCX&Expires=1766190440&Signature=9jEF%2FMAqgKq%2FbhmoMJHWPcVGLcc%3D,0.212657,65456
1082035924,K1am-2024-04-28_07-40.WAV,2024 Kern 1 - check lat lon,2024,4,28,7,40,sp33,Simple Call,31.04,32.5813,3656,4688,24000,(not validated),https://rfcx-streams-production.s3.eu-west-1.amazonaws.com/2024/04/28/u783i74g98wc/91afd5be-4c3d-4816-8a99-4139b84aafc3.flac?AWSAccessKeyId=AKIA45B7YWBX7MUJ7QCX&Expires=1766190440&Signature=2HkuksJCvDWPcql4yCwSLjisweY%3D,0.200901,65456
1082035925,K1am-2024-04-28_15-40.WAV,2024 Kern 1 - check lat lon,2024,4,28,15,40,sp33,Simple Call,9.73867,11.28,3656,4688,24000,(not validated),https://rfcx-streams-production.s3.eu-west-1.amazonaws.com/2024/04/28/u783i74g98wc/aa3d6e26-5b42-4ed8-83e2-79dd35fa88ec.flac?AWSAccessKeyId=AKIA45B7YWBX7MUJ7QCX&Expires=1766190440&Signature=G1oV96%2BdHwRAPRIYGIL4CyhsErg%3D,0.218552,65456
1082035926,K1am-2024-04-29_06-00.WAV,2024 Kern 1 - check lat lon,2024,4,29,6,0,sp33,Simple Call,27.8933,29.4347,3656,4688,24000,(not validated),https://rfcx-streams-production.s3.eu-west-1.amazonaws.com/2024/04/29/u783i74g98wc/0d7d4b35-ea02-4ce4-86e9-d8360425efb6.flac?AWSAccessKeyId=AKIA45B7YWBX7MUJ7QCX&Expires=1766190440&Signature=PGRcHlBqxssT03CAs3slBGzU2ds%3D,0.206164,65456
1082035927,K1am-2024-04-29_04-40.WAV,2024 Kern 1 - check lat lon,2024,4,29,4,40,sp33,Simple Call,52.1387,53.68,3656,4688,24000,(not validated),https://rfcx-streams-production.s3.eu-west-1.amazonaws.com/2024/04/29/u783i74g98wc/ca0c7793-6ca5-491c-8967-4835609b0196.flac?AWSAccessKeyId=AKIA45B7YWBX7MUJ7QCX&Expires=1766190440&Signature=ZRfrGyJLLR13MTFr9jPQhzPNsoU%3D,0.21154,65456
1082035928,K1am-2024-04-28_15-00.WAV,2024 Kern 1 - check lat lon,2024,4,28,15,0,sp33,Simple Call,43.2747,44.816,3656,4688,24000,(not validated),https://rfcx-streams-production.s3.eu-west-1.amazonaws.com/2024/04/28/u783i74g98wc/6d4383e5-16e0-4862-b1d7-80b972809237.flac?AWSAccessKeyId=AKIA45B7YWBX7MUJ7QCX&Expires=1766190440&Signature=M357P6ppSXfMx8XTRk%2FFgPYYnxE%3D,0.205391,65456
1082035929,K1am-2024-04-28_13-00.WAV,2024 Kern 1 - check lat lon,2024,4,28,13,0,sp33,Simple Call,20.304,21.8453,3656,4688,24000,(not validated),https://rfcx-streams-production.s3.eu-west-1.amazonaws.com/2024/04/28/u783i74g98wc/1ac9206e-1d97-40d9-bd4a-e34cae1570e5.flac?AWSAccessKeyId=AKIA45B7YWBX7MUJ7QCX&Expires=1766190440&Signature=bI5ZttBdWoNder2mJ33LhRryhtg%3D,0.235789,65456
1082035930,K1am-2024-04-28_16-40.WAV,2024 Kern 1 - check lat lon,2024,4,28,16,40,sp33,Simple Call,25.776,27.3173,3656,4688,24000,(not validated),https://rfcx-streams-production.s3.eu-west-1.amazonaws.com/2024/04/28/u783i74g98wc/25452251-870e-4f76-a83b-ed884146e4ad.flac?AWSAccessKeyId=AKIA45B7YWBX7MUJ7QCX&Expires=1766190440&Signature=Es4NwlKiaDYxfKJWIgZDyhCCBPs%3D,0.215563,65456
1082035931,K1am-2024-04-28_09-00.WAV,2024 Kern 1 - check lat lon,2024,4,28,9,0,sp33,Simple Call,32.9653,34.5067,3656,4688,24000,(not validated),https://rfcx-streams-production.s3.eu-west-1.amazonaws.com/2024/04/28/u783i74g98wc/8812cb51-532e-42ed-aa4b-4975d36d72fa.flac?AWSAccessKeyId=AKIA45B7YWBX7MUJ7QCX&Expires=1766190440&Signature=C1V8OKcdafGyCCBfJRLTKVKZZqs%3D,0.272529,65456
1082035932,K1am-2024-04-28_06-40.WAV,2024 Kern 1 - check lat lon,2024,4,28,6,40,sp33,Simple Call,46.576,48.1173,3656,4688,24000,(not validated),https://rfcx-streams-production.s3.eu-west-1.amazonaws.com/2024/04/28/u783i74g98wc/3d9ff781-ccc3-48bc-95aa-bc7031ffce02.flac?AWSAccessKeyId=AKIA45B7YWBX7MUJ7QCX&Expires=1766190440&Signature=9fHrUR%2F7hNbO0z1q8vi5a4nzPaM%3D,0.243348,65456
1082035933,K1am-2024-04-27_06-00.WAV,2024 Kern 1 - check lat lon,2024,4,27,6,0,sp33,Simple Call,12.944,14.4853,3656,4688,24000,(not validated),https://rfcx-streams-production.s3.eu-west-1.amazonaws.com/2024/04/27/u783i74g98wc/4a251443-b764-4eaf-88f4-75d9916f3313.flac?AWSAccessKeyId=AKIA45B7YWBX7MUJ7QCX&Expires=1766190440&Signature=v2%2Fbht%2BWmMqBzRYQVl2ZL44LC%2FQ%3D,0.2358,65456
1082035934,K1am-2024-04-19_10-40.WAV,2024 Kern 1 - check lat lon,2024,4,19,10,40,sp33,Simple Call,25.0933,26.6347,3656,4688,24000,(not validated),https://rfcx-streams-production.s3.eu-west-1.amazonaws.com/2024/04/19/u783i74g98wc/4ab79e3c-5f8f-4e6c-a887-117d36ee66b1.flac?AWSAccessKeyId=AKIA45B7YWBX7MUJ7QCX&Expires=1766190440&Signature=f05FECxNzNr8FpK%2BBfmFMPjKN%2BU%3D,0.208228,65456
1082035935,K1am-2024-04-19_05-20.WAV,2024 Kern 1 - check lat lon,2024,4,19,5,20,sp33,Simple Call,38.9067,40.448,3656,4688,24000,(not validated),https://rfcx-streams-production.s3.eu-west-1.amazonaws.com/2024/04/19/u783i74g98wc/1515836e-3220-4afe-b229-20fde3477140.flac?AWSAccessKeyId=AKIA45B7YWBX7MUJ7QCX&Expires=1766190440&Signature=MU5Z%2FVoiFN%2BMaJqFkASrGr%2B8%2BJQ%3D,0.213455,65456
1082035936,K1am-2024-04-18_05-40.WAV,2024 Kern 1 - check lat lon,2024,4,18,5,40,sp33,Simple Call,3.22133,4.76267,3656,4688,24000,(not validated),https://rfcx-streams-production.s3.eu-west-1.amazonaws.com/2024/04/18/u783i74g98wc/3d81bff6-cd52-464e-8560-beccb00fd0a0.flac?AWSAccessKeyId=AKIA45B7YWBX7MUJ7QCX&Expires=1766190440&Signature=GZ%2FMgupXzJgCy1C0SOsMhGWAy%2B0%3D,0.232141,65456
1082035937,K1am-2024-04-18_11-40.WAV,2024 Kern 1 - check lat lon,2024,4,18,11,40,sp33,Simple Call,27.5893,29.1307,3656,4688,24000,(not validated),https://rfcx-streams-production.s3.eu-west-1.amazonaws.com/2024/04/18/u783i74g98wc/840c6217-24ee-46bb-8ec8-b94f93db03c3.flac?AWSAccessKeyId=AKIA45B7YWBX7MUJ7QCX&Expires=1766190440&Signature=D1s8DeyY1OYsU2yy1tyX7kRxAFY%3D,0.200834,65456
1082035938,K1am-2024-04-17_15-20.WAV,2024 Kern 1 - check lat lon,2024,4,17,15,20,sp33,Simple Call,27.28,28.8213,3656,4688,24000,(not validated),https://rfcx-streams-production.s3.eu-west-1.amazonaws.com/2024/04/17/u783i74g98wc/81a9dd22-fb56-4f44-abd3-f54b79eda820.flac?AWSAccessKeyId=AKIA45B7YWBX7MUJ7QCX&Expires=1766190440&Signature=BGdTCfGnyCAmoc6T1FvXKrKMH9k%3D,0.284372,65456
1082035939,K1am-2024-04-17_06-00.WAV,2024 Kern 1 - check lat lon,2024,4,17,6,0,sp33,Simple Call,21.0613,22.6027,3656,4688,24000,(not validated),https://rfcx-streams-production.s3.eu-west-1.amazonaws.com/2024/04/17/u783i74g98wc/5e9beaee-31ed-4473-9b16-3eac1615d05a.flac?AWSAccessKeyId=AKIA45B7YWBX7MUJ7QCX&Expires=1766190440&Signature=qd%2FNTQY5Wl2c7P6alfqFBmre67Y%3D,0.216969,65456
1082035940,K1am-2024-04-17_11-00.WAV,2024 Kern 1 - check lat lon,2024,4,17,11,0,sp33,Simple Call,40.6453,42.1867,3656,4688,24000,(not validated),https://rfcx-streams-production.s3.eu-west-1.amazonaws.com/2024/04/17/u783i74g98wc/a47d3443-5881-445f-a12d-5e954d2dddc6.flac?AWSAccessKeyId=AKIA45B7YWBX7MUJ7QCX&Expires=1766190440&Signature=QlJlw1uHNL8E5DIYKqwKNAqOJzA%3D,0.254185,65456
1082035941,K1am-2024-04-18_08-20.WAV,2024 Kern 1 - check lat lon,2024,4,18,8,20,sp33,Simple Call,0.634667,2.176,3656,4688,24000,(not validated),https://rfcx-streams-production.s3.eu-west-1.amazonaws.com/2024/04/18/u783i74g98wc/40c21d65-7458-4359-b5f0-1f1970c3283e.flac?AWSAccessKeyId=AKIA45B7YWBX7MUJ7QCX&Expires=1766190440&Signature=OH2ACNXUtppKjwDDobkXzMnIS2E%3D,0.213564,65456
1082035942,K1am-2024-04-16_10-00.WAV,2024 Kern 1 - check lat lon,2024,4,16,10,0,sp33,Simple Call,35.872,37.4133,3656,4688,24000,(not validated),https://rfcx-streams-production.s3.eu-west-1.amazonaws.com/2024/04/16/u783i74g98wc/a1a828f9-296a-43ad-838e-f01765dd45f0.flac?AWSAccessKeyId=AKIA45B7YWBX7MUJ7QCX&Expires=1766190440&Signature=sN199kzDVbLhsEEYAG9NXt4oGdU%3D,0.243722,65456
1082035943,K1am-2024-04-17_18-00.WAV,2024 Kern 1 - check lat lon,2024,4,17,18,0,sp33,Simple Call,26.016,27.5573,3656,4688,24000,(not validated),https://rfcx-streams-production.s3.eu-west-1.amazonaws.com/2024/04/18/u783i74g98wc/583925a4-3bfe-48bc-94a6-a514b0dc23a5.flac?AWSAccessKeyId=AKIA45B7YWBX7MUJ7QCX&Expires=1766190440&Signature=Mb%2BoBx78M6cchY0A5n29WiFl7i4%3D,0.225464,65456
1082035944,K1am-2024-04-17_12-40.WAV,2024 Kern 1 - check lat lon,2024,4,17,12,40,sp33,Simple Call,26.9493,28.4907,3656,4688,24000,(not validated),https://rfcx-streams-production.s3.eu-west-1.amazonaws.com/2024/04/17/u783i74g98wc/2462a1df-a055-4d2d-8bfc-3fcb64d58926.flac?AWSAccessKeyId=AKIA45B7YWBX7MUJ7QCX&Expires=1766190440&Signature=%2ByQwNx6%2FtLCmPWebIATRHqCDMAs%3D,0.211783,65456
1082035945,K1am-2024-04-16_15-40.WAV,2024 Kern 1 - check lat lon,2024,4,16,15,40,sp33,Simple Call,39.7227,41.264,3656,4688,24000,(not validated),https://rfcx-streams-production.s3.eu-west-1.amazonaws.com/2024/04/16/u783i74g98wc/e6d1d63c-96bd-4371-935f-66bae8698dea.flac?AWSAccessKeyId=AKIA45B7YWBX7MUJ7QCX&Expires=1766190440&Signature=ssCN0tAn9qUx9EHIitnixYAmIbw%3D,0.218004,65456
1082035946,K1am-2024-04-16_19-00.WAV,2024 Kern 1 - check lat lon,2024,4,16,19,0,sp33,Simple Call,23.2267,24.768,3656,4688,24000,(not validated),https://rfcx-streams-production.s3.eu-west-1.amazonaws.com/2024/04/17/u783i74g98wc/7f6be77d-414c-4ef3-abfe-1bf7d186297c.flac?AWSAccessKeyId=AKIA45B7YWBX7MUJ7QCX&Expires=1766190440&Signature=qLJGo7QAKQN8pYZUq0ecjw7kfwc%3D,0.23212,65456
1082035947,K1am-2024-04-16_10-40.WAV,2024 Kern 1 - check lat lon,2024,4,16,10,40,sp33,Simple Call,51.904,53.4453,3656,4688,24000,(not validated),https://rfcx-streams-production.s3.eu-west-1.amazonaws.com/2024/04/16/u783i74g98wc/3afb1910-7fd9-4aea-9468-ef84be4f5045.flac?AWSAccessKeyId=AKIA45B7YWBX7MUJ7QCX&Expires=1766190440&Signature=aMnaYmrx2Fvs%2BS%2BE2qnU5cyUxUo%3D,0.226035,65456
1082036003,K1am-2024-05-13_06-00.WAV,2024 Kern 1 - check lat lon,2024,5,13,6,0,sp33,Simple Call,9.968,11.5093,3656,4688,24000,(not validated),https://rfcx-streams-production.s3.eu-west-1.amazonaws.com/2024/05/13/u783i74g98wc/0373f174-80e1-437a-8c03-4e7d4700bfc1.flac?AWSAccessKeyId=AKIA45B7YWBX7MUJ7QCX&Expires=1766190440&Signature=aVxsaZc%2BMjLwMR2vw5KAQFxU4TM%3D,0.256998,65456
1082036004,K1am-2024-05-13_10-20.WAV,2024 Kern 1 - check lat lon,2024,5,13,10,20,sp33,Simple Call,5.10933,6.65067,3656,4688,24000,(not validated),https://rfcx-streams-production.s3.eu-west-1.amazonaws.com/2024/05/13/u783i74g98wc/3a2e6cb5-3220-4b51-a5f4-a2ca64946bee.flac?AWSAccessKeyId=AKIA45B7YWBX7MUJ7QCX&Expires=1766190440&Signature=TLwDr2f11rpgwIe6BtSWfk75AjY%3D,0.206861,65456
1082036005,K1am-2024-05-13_09-20.WAV,2024 Kern 1 - check lat lon,2024,5,13,9,20,sp33,Simple Call,30.9333,32.4747,3656,4688,24000,(not validated),https://rfcx-streams-production.s3.eu-west-1.amazonaws.com/2024/05/13/u783i74g98wc/d6dea05e-e8fe-47dd-86f7-21658e336686.flac?AWSAccessKeyId=AKIA45B7YWBX7MUJ7QCX&Expires=1766190440&Signature=XG9k4kiRwzk0oFq6XrSz7S1kl14%3D,0.200782,65456
1082036006,K1am-2024-05-13_19-40.WAV,2024 Kern 1 - check lat lon,2024,5,13,19,40,sp33,Simple Call,2.66133,4.20267,3656,4688,24000,(not validated),https://rfcx-streams-production.s3.eu-west-1.amazonaws.com/2024/05/14/u783i74g98wc/487e25a9-1ced-42ee-a56c-96ea5267d7ac.flac?AWSAccessKeyId=AKIA45B7YWBX7MUJ7QCX&Expires=1766190440&Signature=JdxAjUVMGT%2BjfRtbIbT%2FP6J6Syw%3D,0.224875,65456
1082036007,K1am-2024-05-13_09-40.WAV,2024 Kern 1 - check lat lon,2024,5,13,9,40,sp33,Simple Call,17.984,19.5253,3656,4688,24000,(not validated),https://rfcx-streams-production.s3.eu-west-1.amazonaws.com/2024/05/13/u783i74g98wc/c4c29d12-b1cf-4e9e-a6d1-fc4cd9499db4.flac?AWSAccessKeyId=AKIA45B7YWBX7MUJ7QCX&Expires=1766190440&Signature=TWoh%2BC92b0DiyAE%2B3v51h4Jg05M%3D,0.207239,65456
1082036008,K1am-2024-05-13_11-40.WAV,2024 Kern 1 - check lat lon,2024,5,13,11,40,sp33,Simple Call,25.7547,27.296,3656,4688,24000,(not validated),https://rfcx-streams-production.s3.eu-west-1.amazonaws.com/2024/05/13/u783i74g98wc/a224cf9b-7545-4507-966d-91ae83b66988.flac?AWSAccessKeyId=AKIA45B7YWBX7MUJ7QCX&Expires=1766190440&Signature=99JwAzgX57AJwb4Q37yvHLaJ%2BNI%3D,0.215199,65456
1082036009,K1am-2024-05-12_17-20.WAV,2024 Kern 1 - check lat lon,2024,5,12,17,20,sp33,Simple Call,36.5813,38.1227,3656,4688,24000,(not validated),https://rfcx-streams-production.s3.eu-west-1.amazonaws.com/2024/05/13/u783i74g98wc/795d319d-338b-4249-af69-f73f4e016f90.flac?AWSAccessKeyId=AKIA45B7YWBX7MUJ7QCX&Expires=1766190440&Signature=QgUIrCbQi9q8q2h%2BaihYZuRSSHc%3D,0.247369,65456
1082036010,K1am-2024-05-12_08-00.WAV,2024 Kern 1 - check lat lon,2024,5,12,8,0,sp33,Simple Call,20.3093,21.8507,3656,4688,24000,(not validated),https://rfcx-streams-production.s3.eu-west-1.amazonaws.com/2024/05/12/u783i74g98wc/5484872f-67ea-4941-918d-e4127f4c223c.flac?AWSAccessKeyId=AKIA45B7YWBX7MUJ7QCX&Expires=1766190440&Signature=gI4i3CJCwd46rxVcBV4WbqKS7ew%3D,0.215511,65456
1082036011,K1am-2024-05-12_08-20.WAV,2024 Kern 1 - check lat lon,2024,5,12,8,20,sp33,Simple Call,43.9253,45.4667,3656,4688,24000,(not validated),https://rfcx-streams-production.s3.eu-west-1.amazonaws.com/2024/05/12/u783i74g98wc/e87dce70-5427-48a0-9d8c-76937a58f19d.flac?AWSAccessKeyId=AKIA45B7YWBX7MUJ7QCX&Expires=1766190440&Signature=FzYYY%2BCj%2FHMWjL7iBj8%2FLJHgnPw%3D,0.253279,65456
1082036012,K1am-2024-05-12_17-40.WAV,2024 Kern 1 - check lat lon,2024,5,12,17,40,sp33,Simple Call,14.208,15.7493,3656,4688,24000,(not validated),https://rfcx-streams-production.s3.eu-west-1.amazonaws.com/2024/05/13/u783i74g98wc/3b5c93ad-50c0-440c-86ba-44257446274a.flac?AWSAccessKeyId=AKIA45B7YWBX7MUJ7QCX&Expires=1766190440&Signature=SzwRQzc0z9crOh%2F5jeUgln0e%2BAA%3D,0.302503,65456
1082036013,K1am-2024-05-12_14-00.WAV,2024 Kern 1 - check lat lon,2024,5,12,14,0,sp33,Simple Call,26.2827,27.824,3656,4688,24000,(not validated),https://rfcx-streams-production.s3.eu-west-1.amazonaws.com/2024/05/12/u783i74g98wc/b15d1bd2-37ea-4094-976a-65c9013ff8db.flac?AWSAccessKeyId=AKIA45B7YWBX7MUJ7QCX&Expires=1766190440&Signature=D60xeYDiEwNMckwHhBYGFye5lXw%3D,0.235265,65456
1082036014,K1am-2024-05-12_04-40.WAV,2024 Kern 1 - check lat lon,2024,5,12,4,40,sp33,Simple Call,10.0693,11.6107,3656,4688,24000,(not validated),https://rfcx-streams-production.s3.eu-west-1.amazonaws.com/2024/05/12/u783i74g98wc/5c565ea9-6fd6-40be-a994-d1ca3d2fee30.flac?AWSAccessKeyId=AKIA45B7YWBX7MUJ7QCX&Expires=1766190440&Signature=p7lk%2FRd%2BYc8zOnltRpY%2FJYUvaOw%3D,0.232804,65456
1082036015,K1am-2024-05-12_06-40.WAV,2024 Kern 1 - check lat lon,2024,5,12,6,40,sp33,Simple Call,32.736,34.2773,3656,4688,24000,(not validated),https://rfcx-streams-production.s3.eu-west-1.amazonaws.com/2024/05/12/u783i74g98wc/c1b71ef4-1d5e-4b60-83b5-cb2e1e0a337c.flac?AWSAccessKeyId=AKIA45B7YWBX7MUJ7QCX&Expires=1766190440&Signature=DtEsTZd2BGKykSJ4PGlNCTmcjaA%3D,0.287357,65456
1082036016,K1am-2024-05-12_13-40.WAV,2024 Kern 1 - check lat lon,2024,5,12,13,40,sp33,Simple Call,1.42933,2.97067,3656,4688,24000,(not validated),https://rfcx-streams-production.s3.eu-west-1.amazonaws.com/2024/05/12/u783i74g98wc/5176a147-f345-4696-a597-de13eb41032f.flac?AWSAccessKeyId=AKIA45B7YWBX7MUJ7QCX&Expires=1766190440&Signature=JlXwMcVkRt%2Fb%2BDtJu3nKO%2Fknlyc%3D,0.23536,65456
1082036017,K1am-2024-05-11_16-40.WAV,2024 Kern 1 - check lat lon,2024,5,11,16,40,sp33,Simple Call,32,33.5413,3656,4688,24000,(not validated),https://rfcx-streams-production.s3.eu-west-1.amazonaws.com/2024/05/11/u783i74g98wc/5b5fe39a-e53d-4e6c-8383-9af66db17230.flac?AWSAccessKeyId=AKIA45B7YWBX7MUJ7QCX&Expires=1766190440&Signature=xSSN6FBKvKSmSzPqMIpLPNCEBrY%3D,0.204387,65456
1082036018,K1am-2024-05-11_11-40.WAV,2024 Kern 1 - check lat lon,2024,5,11,11,40,sp33,Simple Call,53.9893,55.5307,3656,4688,24000,(not validated),https://rfcx-streams-production.s3.eu-west-1.amazonaws.com/2024/05/11/u783i74g98wc/89cf5675-14c6-4769-9f04-ce166ab5bb88.flac?AWSAccessKeyId=AKIA45B7YWBX7MUJ7QCX&Expires=1766190440&Signature=bctFJ1xZoLSHdTDQ21eeH2ivFVQ%3D,0.23699,65456
1082036019,K1am-2024-05-11_20-00.WAV,2024 Kern 1 - check lat lon,2024,5,11,20,0,sp33,Simple Call,18.8213,20.3627,3656,4688,24000,(not validated),https://rfcx-streams-production.s3.eu-west-1.amazonaws.com/2024/05/12/u783i74g98wc/8ba4147d-f621-4a7d-ba35-d7255048008f.flac?AWSAccessKeyId=AKIA45B7YWBX7MUJ7QCX&Expires=1766190440&Signature=TPGxDrq%2FEXUQ%2FID2rUBMd0bvkJQ%3D,0.29886,65456
1082036020,K1am-2024-05-12_05-20.WAV,2024 Kern 1 - check lat lon,2024,5,12,5,20,sp33,Simple Call,4.464,6.00533,3656,4688,24000,(not validated),https://rfcx-streams-production.s3.eu-west-1.amazonaws.com/2024/05/12/u783i74g98wc/8e3fdd96-ab99-4bce-ac09-5fe91cc7948b.flac?AWSAccessKeyId=AKIA45B7YWBX7MUJ7QCX&Expires=1766190440&Signature=GkyBDyXtCVkeyki50wTGYnA2858%3D,0.284081,65456
1082036021,K1am-2024-05-11_13-40.WAV,2024 Kern 1 - check lat lon,2024,5,11,13,40,sp33,Simple Call,6.192,7.73333,3656,4688,24000,(not validated),https://rfcx-streams-production.s3.eu-west-1.amazonaws.com/2024/05/11/u783i74g98wc/0d13ec61-98b7-476d-b0c7-0b2f199685b0.flac?AWSAccessKeyId=AKIA45B7YWBX7MUJ7QCX&Expires=1766190440&Signature=WM6M8f4N%2Fg1E5mh%2FO%2Ba5maRqYSM%3D,0.208212,65456
1082036022,K1am-2024-05-11_05-40.WAV,2024 Kern 1 - check lat lon,2024,5,11,5,40,sp33,Simple Call,5.36533,6.90667,3656,4688,24000,(not validated),https://rfcx-streams-production.s3.eu-west-1.amazonaws.com/2024/05/11/u783i74g98wc/33fbda4b-9df0-445e-9ed6-cd5b3390415b.flac?AWSAccessKeyId=AKIA45B7YWBX7MUJ7QCX&Expires=1766190440&Signature=xTtjok4v87GP2tbUdrcQN%2B7Okt0%3D,0.229218,65456
1082036023,K1am-2024-05-11_09-40.WAV,2024 Kern 1 - check lat lon,2024,5,11,9,40,sp33,Simple Call,43.6587,45.2,3656,4688,24000,(not validated),https://rfcx-streams-production.s3.eu-west-1.amazonaws.com/2024/05/11/u783i74g98wc/f1508a63-e9f5-499c-a3d2-3f3822040e9a.flac?AWSAccessKeyId=AKIA45B7YWBX7MUJ7QCX&Expires=1766190440&Signature=PGEbj6llyF%2BL2f2Am5FyToWEphk%3D,0.203436,65456
1082036024,K1am-2024-05-11_11-00.WAV,2024 Kern 1 - check lat lon,2024,5,11,11,0,sp33,Simple Call,56.944,58.4853,3656,4688,24000,(not validated),https://rfcx-streams-production.s3.eu-west-1.amazonaws.com/2024/05/11/u783i74g98wc/51cba161-0791-43b0-b77b-5f36bc627a31.flac?AWSAccessKeyId=AKIA45B7YWBX7MUJ7QCX&Expires=1766190440&Signature=0I%2Bh%2FCZD6%2FGsq00Eu53PrCX%2Bsfg%3D,0.254489,65456
1082036025,K1am-2024-05-11_06-40.WAV,2024 Kern 1 - check lat lon,2024,5,11,6,40,sp33,Simple Call,12.3787,13.92,3656,4688,24000,(not validated),https://rfcx-streams-production.s3.eu-west-1.amazonaws.com/2024/05/11/u783i74g98wc/8415af91-c92b-4e21-a915-4a4325d4be91.flac?AWSAccessKeyId=AKIA45B7YWBX7MUJ7QCX&Expires=1766190440&Signature=Jg3eQ86nkpsBKD%2FvqicUy3D2CwE%3D,0.208426,65456
1082036026,K1am-2024-05-10_16-20.WAV,2024 Kern 1 - check lat lon,2024,5,10,16,20,sp33,Simple Call,29.152,30.6933,3656,4688,24000,(not validated),https://rfcx-streams-production.s3.eu-west-1.amazonaws.com/2024/05/10/u783i74g98wc/5d2af231-6147-446a-8c05-99f908a194ff.flac?AWSAccessKeyId=AKIA45B7YWBX7MUJ7QCX&Expires=1766190440&Signature=6CUWaHY7j8NuxLEoUtgtEBEihZI%3D,0.220913,65456
1082036027,K1am-2024-05-11_06-20.WAV,2024 Kern 1 - check lat lon,2024,5,11,6,20,sp33,Simple Call,10.4267,11.968,3656,4688,24000,(not validated),https://rfcx-streams-production.s3.eu-west-1.amazonaws.com/2024/05/11/u783i74g98wc/0b55db51-3915-43fb-91ca-56acdb8fa4d6.flac?AWSAccessKeyId=AKIA45B7YWBX7MUJ7QCX&Expires=1766190440&Signature=ry2GY0vKdk0qSX%2BKN82IyOzYTsQ%3D,0.208243,65456
1082036028,K1am-2024-05-10_15-00.WAV,2024 Kern 1 - check lat lon,2024,5,10,15,0,sp33,Simple Call,51.4027,52.944,3656,4688,24000,(not validated),https://rfcx-streams-production.s3.eu-west-1.amazonaws.com/2024/05/10/u783i74g98wc/f6a2ba0b-47ce-4288-85cf-c311ac272cf7.flac?AWSAccessKeyId=AKIA45B7YWBX7MUJ7QCX&Expires=1766190440&Signature=%2FuDHgneUNauTNfG1m1rSC0SA3Nk%3D,0.221199,65456
1082036029,K1am-2024-05-10_09-00.WAV,2024 Kern 1 - check lat lon,2024,5,10,9,0,sp33,Simple Call,3.43467,4.976,3656,4688,24000,(not validated),https://rfcx-streams-production.s3.eu-west-1.amazonaws.com/2024/05/10/u783i74g98wc/db4b10c2-f157-4b5b-822c-f035e725ab91.flac?AWSAccessKeyId=AKIA45B7YWBX7MUJ7QCX&Expires=1766190440&Signature=8TWMeGQEEb%2FpmssKVE026lEPrEI%3D,0.287888,65456
1082036030,K1am-2024-05-11_04-40.WAV,2024 Kern 1 - check lat lon,2024,5,11,4,40,sp33,Simple Call,52.4,53.9413,3656,4688,24000,(not validated),https://rfcx-streams-production.s3.eu-west-1.amazonaws.com/2024/05/11/u783i74g98wc/b0026305-a54c-4bf0-aab1-109c0143bd9b.flac?AWSAccessKeyId=AKIA45B7YWBX7MUJ7QCX&Expires=1766190440&Signature=dP%2BqKYXrlHAim62f72zpZ%2B%2F28vU%3D,0.214694,65456
1082036031,K1am-2024-05-10_15-40.WAV,2024 Kern 1 - check lat lon,2024,5,10,15,40,sp33,Simple Call,11.7493,13.2907,3656,4688,24000,(not validated),https://rfcx-streams-production.s3.eu-west-1.amazonaws.com/2024/05/10/u783i74g98wc/b02cbc8c-410c-4070-973b-78721a56a258.flac?AWSAccessKeyId=AKIA45B7YWBX7MUJ7QCX&Expires=1766190440&Signature=4zabWiTgOSTMZ1Vgl4amWCHi%2FcE%3D,0.259272,65456
1082036032,K1am-2024-05-10_08-00.WAV,2024 Kern 1 - check lat lon,2024,5,10,8,0,sp33,Simple Call,10.7093,12.2507,3656,4688,24000,(not validated),https://rfcx-streams-production.s3.eu-west-1.amazonaws.com/2024/05/10/u783i74g98wc/e55849c4-a41b-4d05-8ccd-30988f1dd6f5.flac?AWSAccessKeyId=AKIA45B7YWBX7MUJ7QCX&Expires=1766190440&Signature=pHlGaJMmeTEAO5iM0yaHXiyzOKQ%3D,0.2972,65456
1082036033,K1am-2024-05-10_17-00.WAV,2024 Kern 1 - check lat lon,2024,5,10,17,0,sp33,Simple Call,10.9707,12.512,3656,4688,24000,(not validated),https://rfcx-streams-production.s3.eu-west-1.amazonaws.com/2024/05/11/u783i74g98wc/a62fb3ba-44cf-48a0-9898-193687bcf329.flac?AWSAccessKeyId=AKIA45B7YWBX7MUJ7QCX&Expires=1766190440&Signature=jKIsxP17qlpr%2BMuGRqBQIA7PAmI%3D,0.231686,65456
1082036034,K1am-2024-05-10_07-40.WAV,2024 Kern 1 - check lat lon,2024,5,10,7,40,sp33,Simple Call,20.832,22.3733,3656,4688,24000,(not validated),https://rfcx-streams-production.s3.eu-west-1.amazonaws.com/2024/05/10/u783i74g98wc/1bd94f5a-960d-48ca-8ac3-9ec289ac60b7.flac?AWSAccessKeyId=AKIA45B7YWBX7MUJ7QCX&Expires=1766190440&Signature=cBYNYBSkAu%2FFg0tzuskuKc96Lhg%3D,0.245675,65456
1082036267,K1am-2024-06-17_09-20.WAV,2024 Kern 1 - check lat lon,2024,6,17,9,20,sp33,Simple Call,19.84,21.3813,3656,4688,24000,(not validated),https://rfcx-streams-production.s3.eu-west-1.amazonaws.com/2024/06/17/u783i74g98wc/b0126c60-79c9-4413-97f6-42b839efa186.flac?AWSAccessKeyId=AKIA45B7YWBX7MUJ7QCX&Expires=1766190440&Signature=gHUYXlzr7%2B7OfCMB17m63rDDVpM%3D,0.232566,65456
1082036268,K1am-2024-06-16_20-20.WAV,2024 Kern 1 - check lat lon,2024,6,16,20,20,sp33,Simple Call,23.5947,25.136,3656,4688,24000,(not validated),https://rfcx-streams-production.s3.eu-west-1.amazonaws.com/2024/06/17/u783i74g98wc/84e10e82-b6c4-4391-a6c5-dbd3e60d78a9.flac?AWSAccessKeyId=AKIA45B7YWBX7MUJ7QCX&Expires=1766190440&Signature=St2ldk0bskqTH8FQ0RYf4Gc%2FLP4%3D,0.268353,65456
1082036269,K1am-2024-06-16_11-20.WAV,2024 Kern 1 - check lat lon,2024,6,16,11,20,sp33,Simple Call,52.0107,53.552,3656,4688,24000,(not validated),https://rfcx-streams-production.s3.eu-west-1.amazonaws.com/2024/06/16/u783i74g98wc/2bd00d55-502f-4d9a-8078-61f7aac5ff80.flac?AWSAccessKeyId=AKIA45B7YWBX7MUJ7QCX&Expires=1766190440&Signature=g9N7qldP9c6ZsKi2QMqFHaAZ%2BFU%3D,0.220108,65456
1082036270,K1am-2024-06-15_18-20.WAV,2024 Kern 1 - check lat lon,2024,6,15,18,20,sp33,Simple Call,3.04533,4.58667,3656,4688,24000,(not validated),https://rfcx-streams-production.s3.eu-west-1.amazonaws.com/2024/06/16/u783i74g98wc/49baa0e6-a4f4-4b16-a9d3-5b3b2bcf7394.flac?AWSAccessKeyId=AKIA45B7YWBX7MUJ7QCX&Expires=1766190440&Signature=VRFmJHflM9tu61y5YcIVt91s4Jk%3D,0.269182,65456
1082036271,K1am-2024-06-15_09-20.WAV,2024 Kern 1 - check lat lon,2024,6,15,9,20,sp33,Simple Call,40.4427,41.984,3656,4688,24000,(not validated),https://rfcx-streams-production.s3.eu-west-1.amazonaws.com/2024/06/15/u783i74g98wc/2132d992-03cb-4b11-a7b0-f842dfda96ab.flac?AWSAccessKeyId=AKIA45B7YWBX7MUJ7QCX&Expires=1766190440&Signature=4ebScActFyxX4ob%2BWiMEKnF%2FEGo%3D,0.261188,65456
1082036272,K1am-2024-06-15_20-20.WAV,2024 Kern 1 - check lat lon,2024,6,15,20,20,sp33,Simple Call,35.1787,36.72,3656,4688,24000,(not validated),https://rfcx-streams-production.s3.eu-west-1.amazonaws.com/2024/06/16/u783i74g98wc/c3bf4925-5984-498e-a4d8-2044d595235f.flac?AWSAccessKeyId=AKIA45B7YWBX7MUJ7QCX&Expires=1766190440&Signature=yR2o5bRSyT4Okdp2Zjn444zosF8%3D,0.286119,65456
1082036273,K1am-2024-06-14_14-00.WAV,2024 Kern 1 - check lat lon,2024,6,14,14,0,sp33,Simple Call,46.432,47.9733,3656,4688,24000,(not validated),https://rfcx-streams-production.s3.eu-west-1.amazonaws.com/2024/06/14/u783i74g98wc/8e709e38-fcaf-4dbf-aa5f-9e9a936e0c5b.flac?AWSAccessKeyId=AKIA45B7YWBX7MUJ7QCX&Expires=1766190440&Signature=gZvOLWQiAXHYz6sQEH9jNB9Q4Xg%3D,0.203224,65456
1082036274,K1am-2024-06-14_20-00.WAV,2024 Kern 1 - check lat lon,2024,6,14,20,0,sp33,Simple Call,29.4613,31.0027,3656,4688,24000,(not validated),https://rfcx-streams-production.s3.eu-west-1.amazonaws.com/2024/06/15/u783i74g98wc/0cf41e54-8b68-4d63-841f-4b236acfe8a7.flac?AWSAccessKeyId=AKIA45B7YWBX7MUJ7QCX&Expires=1766190440&Signature=XJPvMcjP%2Bc1ABSZ5LSqv6JR2D3E%3D,0.248438,65456
1082036275,K1am-2024-06-14_17-20.WAV,2024 Kern 1 - check lat lon,2024,6,14,17,20,sp33,Simple Call,43.1467,44.688,3656,4688,24000,(not validated),https://rfcx-streams-production.s3.eu-west-1.amazonaws.com/2024/06/15/u783i74g98wc/4cf19f19-8c68-45b0-b5f1-9a1c8da9d1a6.flac?AWSAccessKeyId=AKIA45B7YWBX7MUJ7QCX&Expires=1766190440&Signature=dlWOi3qCeI6qsJo0d%2BsQOB1ANV4%3D,0.205052,65456
1082036276,K1am-2024-06-14_09-00.WAV,2024 Kern 1 - check lat lon,2024,6,14,9,0,sp33,Simple Call,30.992,32.5333,3656,4688,24000,(not validated),https://rfcx-streams-production.s3.eu-west-1.amazonaws.com/2024/06/14/u783i74g98wc/7353ca17-4ef6-457e-a440-16f3944ddb1d.flac?AWSAccessKeyId=AKIA45B7YWBX7MUJ7QCX&Expires=1766190440&Signature=%2ByV7Jrxa05xW3%2BvCF3B5y6QrrzI%3D,0.209609,65456
1082036277,K1am-2024-06-14_05-00.WAV,2024 Kern 1 - check lat lon,2024,6,14,5,0,sp33,Simple Call,27.2907,28.832,3656,4688,24000,(not validated),https://rfcx-streams-production.s3.eu-west-1.amazonaws.com/2024/06/14/u783i74g98wc/07ac82e5-ea0f-448b-809f-bd1bacc6d02d.flac?AWSAccessKeyId=AKIA45B7YWBX7MUJ7QCX&Expires=1766190440&Signature=KPPFW28JuX3Y6f0Xv1nQjKdC9Z4%3D,0.263747,65456
1082036278,K1am-2024-06-14_05-20.WAV,2024 Kern 1 - check lat lon,2024,6,14,5,20,sp33,Simple Call,50.752,52.2933,3656,4688,24000,(not validated),https://rfcx-streams-production.s3.eu-west-1.amazonaws.com/2024/06/14/u783i74g98wc/61a4e2f8-a745-493b-80fd-a6eee7733830.flac?AWSAccessKeyId=AKIA45B7YWBX7MUJ7QCX&Expires=1766190440&Signature=9nRLyvcR1BhCE3GqeQerNLacCWY%3D,0.28965,65456
1082036279,K1am-2024-07-14_05-40.WAV,2024 Kern 1 - check lat lon,2024,7,14,5,40,sp33,Simple Call,2.53867,4.08,3656,4688,24000,(not validated),https://rfcx-streams-production.s3.eu-west-1.amazonaws.com/2024/07/14/u783i74g98wc/a8039459-ddce-47a5-8a9e-73cb6f5cb3a1.flac?AWSAccessKeyId=AKIA45B7YWBX7MUJ7QCX&Expires=1766190440&Signature=UPxLJvfCRWG2FLygqbDoIqOZN1U%3D,0.207814,65456
1082036280,K1am-2024-07-12_06-00.WAV,2024 Kern 1 - check lat lon,2024,7,12,6,0,sp33,Simple Call,33.0347,34.576,3656,4688,24000,(not validated),https://rfcx-streams-production.s3.eu-west-1.amazonaws.com/2024/07/12/u783i74g98wc/2f718362-518b-4936-aa1d-54ddc9b7537b.flac?AWSAccessKeyId=AKIA45B7YWBX7MUJ7QCX&Expires=1766190440&Signature=guNAoSW96vo8u69GFTzy8X6ceHI%3D,0.226179,65456
1082036281,K1am-2024-04-22_05-00.WAV,2024 Kern 1 - check lat lon,2024,4,22,5,0,sp33,Simple Call,28.4693,30.0107,3656,4688,24000,(not validated),https://rfcx-streams-production.s3.eu-west-1.amazonaws.com/2024/04/22/u783i74g98wc/1365fe2f-c0b9-4483-9302-d153359b1ad6.flac?AWSAccessKeyId=AKIA45B7YWBX7MUJ7QCX&Expires=1766190440&Signature=bZ%2FzT5FYE8OSSQrCGWhJFRekgKM%3D,0.221081,65456
1082036282,K1am-2024-04-22_09-20.WAV,2024 Kern 1 - check lat lon,2024,4,22,9,20,sp33,Simple Call,41.8133,43.3547,3656,4688,24000,(not validated),https://rfcx-streams-production.s3.eu-west-1.amazonaws.com/2024/04/22/u783i74g98wc/fa097ac0-586d-4c08-a2a4-68ccfca30243.flac?AWSAccessKeyId=AKIA45B7YWBX7MUJ7QCX&Expires=1766190440&Signature=tCPDoA4XbW%2BBUntsdQ05pKJ4O%2FE%3D,0.202536,65456
1082036283,K1am-2024-04-22_04-20.WAV,2024 Kern 1 - check lat lon,2024,4,22,4,20,sp33,Simple Call,58.288,59.8293,3656,4688,24000,(not validated),https://rfcx-streams-production.s3.eu-west-1.amazonaws.com/2024/04/22/u783i74g98wc/32ea9392-b171-439f-babc-165f4ac54b37.flac?AWSAccessKeyId=AKIA45B7YWBX7MUJ7QCX&Expires=1766190440&Signature=voxKU0RgMm1cmqrNRo6cHRgea1I%3D,0.236257,65456
1082036284,K1am-2024-04-23_10-00.WAV,2024 Kern 1 - check lat lon,2024,4,23,10,0,sp33,Simple Call,55.9467,57.488,3656,4688,24000,(not validated),https://rfcx-streams-production.s3.eu-west-1.amazonaws.com/2024/04/23/u783i74g98wc/ce3f9a8b-45f9-48b7-8a79-3bf7750fe839.flac?AWSAccessKeyId=AKIA45B7YWBX7MUJ7QCX&Expires=1766190440&Signature=jDMpgzPPjye0%2FS0K4eI0jxGkGKQ%3D,0.2154,65456
1082036285,K1am-2024-04-22_04-00.WAV,2024 Kern 1 - check lat lon,2024,4,22,4,0,sp33,Simple Call,55.0827,56.624,3656,4688,24000,(not validated),https://rfcx-streams-production.s3.eu-west-1.amazonaws.com/2024/04/22/u783i74g98wc/4c04a4cc-da18-4ca2-9cc0-fb4ccc0198cd.flac?AWSAccessKeyId=AKIA45B7YWBX7MUJ7QCX&Expires=1766190440&Signature=FT0ZHYi7R3VM%2FUM8YSeSif0wCqk%3D,0.21925,65456
1082036286,K1am-2024-04-21_08-00.WAV,2024 Kern 1 - check lat lon,2024,4,21,8,0,sp33,Simple Call,14.0107,15.552,3656,4688,24000,(not validated),https://rfcx-streams-production.s3.eu-west-1.amazonaws.com/2024/04/21/u783i74g98wc/cccc9990-258e-476b-9d47-aaeb56d4999d.flac?AWSAccessKeyId=AKIA45B7YWBX7MUJ7QCX&Expires=1766190440&Signature=VYVxaxHjTbwj19o7oUak5PXCvJQ%3D,0.200637,65456
1082036287,K1am-2024-04-23_08-40.WAV,2024 Kern 1 - check lat lon,2024,4,23,8,40,sp33,Simple Call,41.5147,43.056,3656,4688,24000,(not validated),https://rfcx-streams-production.s3.eu-west-1.amazonaws.com/2024/04/23/u783i74g98wc/ecb83156-71cf-428f-8fd5-436966d3c5fe.flac?AWSAccessKeyId=AKIA45B7YWBX7MUJ7QCX&Expires=1766190440&Signature=JXHybEHAsPUAfM9ghwgeDrIJ5pQ%3D,0.284804,65456
1082036288,K1am-2024-04-21_11-40.WAV,2024 Kern 1 - check lat lon,2024,4,21,11,40,sp33,Simple Call,33.1147,34.656,3656,4688,24000,(not validated),https://rfcx-streams-production.s3.eu-west-1.amazonaws.com/2024/04/21/u783i74g98wc/4b08bcac-251f-4199-ba79-702de6110e66.flac?AWSAccessKeyId=AKIA45B7YWBX7MUJ7QCX&Expires=1766190440&Signature=z4WSWO4SqgdlmsIOncxGGoWWbYY%3D,0.207792,65456
1082036289,K1am-2024-04-21_18-40.WAV,2024 Kern 1 - check lat lon,2024,4,21,18,40,sp33,Simple Call,1.27467,2.816,3656,4688,24000,(not validated),https://rfcx-streams-production.s3.eu-west-1.amazonaws.com/2024/04/22/u783i74g98wc/53224e1c-65d0-4b3d-b14d-ee0c0603a3d8.flac?AWSAccessKeyId=AKIA45B7YWBX7MUJ7QCX&Expires=1766190440&Signature=iRdJnDEpUG3dSTDx3l3yx0rhFLg%3D,0.236935,65456
1082036290,K1am-2024-04-23_04-00.WAV,2024 Kern 1 - check lat lon,2024,4,23,4,0,sp33,Simple Call,56.0853,57.6267,3656,4688,24000,(not validated),https://rfcx-streams-production.s3.eu-west-1.amazonaws.com/2024/04/23/u783i74g98wc/a0d99cc4-5a28-4065-b0cf-d8a43486db2b.flac?AWSAccessKeyId=AKIA45B7YWBX7MUJ7QCX&Expires=1766190440&Signature=GYB8L2Xlv5YrsQGUi4wsMk17mJI%3D,0.224836,65456
1082036291,K1am-2024-04-21_17-00.WAV,2024 Kern 1 - check lat lon,2024,4,21,17,0,sp33,Simple Call,18.4747,20.016,3656,4688,24000,(not validated),https://rfcx-streams-production.s3.eu-west-1.amazonaws.com/2024/04/22/u783i74g98wc/9df5d6b9-c1be-4cd0-9208-f2540ea7f25d.flac?AWSAccessKeyId=AKIA45B7YWBX7MUJ7QCX&Expires=1766190440&Signature=oGE3eSnxD%2FeVUfxF2f6HxcZUW3Q%3D,0.207788,65456
1082036292,K1am-2024-04-21_04-20.WAV,2024 Kern 1 - check lat lon,2024,4,21,4,20,sp33,Simple Call,21.4827,23.024,3656,4688,24000,(not validated),https://rfcx-streams-production.s3.eu-west-1.amazonaws.com/2024/04/21/u783i74g98wc/470ec981-92b0-46fd-876e-45ae8efc0a6c.flac?AWSAccessKeyId=AKIA45B7YWBX7MUJ7QCX&Expires=1766190440&Signature=1Qn0WDLiPNoZC%2BdbYe7CdEtcEwg%3D,0.216838,65456
1082036293,K1am-2024-04-21_05-20.WAV,2024 Kern 1 - check lat lon,2024,4,21,5,20,sp33,Simple Call,12.704,14.2453,3656,4688,24000,(not validated),https://rfcx-streams-production.s3.eu-west-1.amazonaws.com/2024/04/21/u783i74g98wc/7004260c-6f32-4d80-9aef-e3d2bd47624a.flac?AWSAccessKeyId=AKIA45B7YWBX7MUJ7QCX&Expires=1766190440&Signature=U63OF8fQt77thFiLx%2FwjSLhCL50%3D,0.207125,65456
1082036294,K1am-2024-04-22_05-40.WAV,2024 Kern 1 - check lat lon,2024,4,22,5,40,sp33,Simple Call,55.6053,57.1467,3656,4688,24000,(not validated),https://rfcx-streams-production.s3.eu-west-1.amazonaws.com/2024/04/22/u783i74g98wc/7ebac46e-3af8-44ad-bbe4-d6d3d93f91fe.flac?AWSAccessKeyId=AKIA45B7YWBX7MUJ7QCX&Expires=1766190440&Signature=uNP7YGuvHZx74Jd%2BUq4gwK1O5z8%3D,0.205997,65456
1082036295,K1am-2024-04-22_07-20.WAV,2024 Kern 1 - check lat lon,2024,4,22,7,20,sp33,Simple Call,40.6933,42.2347,3656,4688,24000,(not validated),https://rfcx-streams-production.s3.eu-west-1.amazonaws.com/2024/04/22/u783i74g98wc/67af44d6-34d7-4e35-9bcc-2c54d650f08c.flac?AWSAccessKeyId=AKIA45B7YWBX7MUJ7QCX&Expires=1766190440&Signature=gy%2BFkmf2Dvvvcb1DDAsBb7YHqQI%3D,0.206771,65456
1082036296,K1am-2024-04-20_12-20.WAV,2024 Kern 1 - check lat lon,2024,4,20,12,20,sp33,Simple Call,21.088,22.6293,3656,4688,24000,(not validated),https://rfcx-streams-production.s3.eu-west-1.amazonaws.com/2024/04/20/u783i74g98wc/c2f45ef1-3333-4f1f-80d5-af7938f6a6e2.flac?AWSAccessKeyId=AKIA45B7YWBX7MUJ7QCX&Expires=1766190440&Signature=TJ4og0eekyROek49n94A4rvZ%2B8M%3D,0.205604,65456
1082036297,K1am-2024-04-21_09-20.WAV,2024 Kern 1 - check lat lon,2024,4,21,9,20,sp33,Simple Call,7.12,8.66133,3656,4688,24000,(not validated),https://rfcx-streams-production.s3.eu-west-1.amazonaws.com/2024/04/21/u783i74g98wc/bd1e39f6-f681-401e-97b5-c9c0c4959f3c.flac?AWSAccessKeyId=AKIA45B7YWBX7MUJ7QCX&Expires=1766190440&Signature=16EZ4k0KTonkN%2BK93JDhzkGVPWg%3D,0.202675,65456
1082036298,K1am-2024-04-20_05-40.WAV,2024 Kern 1 - check lat lon,2024,4,20,5,40,sp33,Simple Call,37.7493,39.2907,3656,4688,24000,(not validated),https://rfcx-streams-production.s3.eu-west-1.amazonaws.com/2024/04/20/u783i74g98wc/8c5697ab-8020-43b5-9f6c-fd54941a4a1b.flac?AWSAccessKeyId=AKIA45B7YWBX7MUJ7QCX&Expires=1766190440&Signature=6WCAH0NICqIg71%2BP6YYrJIGfZnc%3D,0.211512,65456
1082036299,K1am-2024-04-19_14-00.WAV,2024 Kern 1 - check lat lon,2024,4,19,14,0,sp33,Simple Call,58.3253,59.8667,3656,4688,24000,(not validated),https://rfcx-streams-production.s3.eu-west-1.amazonaws.com/2024/04/19/u783i74g98wc/2d94beca-b25e-4c21-baad-e2e4daf50856.flac?AWSAccessKeyId=AKIA45B7YWBX7MUJ7QCX&Expires=1766190440&Signature=itMVFwO2kQYSnqZCi3%2ByN6PxbwU%3D,0.219216,65456
1082036300,K1am-2024-04-20_05-20.WAV,2024 Kern 1 - check lat lon,2024,4,20,5,20,sp33,Simple Call,51.4613,53.0027,3656,4688,24000,(not validated),https://rfcx-streams-production.s3.eu-west-1.amazonaws.com/2024/04/20/u783i74g98wc/452b6c18-7e3b-4450-8c7a-a949ca71cada.flac?AWSAccessKeyId=AKIA45B7YWBX7MUJ7QCX&Expires=1766190440&Signature=lwpDfcKsfCX3gNmOUGUQ2dRkueQ%3D,0.223319,65456
1082036301,K1am-2024-04-19_11-40.WAV,2024 Kern 1 - check lat lon,2024,4,19,11,40,sp33,Simple Call,2.10667,3.648,3656,4688,24000,(not validated),https://rfcx-streams-production.s3.eu-west-1.amazonaws.com/2024/04/19/u783i74g98wc/66f45637-3f37-48a2-8353-dd5157110f7d.flac?AWSAccessKeyId=AKIA45B7YWBX7MUJ7QCX&Expires=1766190440&Signature=Ijez%2FDYs9hSJEVpOOcu1AF9S7f0%3D,0.20826,65456
1082036302,K1am-2024-04-19_19-00.WAV,2024 Kern 1 - check lat lon,2024,4,19,19,0,sp33,Simple Call,58.2133,59.7547,3656,4688,24000,(not validated),https://rfcx-streams-production.s3.eu-west-1.amazonaws.com/2024/04/20/u783i74g98wc/6723d289-1683-4f74-ab28-35228abd0b7c.flac?AWSAccessKeyId=AKIA45B7YWBX7MUJ7QCX&Expires=1766190440&Signature=MIaNcf4cWPmEjdAL%2BnmvwFSw5pU%3D,0.219664,65456
1082036303,K1am-2024-04-20_10-20.WAV,2024 Kern 1 - check lat lon,2024,4,20,10,20,sp33,Simple Call,54.864,56.4053,3656,4688,24000,(not validated),https://rfcx-streams-production.s3.eu-west-1.amazonaws.com/2024/04/20/u783i74g98wc/4c087a2d-8afc-46c4-9be6-5dc13fff1b06.flac?AWSAccessKeyId=AKIA45B7YWBX7MUJ7QCX&Expires=1766190440&Signature=2W2EeEQmfnsZ5MoBLPgBCCO9vN0%3D,0.212235,65456
1082036304,K1am-2024-04-19_11-20.WAV,2024 Kern 1 - check lat lon,2024,4,19,11,20,sp33,Simple Call,12.6667,14.208,3656,4688,24000,(not validated),https://rfcx-streams-production.s3.eu-west-1.amazonaws.com/2024/04/19/u783i74g98wc/78914c4f-06e6-49ae-95f9-8632ebddc334.flac?AWSAccessKeyId=AKIA45B7YWBX7MUJ7QCX&Expires=1766190440&Signature=byOOxvk%2F16euE9bUjAmCed2A%2Bsw%3D,0.201536,65456
1082036323,K1am-2024-07-16_05-40.WAV,2024 Kern 1 - check lat lon,2024,7,16,5,40,sp33,Simple Call,4.87467,6.416,3656,4688,24000,(not validated),https://rfcx-streams-production.s3.eu-west-1.amazonaws.com/2024/07/16/u783i74g98wc/28c6fcaa-1940-42ed-83c2-0104cff769b5.flac?AWSAccessKeyId=AKIA45B7YWBX7MUJ7QCX&Expires=1766190440&Signature=W1a1T0B%2FFM5dPx2hV7xhHpn2YrM%3D,0.231635,65456
1082036324,K1am-2024-07-07_07-00.WAV,2024 Kern 1 - check lat lon,2024,7,7,7,0,sp33,Simple Call,26.1547,27.696,3656,4688,24000,(not validated),https://rfcx-streams-production.s3.eu-west-1.amazonaws.com/2024/07/07/u783i74g98wc/43ccd3d9-8568-432c-8675-7144237ce10a.flac?AWSAccessKeyId=AKIA45B7YWBX7MUJ7QCX&Expires=1766190440&Signature=wZ6LeONOHWLHFlgiZjNL011JWPM%3D,0.333944,65456
1082036325,K1am-2024-07-06_20-20.WAV,2024 Kern 1 - check lat lon,2024,7,6,20,20,sp33,Simple Call,42.736,44.2773,3656,4688,24000,(not validated),https://rfcx-streams-production.s3.eu-west-1.amazonaws.com/2024/07/07/u783i74g98wc/8cf94429-ec6a-401f-93e3-591612a857ec.flac?AWSAccessKeyId=AKIA45B7YWBX7MUJ7QCX&Expires=1766190440&Signature=Tz6kWQuaeVOZOT0etyJoTMIM4Dk%3D,0.287848,65456
1082036326,K1am-2024-07-06_07-40.WAV,2024 Kern 1 - check lat lon,2024,7,6,7,40,sp33,Simple Call,12.944,14.4853,3656,4688,24000,(not validated),https://rfcx-streams-production.s3.eu-west-1.amazonaws.com/2024/07/06/u783i74g98wc/31772681-2761-45c1-9ebc-9b6dc7880399.flac?AWSAccessKeyId=AKIA45B7YWBX7MUJ7QCX&Expires=1766190440&Signature=MCH3ka7fB%2BCpK2hEyyXQIRrd8mI%3D,0.300461,65456
1082036327,K1am-2024-07-06_06-40.WAV,2024 Kern 1 - check lat lon,2024,7,6,6,40,sp33,Simple Call,56.2293,57.7707,3656,4688,24000,(not validated),https://rfcx-streams-production.s3.eu-west-1.amazonaws.com/2024/07/06/u783i74g98wc/72c462e0-eaaa-44d6-a4dd-e19d8ed0a5c4.flac?AWSAccessKeyId=AKIA45B7YWBX7MUJ7QCX&Expires=1766190440&Signature=OKIxbdGd2qihStM9OdAHGTGs17g%3D,0.316961,65456
1082036328,K1am-2024-07-06_05-20.WAV,2024 Kern 1 - check lat lon,2024,7,6,5,20,sp33,Simple Call,13.4027,14.944,3656,4688,24000,(not validated),https://rfcx-streams-production.s3.eu-west-1.amazonaws.com/2024/07/06/u783i74g98wc/b8c48065-3d6c-4c95-b003-a72ddf0db77a.flac?AWSAccessKeyId=AKIA45B7YWBX7MUJ7QCX&Expires=1766190440&Signature=fOWd%2FLO9drCgDpgKT7LqlaT9hhY%3D,0.216196,65456
1082036429,K1am-2024-04-11_12-20.WAV,2024 Kern 1 - check lat lon,2024,4,11,12,20,sp33,Simple Call,15.9893,17.5307,3656,4688,24000,(not validated),https://rfcx-streams-production.s3.eu-west-1.amazonaws.com/2024/04/11/u783i74g98wc/ba001d68-96bc-4dde-965c-82ad7aecd535.flac?AWSAccessKeyId=AKIA45B7YWBX7MUJ7QCX&Expires=1766190440&Signature=ajWOL4zkwO4Tzs2NJwoRGXjk1Io%3D,0.212417,65456
1082036430,K1am-2024-04-12_07-20.WAV,2024 Kern 1 - check lat lon,2024,4,12,7,20,sp33,Simple Call,7.952,9.49333,3656,4688,24000,(not validated),https://rfcx-streams-production.s3.eu-west-1.amazonaws.com/2024/04/12/u783i74g98wc/1705b177-8e1e-4cbb-99df-904d59860c8b.flac?AWSAccessKeyId=AKIA45B7YWBX7MUJ7QCX&Expires=1766190440&Signature=IguUvVmiSQDveRsEgnkztxbIyuc%3D,0.233027,65456
1082036431,K1am-2024-04-10_17-00.WAV,2024 Kern 1 - check lat lon,2024,4,10,17,0,sp33,Simple Call,47.2267,48.768,3656,4688,24000,(not validated),https://rfcx-streams-production.s3.eu-west-1.amazonaws.com/2024/04/11/u783i74g98wc/e2226c8b-dc86-4b4a-a0dc-7f9f5b9f3ca1.flac?AWSAccessKeyId=AKIA45B7YWBX7MUJ7QCX&Expires=1766190440&Signature=WBKiPvGhtWgSj5sq9DQGPiJlFco%3D,0.219248,65456
1082036432,K1am-2024-04-10_10-20.WAV,2024 Kern 1 - check lat lon,2024,4,10,10,20,sp33,Simple Call,35.2427,36.784,3656,4688,24000,(not validated),https://rfcx-streams-production.s3.eu-west-1.amazonaws.com/2024/04/10/u783i74g98wc/614d5152-f670-437d-83b2-0ee02dbb01de.flac?AWSAccessKeyId=AKIA45B7YWBX7MUJ7QCX&Expires=1766190440&Signature=LPNKEogBW9nP1Y7mOdC3nBFevoE%3D,0.203659,65456
1082036433,K1am-2024-04-11_18-00.WAV,2024 Kern 1 - check lat lon,2024,4,11,18,0,sp33,Simple Call,37.2267,38.768,3656,4688,24000,(not validated),https://rfcx-streams-production.s3.eu-west-1.amazonaws.com/2024/04/12/u783i74g98wc/8d533869-ee26-44ba-8ab5-383b4a4a702f.flac?AWSAccessKeyId=AKIA45B7YWBX7MUJ7QCX&Expires=1766190440&Signature=h1eb8lRO8hpzRRB6HY3SL0XsXHQ%3D,0.212257,65456
1082036434,K1am-2024-04-10_07-20.WAV,2024 Kern 1 - check lat lon,2024,4,10,7,20,sp33,Simple Call,10.7147,12.256,3656,4688,24000,(not validated),https://rfcx-streams-production.s3.eu-west-1.amazonaws.com/2024/04/10/u783i74g98wc/916260ad-fd2d-416f-8409-f4ba81ef4337.flac?AWSAccessKeyId=AKIA45B7YWBX7MUJ7QCX&Expires=1766190440&Signature=kpTrtJbPNpAh28%2BbTt4asSEOuao%3D,0.20353,65456
1082036435,K1am-2024-04-10_07-00.WAV,2024 Kern 1 - check lat lon,2024,4,10,7,0,sp33,Simple Call,9.21067,10.752,3656,4688,24000,(not validated),https://rfcx-streams-production.s3.eu-west-1.amazonaws.com/2024/04/10/u783i74g98wc/26cc95bd-84a6-43ba-8513-1277c514e21a.flac?AWSAccessKeyId=AKIA45B7YWBX7MUJ7QCX&Expires=1766190440&Signature=AhjmOyOPS5t0CAznF1CG1NIczMk%3D,0.214166,65456
1082036436,K1am-2024-04-10_06-00.WAV,2024 Kern 1 - check lat lon,2024,4,10,6,0,sp33,Simple Call,31.6907,33.232,3656,4688,24000,(not validated),https://rfcx-streams-production.s3.eu-west-1.amazonaws.com/2024/04/10/u783i74g98wc/b2de0697-0c32-43dd-85be-d5300cf6187c.flac?AWSAccessKeyId=AKIA45B7YWBX7MUJ7QCX&Expires=1766190440&Signature=ie8L9v2FMZPZX1rUOT0Peye0hY0%3D,0.202114,65456
1082036437,K1am-2024-04-09_10-00.WAV,2024 Kern 1 - check lat lon,2024,4,9,10,0,sp33,Simple Call,48.2933,49.8347,3656,4688,24000,(not validated),https://rfcx-streams-production.s3.eu-west-1.amazonaws.com/2024/04/09/u783i74g98wc/757bcf52-e23e-4fc6-9d30-f20b4fb59ef1.flac?AWSAccessKeyId=AKIA45B7YWBX7MUJ7QCX&Expires=1766190440&Signature=Y3a4mXFU4rLUSEDr6untOGHBgDs%3D,0.242824,65456
1082036438,K1am-2024-04-08_16-01.WAV,2024 Kern 1 - check lat lon,2024,4,8,16,1,sp33,Simple Call,10.528,12.0693,3656,4688,24000,(not validated),https://rfcx-streams-production.s3.eu-west-1.amazonaws.com/2024/04/08/u783i74g98wc/b9bd9456-7d3d-4afb-957b-d6c5bddd22d1.flac?AWSAccessKeyId=AKIA45B7YWBX7MUJ7QCX&Expires=1766190440&Signature=w48kWfIswOHn10LJRB47t1upwv4%3D,0.219851,65456
1082036471,K1am-2024-04-15_19-00.WAV,2024 Kern 1 - check lat lon,2024,4,15,19,0,sp33,Simple Call,13.136,14.6773,3656,4688,24000,(not validated),https://rfcx-streams-production.s3.eu-west-1.amazonaws.com/2024/04/16/u783i74g98wc/56a7734b-a033-4f9d-a283-63ebce08ae0a.flac?AWSAccessKeyId=AKIA45B7YWBX7MUJ7QCX&Expires=1766190440&Signature=u6uO3kiPwbw87s930aGUNS0aSrE%3D,0.243204,65456
1082036472,K1am-2024-04-15_06-00.WAV,2024 Kern 1 - check lat lon,2024,4,15,6,0,sp33,Simple Call,12.5867,14.128,3656,4688,24000,(not validated),https://rfcx-streams-production.s3.eu-west-1.amazonaws.com/2024/04/15/u783i74g98wc/330aeb4e-47cc-464b-98a4-129abd25c003.flac?AWSAccessKeyId=AKIA45B7YWBX7MUJ7QCX&Expires=1766190440&Signature=ZpGYNNZWEcQvd0XPi9K5%2F%2FKbMR4%3D,0.205828,65456
1082036473,K1am-2024-04-14_09-00.WAV,2024 Kern 1 - check lat lon,2024,4,14,9,0,sp33,Simple Call,56.4107,57.952,3656,4688,24000,(not validated),https://rfcx-streams-production.s3.eu-west-1.amazonaws.com/2024/04/14/u783i74g98wc/3d34143c-7484-45b5-9842-2c57357b219c.flac?AWSAccessKeyId=AKIA45B7YWBX7MUJ7QCX&Expires=1766190440&Signature=zzwMGhX8v%2F5gjg5hF%2BsmAGpKi9Y%3D,0.206464,65456
1082036474,K1am-2024-04-16_12-20.WAV,2024 Kern 1 - check lat lon,2024,4,16,12,20,sp33,Simple Call,36.208,37.7493,3656,4688,24000,(not validated),https://rfcx-streams-production.s3.eu-west-1.amazonaws.com/2024/04/16/u783i74g98wc/f1edeac5-0d88-429d-a35d-af318e203ac7.flac?AWSAccessKeyId=AKIA45B7YWBX7MUJ7QCX&Expires=1766190440&Signature=FOP1Ajfeu55mZdB0XLvbfM%2FmFfQ%3D,0.214388,65456
1082036475,K1am-2024-04-14_07-20.WAV,2024 Kern 1 - check lat lon,2024,4,14,7,20,sp33,Simple Call,31.392,32.9333,3656,4688,24000,(not validated),https://rfcx-streams-production.s3.eu-west-1.amazonaws.com/2024/04/14/u783i74g98wc/a49f9675-054c-4e6f-9b20-fbf8b7da1aa4.flac?AWSAccessKeyId=AKIA45B7YWBX7MUJ7QCX&Expires=1766190440&Signature=IFvoEZjo1%2BgF%2FbyS3xHajCng7F8%3D,0.208652,65456
1082036476,K1am-2024-04-14_06-00.WAV,2024 Kern 1 - check lat lon,2024,4,14,6,0,sp33,Simple Call,6.18133,7.72267,3656,4688,24000,(not validated),https://rfcx-streams-production.s3.eu-west-1.amazonaws.com/2024/04/14/u783i74g98wc/3011b514-11fb-4a21-813d-e8f928835d40.flac?AWSAccessKeyId=AKIA45B7YWBX7MUJ7QCX&Expires=1766190440&Signature=bfnsM3jbnSvyVrqI7ndUOas31r4%3D,0.28459,65456
1082036477,K1am-2024-04-13_07-00.WAV,2024 Kern 1 - check lat lon,2024,4,13,7,0,sp33,Simple Call,30.672,32.2133,3656,4688,24000,(not validated),https://rfcx-streams-production.s3.eu-west-1.amazonaws.com/2024/04/13/u783i74g98wc/bc9717b2-e5a6-4a09-9ed8-2cda122e2a82.flac?AWSAccessKeyId=AKIA45B7YWBX7MUJ7QCX&Expires=1766190440&Signature=0nVDp6A2lca08mOS4txAkigL4gg%3D,0.204367,65456
1082036478,K1am-2024-04-12_18-20.WAV,2024 Kern 1 - check lat lon,2024,4,12,18,20,sp33,Simple Call,54.0267,55.568,3656,4688,24000,(not validated),https://rfcx-streams-production.s3.eu-west-1.amazonaws.com/2024/04/13/u783i74g98wc/a92b354a-d0c0-4173-b772-c9a4b7b305af.flac?AWSAccessKeyId=AKIA45B7YWBX7MUJ7QCX&Expires=1766190440&Signature=G%2BRf0zODT%2F04pp3amHpgcjdP11I%3D,0.222354,65456
1082036479,K1am-2024-04-12_14-40.WAV,2024 Kern 1 - check lat lon,2024,4,12,14,40,sp33,Simple Call,5.68,7.22133,3656,4688,24000,(not validated),https://rfcx-streams-production.s3.eu-west-1.amazonaws.com/2024/04/12/u783i74g98wc/29519e62-0043-4278-94f6-a3b0c70f5914.flac?AWSAccessKeyId=AKIA45B7YWBX7MUJ7QCX&Expires=1766190440&Signature=CR1HoOzMLoYVLz15jr5i8vFgimw%3D,0.207028,65456
1082036480,K1am-2024-04-12_11-00.WAV,2024 Kern 1 - check lat lon,2024,4,12,11,0,sp33,Simple Call,30.2773,31.8187,3656,4688,24000,(not validated),https://rfcx-streams-production.s3.eu-west-1.amazonaws.com/2024/04/12/u783i74g98wc/03f5a9dc-0874-4e1b-bbbc-92fc83ac8263.flac?AWSAccessKeyId=AKIA45B7YWBX7MUJ7QCX&Expires=1766190440&Signature=AWm8nqlWt3ho88DjM0YXy2IJso8%3D,0.219829,65456
1082036481,K1am-2024-04-12_18-40.WAV,2024 Kern 1 - check lat lon,2024,4,12,18,40,sp33,Simple Call,29.472,31.0133,3656,4688,24000,(not validated),https://rfcx-streams-production.s3.eu-west-1.amazonaws.com/2024/04/13/u783i74g98wc/fb39740b-762c-4668-9215-7adb7fbd380a.flac?AWSAccessKeyId=AKIA45B7YWBX7MUJ7QCX&Expires=1766190440&Signature=ab0xQ1GaDamYEu9PJtZ2j6h3NEY%3D,0.200099,65456
1082036482,K1am-2024-04-13_06-00.WAV,2024 Kern 1 - check lat lon,2024,4,13,6,0,sp33,Simple Call,44.5013,46.0427,3656,4688,24000,(not validated),https://rfcx-streams-production.s3.eu-west-1.amazonaws.com/2024/04/13/u783i74g98wc/61636387-a1db-47f2-aa78-482691a996e8.flac?AWSAccessKeyId=AKIA45B7YWBX7MUJ7QCX&Expires=1766190440&Signature=gfDEKk2%2FIhGiCPRxVti5%2BgZuEeI%3D,0.268927,65456
1082036524,K1am-2024-06-06_09-00.WAV,2024 Kern 1 - check lat lon,2024,6,6,9,0,sp33,Simple Call,57.4773,59.0187,3656,4688,24000,(not validated),https://rfcx-streams-production.s3.eu-west-1.amazonaws.com/2024/06/06/u783i74g98wc/268238f9-9b19-45ce-90aa-c68def685f0a.flac?AWSAccessKeyId=AKIA45B7YWBX7MUJ7QCX&Expires=1766190440&Signature=Oy7ukzqL1LflQ%2BH%2BDbh3OIUo9zI%3D,0.230009,65456
1082036525,K1am-2024-06-07_18-20.WAV,2024 Kern 1 - check lat lon,2024,6,7,18,20,sp33,Simple Call,0.997333,2.53867,3656,4688,24000,(not validated),https://rfcx-streams-production.s3.eu-west-1.amazonaws.com/2024/06/08/u783i74g98wc/ed244f89-2b58-4b99-be95-26b72ded9263.flac?AWSAccessKeyId=AKIA45B7YWBX7MUJ7QCX&Expires=1766190440&Signature=d7FSb24ylUKhDzw9bCJlOCLHNJg%3D,0.213738,65456
1082036526,K1am-2024-06-05_20-20.WAV,2024 Kern 1 - check lat lon,2024,6,5,20,20,sp33,Simple Call,47.4027,48.944,3656,4688,24000,(not validated),https://rfcx-streams-production.s3.eu-west-1.amazonaws.com/2024/06/06/u783i74g98wc/d04595fc-3dbe-4398-af34-c3dfa3a68608.flac?AWSAccessKeyId=AKIA45B7YWBX7MUJ7QCX&Expires=1766190440&Signature=Ey1dPFpVJ3dBQr%2F1N39RKDHWKss%3D,0.239424,65456
1082036527,K1am-2024-06-05_15-20.WAV,2024 Kern 1 - check lat lon,2024,6,5,15,20,sp33,Simple Call,20.7413,22.2827,3656,4688,24000,(not validated),https://rfcx-streams-production.s3.eu-west-1.amazonaws.com/2024/06/05/u783i74g98wc/291da5f9-7ded-4353-9960-b20d53d94b2b.flac?AWSAccessKeyId=AKIA45B7YWBX7MUJ7QCX&Expires=1766190440&Signature=IN14tcIR%2BKcSoYczQiZuAi%2BmGao%3D,0.215224,65456
1082036528,K1am-2024-06-05_16-20.WAV,2024 Kern 1 - check lat lon,2024,6,5,16,20,sp33,Simple Call,8.61333,10.1547,3656,4688,24000,(not validated),https://rfcx-streams-production.s3.eu-west-1.amazonaws.com/2024/06/05/u783i74g98wc/fd7bc83c-f3fe-4278-9199-a72ab02d123c.flac?AWSAccessKeyId=AKIA45B7YWBX7MUJ7QCX&Expires=1766190440&Signature=OFpr0UNYWf82ve74mvKaCcl8VpQ%3D,0.234135,65456
1082036529,K1am-2024-06-05_09-20.WAV,2024 Kern 1 - check lat lon,2024,6,5,9,20,sp33,Simple Call,25.0347,26.576,3656,4688,24000,(not validated),https://rfcx-streams-production.s3.eu-west-1.amazonaws.com/2024/06/05/u783i74g98wc/4f3cd433-689c-403c-b83e-837ca4912669.flac?AWSAccessKeyId=AKIA45B7YWBX7MUJ7QCX&Expires=1766190440&Signature=D1GXDS3I41EYSMXRNnlQa1GN9iM%3D,0.336711,65456
1082036530,K1am-2024-06-05_06-40.WAV,2024 Kern 1 - check lat lon,2024,6,5,6,40,sp33,Simple Call,2.16533,3.70667,3656,4688,24000,(not validated),https://rfcx-streams-production.s3.eu-west-1.amazonaws.com/2024/06/05/u783i74g98wc/812325ff-e3e8-43ae-8d3c-9c265f8c250a.flac?AWSAccessKeyId=AKIA45B7YWBX7MUJ7QCX&Expires=1766190440&Signature=awtyIgp9YKgWA5FKxkeg30aI5OQ%3D,0.236468,65456
1082036531,K1am-2024-06-05_12-40.WAV,2024 Kern 1 - check lat lon,2024,6,5,12,40,sp33,Simple Call,44.6613,46.2027,3656,4688,24000,(not validated),https://rfcx-streams-production.s3.eu-west-1.amazonaws.com/2024/06/05/u783i74g98wc/c355e5cb-8f62-4a6d-b1e1-efd46b531a5e.flac?AWSAccessKeyId=AKIA45B7YWBX7MUJ7QCX&Expires=1766190440&Signature=5ZUbkn3vHAJwAzlX%2BvKWJ4aCsVY%3D,0.203783,65456
1082036532,K1am-2024-06-05_07-40.WAV,2024 Kern 1 - check lat lon,2024,6,5,7,40,sp33,Simple Call,23.3813,24.9227,3656,4688,24000,(not validated),https://rfcx-streams-production.s3.eu-west-1.amazonaws.com/2024/06/05/u783i74g98wc/e05e5ed8-dc3a-4e95-9fd6-bcf55fab89f4.flac?AWSAccessKeyId=AKIA45B7YWBX7MUJ7QCX&Expires=1766190440&Signature=aZWupFOR4KKvaZaYnd47sv4x7vY%3D,0.263563,65456
1082036533,K1am-2024-06-05_14-40.WAV,2024 Kern 1 - check lat lon,2024,6,5,14,40,sp33,Simple Call,12.6987,14.24,3656,4688,24000,(not validated),https://rfcx-streams-production.s3.eu-west-1.amazonaws.com/2024/06/05/u783i74g98wc/1d862c92-0f86-43c0-bcaf-fbca81c30203.flac?AWSAccessKeyId=AKIA45B7YWBX7MUJ7QCX&Expires=1766190440&Signature=zhn7EM2hXrrNTKGUo5zUeE0dvKM%3D,0.251007,65456
1082036534,K1am-2024-06-05_05-20.WAV,2024 Kern 1 - check lat lon,2024,6,5,5,20,sp33,Simple Call,7.17867,8.72,3656,4688,24000,(not validated),https://rfcx-streams-production.s3.eu-west-1.amazonaws.com/2024/06/05/u783i74g98wc/9781cd3e-f06c-4d98-9b18-43d5e79ba950.flac?AWSAccessKeyId=AKIA45B7YWBX7MUJ7QCX&Expires=1766190440&Signature=7bJuWVGpKsBdYuGXQfb1iCFZHGU%3D,0.206134,65456
1082036535,K1am-2024-06-05_17-00.WAV,2024 Kern 1 - check lat lon,2024,6,5,17,0,sp33,Simple Call,22.176,23.7173,3656,4688,24000,(not validated),https://rfcx-streams-production.s3.eu-west-1.amazonaws.com/2024/06/06/u783i74g98wc/87a1536f-ae93-4223-aafc-3d36516cd13c.flac?AWSAccessKeyId=AKIA45B7YWBX7MUJ7QCX&Expires=1766190440&Signature=z%2BM2HbyRuvBZNftghuB9UPYIbRs%3D,0.317492,65456
1082036536,K1am-2024-06-05_09-40.WAV,2024 Kern 1 - check lat lon,2024,6,5,9,40,sp33,Simple Call,8.336,9.87733,3656,4688,24000,(not validated),https://rfcx-streams-production.s3.eu-west-1.amazonaws.com/2024/06/05/u783i74g98wc/6af4e31e-2efd-4fbc-a6b1-42c3435acc26.flac?AWSAccessKeyId=AKIA45B7YWBX7MUJ7QCX&Expires=1766190440&Signature=QVPlZC2A%2BwgdCSP3rhuHzTruK9o%3D,0.200534,65456
1082036537,K1am-2024-06-04_20-00.WAV,2024 Kern 1 - check lat lon,2024,6,4,20,0,sp33,Simple Call,39.984,41.5253,3656,4688,24000,(not validated),https://rfcx-streams-production.s3.eu-west-1.amazonaws.com/2024/06/05/u783i74g98wc/3651d2d2-94de-429a-ad1a-b126aed8adff.flac?AWSAccessKeyId=AKIA45B7YWBX7MUJ7QCX&Expires=1766190440&Signature=cqqkvluXr1xeno94oBvrHIDB9S8%3D,0.215284,65456
1082036538,K1am-2024-06-06_13-40.WAV,2024 Kern 1 - check lat lon,2024,6,6,13,40,sp33,Simple Call,5.03467,6.576,3656,4688,24000,(not validated),https://rfcx-streams-production.s3.eu-west-1.amazonaws.com/2024/06/06/u783i74g98wc/74e9c8af-a2f5-4ad7-8529-eb90928c43bb.flac?AWSAccessKeyId=AKIA45B7YWBX7MUJ7QCX&Expires=1766190440&Signature=xoGgV58Z6rQor%2BfkFV2ECLg3Gs4%3D,0.314828,65456
1082036539,K1am-2024-06-06_10-00.WAV,2024 Kern 1 - check lat lon,2024,6,6,10,0,sp33,Simple Call,18.96,20.5013,3656,4688,24000,(not validated),https://rfcx-streams-production.s3.eu-west-1.amazonaws.com/2024/06/06/u783i74g98wc/f2ff69c9-f61b-4356-8b1b-1accc743dfba.flac?AWSAccessKeyId=AKIA45B7YWBX7MUJ7QCX&Expires=1766190440&Signature=mPUhYdrdXnZrSq4kxRRyS2fcuuc%3D,0.255454,65456
1082036540,K1am-2024-06-04_17-00.WAV,2024 Kern 1 - check lat lon,2024,6,4,17,0,sp33,Simple Call,1.48267,3.024,3656,4688,24000,(not validated),https://rfcx-streams-production.s3.eu-west-1.amazonaws.com/2024/06/05/u783i74g98wc/193b45b7-224f-4a5d-9088-2d2552ca0558.flac?AWSAccessKeyId=AKIA45B7YWBX7MUJ7QCX&Expires=1766190440&Signature=ZYeUiTWygzmYbEBPAeCWx8d4Vfo%3D,0.32621,65456
1082036541,K1am-2024-06-04_19-20.WAV,2024 Kern 1 - check lat lon,2024,6,4,19,20,sp33,Simple Call,12.2293,13.7707,3656,4688,24000,(not validated),https://rfcx-streams-production.s3.eu-west-1.amazonaws.com/2024/06/05/u783i74g98wc/89c2cb1b-73d3-45dc-95a0-a98bf112bc64.flac?AWSAccessKeyId=AKIA45B7YWBX7MUJ7QCX&Expires=1766190440&Signature=6Vaw59NNF4E4NXBwp2kIq6UuxIM%3D,0.25229,65456
1082036542,K1am-2024-06-04_11-40.WAV,2024 Kern 1 - check lat lon,2024,6,4,11,40,sp33,Simple Call,11.1627,12.704,3656,4688,24000,(not validated),https://rfcx-streams-production.s3.eu-west-1.amazonaws.com/2024/06/04/u783i74g98wc/7bac98a6-eadd-420a-885c-21f0689f749a.flac?AWSAccessKeyId=AKIA45B7YWBX7MUJ7QCX&Expires=1766190440&Signature=ud%2BC689Ud95EUKUZY2rLfs48oaE%3D,0.217246,65456
1082036543,K1am-2024-06-04_13-40.WAV,2024 Kern 1 - check lat lon,2024,6,4,13,40,sp33,Simple Call,28.2347,29.776,3656,4688,24000,(not validated),https://rfcx-streams-production.s3.eu-west-1.amazonaws.com/2024/06/04/u783i74g98wc/7038f4e1-9259-4807-a11b-754736d21667.flac?AWSAccessKeyId=AKIA45B7YWBX7MUJ7QCX&Expires=1766190440&Signature=%2FXtXkKKKmUFgQ6RPGAGieG4La5Q%3D,0.229386,65456
1082036544,K1am-2024-06-05_18-20.WAV,2024 Kern 1 - check lat lon,2024,6,5,18,20,sp33,Simple Call,39.5893,41.1307,3656,4688,24000,(not validated),https://rfcx-streams-production.s3.eu-west-1.amazonaws.com/2024/06/06/u783i74g98wc/840db055-9337-4c71-8834-c9b22db6482e.flac?AWSAccessKeyId=AKIA45B7YWBX7MUJ7QCX&Expires=1766190440&Signature=UHJ401vrKHVrakcYW9yNMxripOI%3D,0.20694,65456
1082036545,K1am-2024-06-04_12-40.WAV,2024 Kern 1 - check lat lon,2024,6,4,12,40,sp33,Simple Call,13.5093,15.0507,3656,4688,24000,(not validated),https://rfcx-streams-production.s3.eu-west-1.amazonaws.com/2024/06/04/u783i74g98wc/9a20c6dc-ded5-4074-a061-1e8577fb3fa4.flac?AWSAccessKeyId=AKIA45B7YWBX7MUJ7QCX&Expires=1766190440&Signature=3PiKNioW4%2BKpZH4J5czQWKJjqZM%3D,0.228465,65456
1082036546,K1am-2024-06-04_08-40.WAV,2024 Kern 1 - check lat lon,2024,6,4,8,40,sp33,Simple Call,30.8427,32.384,3656,4688,24000,(not validated),https://rfcx-streams-production.s3.eu-west-1.amazonaws.com/2024/06/04/u783i74g98wc/524cab25-a8e1-450b-9036-4b37ac5d9560.flac?AWSAccessKeyId=AKIA45B7YWBX7MUJ7QCX&Expires=1766190440&Signature=dkn9cg2D3hPLvX1yj7odq6fR3Fg%3D,0.216496,65456
1082036547,K1am-2024-06-04_11-00.WAV,2024 Kern 1 - check lat lon,2024,6,4,11,0,sp33,Simple Call,57.6907,59.232,3656,4688,24000,(not validated),https://rfcx-streams-production.s3.eu-west-1.amazonaws.com/2024/06/04/u783i74g98wc/7b698724-6054-4079-929f-aa491d49a368.flac?AWSAccessKeyId=AKIA45B7YWBX7MUJ7QCX&Expires=1766190440&Signature=8uuRwRM7%2BqLrF4PlTwW%2B9DuBNAQ%3D,0.214373,65456
1082036548,K1am-2024-06-05_12-20.WAV,2024 Kern 1 - check lat lon,2024,6,5,12,20,sp33,Simple Call,44.128,45.6693,3656,4688,24000,(not validated),https://rfcx-streams-production.s3.eu-west-1.amazonaws.com/2024/06/05/u783i74g98wc/d4dceaa1-7715-4a82-92c7-4625b0b455dc.flac?AWSAccessKeyId=AKIA45B7YWBX7MUJ7QCX&Expires=1766190440&Signature=45xLVi0dvaxrlprmOvq1q2LdFyI%3D,0.314678,65456
1082036549,K1am-2024-06-05_05-00.WAV,2024 Kern 1 - check lat lon,2024,6,5,5,0,sp33,Simple Call,0.277333,1.81867,3656,4688,24000,(not validated),https://rfcx-streams-production.s3.eu-west-1.amazonaws.com/2024/06/05/u783i74g98wc/51078cee-c5dc-4c20-ab53-755a7747abd1.flac?AWSAccessKeyId=AKIA45B7YWBX7MUJ7QCX&Expires=1766190440&Signature=oDE517cK8q7pig%2BMIVeTcP%2BRyfc%3D,0.325786,65456
1082036550,K1am-2024-06-03_18-00.WAV,2024 Kern 1 - check lat lon,2024,6,3,18,0,sp33,Simple Call,51.792,53.3333,3656,4688,24000,(not validated),https://rfcx-streams-production.s3.eu-west-1.amazonaws.com/2024/06/04/u783i74g98wc/4e749e46-f630-4173-961b-6302c4c3b7f2.flac?AWSAccessKeyId=AKIA45B7YWBX7MUJ7QCX&Expires=1766190440&Signature=G1m0BbPgoAXoGXjSYqxnETqjHT8%3D,0.311473,65456
1082036551,K1am-2024-06-03_16-40.WAV,2024 Kern 1 - check lat lon,2024,6,3,16,40,sp33,Simple Call,57.472,59.0133,3656,4688,24000,(not validated),https://rfcx-streams-production.s3.eu-west-1.amazonaws.com/2024/06/03/u783i74g98wc/f5503199-6c1f-48a6-a259-5448ace870d1.flac?AWSAccessKeyId=AKIA45B7YWBX7MUJ7QCX&Expires=1766190440&Signature=apVy4a0V29mwKqZr%2FekK38iRcF0%3D,0.239208,65456
1082036552,K1am-2024-06-04_19-40.WAV,2024 Kern 1 - check lat lon,2024,6,4,19,40,sp33,Simple Call,14.4907,16.032,3656,4688,24000,(not validated),https://rfcx-streams-production.s3.eu-west-1.amazonaws.com/2024/06/05/u783i74g98wc/36c11553-ef01-43e9-81c1-b3cdaa4cdf1c.flac?AWSAccessKeyId=AKIA45B7YWBX7MUJ7QCX&Expires=1766190440&Signature=gfhKRdF6Kw5GD08SzEXeK5Va290%3D,0.312571,65456
1082036553,K1am-2024-06-03_12-20.WAV,2024 Kern 1 - check lat lon,2024,6,3,12,20,sp33,Simple Call,44.2933,45.8347,3656,4688,24000,(not validated),https://rfcx-streams-production.s3.eu-west-1.amazonaws.com/2024/06/03/u783i74g98wc/18ac79a2-e6ff-4fe2-ab7c-ae4147d43d86.flac?AWSAccessKeyId=AKIA45B7YWBX7MUJ7QCX&Expires=1766190440&Signature=MMXJ%2BTkFv4VDi1amlTy4x6Y48JE%3D,0.300252,65456
1082036554,K1am-2024-06-03_11-40.WAV,2024 Kern 1 - check lat lon,2024,6,3,11,40,sp33,Simple Call,48.864,50.4053,3656,4688,24000,(not validated),https://rfcx-streams-production.s3.eu-west-1.amazonaws.com/2024/06/03/u783i74g98wc/e3053060-3e6a-441b-907a-89758346c515.flac?AWSAccessKeyId=AKIA45B7YWBX7MUJ7QCX&Expires=1766190440&Signature=jEzh40uxO25Q8tuUyNK%2BUO9Vm2c%3D,0.247831,65456
1082036555,K1am-2024-06-03_19-20.WAV,2024 Kern 1 - check lat lon,2024,6,3,19,20,sp33,Simple Call,38.16,39.7013,3656,4688,24000,(not validated),https://rfcx-streams-production.s3.eu-west-1.amazonaws.com/2024/06/04/u783i74g98wc/831aad16-019a-4155-8055-0c40c21ca676.flac?AWSAccessKeyId=AKIA45B7YWBX7MUJ7QCX&Expires=1766190440&Signature=9mCSb5zu31EcPu%2FjRqdi07tDjPg%3D,0.252814,65456
1082036661,K1am-2024-06-13_14-20.WAV,2024 Kern 1 - check lat lon,2024,6,13,14,20,sp33,Simple Call,18.4853,20.0267,3656,4688,24000,(not validated),https://rfcx-streams-production.s3.eu-west-1.amazonaws.com/2024/06/13/u783i74g98wc/bb71449a-e1cd-458c-9ed8-2f1bfca44725.flac?AWSAccessKeyId=AKIA45B7YWBX7MUJ7QCX&Expires=1766190440&Signature=NPRzMA9eI7fDFhpV5FoYheRl7IE%3D,0.32401,65456
1082036662,K1am-2024-06-13_11-40.WAV,2024 Kern 1 - check lat lon,2024,6,13,11,40,sp33,Simple Call,35.2747,36.816,3656,4688,24000,(not validated),https://rfcx-streams-production.s3.eu-west-1.amazonaws.com/2024/06/13/u783i74g98wc/f489e846-8491-4acc-b04a-1056c8244a69.flac?AWSAccessKeyId=AKIA45B7YWBX7MUJ7QCX&Expires=1766190440&Signature=P3qA3417R6KwbkWVyd75JjUqTZs%3D,0.268566,65456
1082036663,K1am-2024-06-13_10-00.WAV,2024 Kern 1 - check lat lon,2024,6,13,10,0,sp33,Simple Call,17.744,19.2853,3656,4688,24000,(not validated),https://rfcx-streams-production.s3.eu-west-1.amazonaws.com/2024/06/13/u783i74g98wc/64eb67dd-224d-4ba6-a144-948564a7c9e3.flac?AWSAccessKeyId=AKIA45B7YWBX7MUJ7QCX&Expires=1766190440&Signature=ys28Fw0HsXc2O%2FCL6qrmXn3wW6c%3D,0.258202,65456
1082036664,K1am-2024-06-13_20-20.WAV,2024 Kern 1 - check lat lon,2024,6,13,20,20,sp33,Simple Call,41.44,42.9813,3656,4688,24000,(not validated),https://rfcx-streams-production.s3.eu-west-1.amazonaws.com/2024/06/14/u783i74g98wc/f04274ef-5b0d-43b5-bba1-81de700d1235.flac?AWSAccessKeyId=AKIA45B7YWBX7MUJ7QCX&Expires=1766190440&Signature=GSvus091T6%2BFuetV1ate1EiJblw%3D,0.203701,65456
1082036665,K1am-2024-06-13_18-40.WAV,2024 Kern 1 - check lat lon,2024,6,13,18,40,sp33,Simple Call,53.6213,55.1627,3656,4688,24000,(not validated),https://rfcx-streams-production.s3.eu-west-1.amazonaws.com/2024/06/14/u783i74g98wc/a901f27f-7bb8-433f-a61f-2b5b8fe7b883.flac?AWSAccessKeyId=AKIA45B7YWBX7MUJ7QCX&Expires=1766190440&Signature=AwAltQQ8lObkO7PEUr6fFyc0mmo%3D,0.22276,65456
1082036666,K1am-2024-06-13_13-20.WAV,2024 Kern 1 - check lat lon,2024,6,13,13,20,sp33,Simple Call,4.37867,5.92,3656,4688,24000,(not validated),https://rfcx-streams-production.s3.eu-west-1.amazonaws.com/2024/06/13/u783i74g98wc/fc501491-a95b-4ce5-9f12-c740a5a53103.flac?AWSAccessKeyId=AKIA45B7YWBX7MUJ7QCX&Expires=1766190440&Signature=d4eeuTOK%2BP6p1hAsuEUi1pNTuS0%3D,0.278511,65456
1082036667,K1am-2024-06-13_14-40.WAV,2024 Kern 1 - check lat lon,2024,6,13,14,40,sp33,Simple Call,36.128,37.6693,3656,4688,24000,(not validated),https://rfcx-streams-production.s3.eu-west-1.amazonaws.com/2024/06/13/u783i74g98wc/f1661cc1-da35-4d00-aed6-fd8115891fba.flac?AWSAccessKeyId=AKIA45B7YWBX7MUJ7QCX&Expires=1766190440&Signature=SysK07PoAxGWjN6oc99zEcVXq4E%3D,0.21227,65456
1082036668,K1am-2024-06-13_05-20.WAV,2024 Kern 1 - check lat lon,2024,6,13,5,20,sp33,Simple Call,14.1013,15.6427,3656,4688,24000,(not validated),https://rfcx-streams-production.s3.eu-west-1.amazonaws.com/2024/06/13/u783i74g98wc/8602bdb4-d23e-4e60-adcb-5a6fb00f5a55.flac?AWSAccessKeyId=AKIA45B7YWBX7MUJ7QCX&Expires=1766190440&Signature=6RAPKWv78%2BkeYB6zeR6lWTXg8uE%3D,0.301913,65456
1082036669,K1am-2024-06-14_07-00.WAV,2024 Kern 1 - check lat lon,2024,6,14,7,0,sp33,Simple Call,13.3387,14.88,3656,4688,24000,(not validated),https://rfcx-streams-production.s3.eu-west-1.amazonaws.com/2024/06/14/u783i74g98wc/aab8db6c-e7cc-4d9a-ae7b-e7c9eac13387.flac?AWSAccessKeyId=AKIA45B7YWBX7MUJ7QCX&Expires=1766190440&Signature=ZqyYMMmEJCs4nF1tUyG%2FB9dKKp4%3D,0.221897,65456
1082036670,K1am-2024-06-12_20-00.WAV,2024 Kern 1 - check lat lon,2024,6,12,20,0,sp33,Simple Call,44.2827,45.824,3656,4688,24000,(not validated),https://rfcx-streams-production.s3.eu-west-1.amazonaws.com/2024/06/13/u783i74g98wc/abe9a2e2-e34c-4354-9e16-dbf859398003.flac?AWSAccessKeyId=AKIA45B7YWBX7MUJ7QCX&Expires=1766190440&Signature=O%2Ba85uhIKJJyTo3GPCMnwL%2BXdg8%3D,0.244034,65456
1082036671,K1am-2024-06-12_15-40.WAV,2024 Kern 1 - check lat lon,2024,6,12,15,40,sp33,Simple Call,58.112,59.6533,3656,4688,24000,(not validated),https://rfcx-streams-production.s3.eu-west-1.amazonaws.com/2024/06/12/u783i74g98wc/2aed25f4-8fd7-46ea-9bc0-c5ce5f975e1b.flac?AWSAccessKeyId=AKIA45B7YWBX7MUJ7QCX&Expires=1766190440&Signature=sFtbeP2CzsB%2FBbDnvE2xOwSIIhw%3D,0.214586,65456
1082036672,K1am-2024-06-12_16-20.WAV,2024 Kern 1 - check lat lon,2024,6,12,16,20,sp33,Simple Call,11.8933,13.4347,3656,4688,24000,(not validated),https://rfcx-streams-production.s3.eu-west-1.amazonaws.com/2024/06/12/u783i74g98wc/ef7a1e44-b107-4143-aac4-f50a233f14fa.flac?AWSAccessKeyId=AKIA45B7YWBX7MUJ7QCX&Expires=1766190440&Signature=yqvgmcLYLmMwq8xGeUrITwhOQGQ%3D,0.215358,65456
1082036673,K1am-2024-06-12_17-40.WAV,2024 Kern 1 - check lat lon,2024,6,12,17,40,sp33,Simple Call,11.3173,12.8587,3656,4688,24000,(not validated),https://rfcx-streams-production.s3.eu-west-1.amazonaws.com/2024/06/13/u783i74g98wc/7fa29865-a42c-4503-ba0d-01f4f65c914f.flac?AWSAccessKeyId=AKIA45B7YWBX7MUJ7QCX&Expires=1766190440&Signature=rcEA3zXRQLM7LoXRN%2F6sM%2BTSaK0%3D,0.219318,65456
1082036674,K1am-2024-06-13_16-00.WAV,2024 Kern 1 - check lat lon,2024,6,13,16,0,sp33,Simple Call,35.2747,36.816,3656,4688,24000,(not validated),https://rfcx-streams-production.s3.eu-west-1.amazonaws.com/2024/06/13/u783i74g98wc/e4738761-e899-4721-b69f-bedb8b13b5fd.flac?AWSAccessKeyId=AKIA45B7YWBX7MUJ7QCX&Expires=1766190440&Signature=95j3tvoC8FAHURRxVZWbhmGvXms%3D,0.260339,65456
1082036675,K1am-2024-06-12_07-00.WAV,2024 Kern 1 - check lat lon,2024,6,12,7,0,sp33,Simple Call,28.9973,30.5387,3656,4688,24000,(not validated),https://rfcx-streams-production.s3.eu-west-1.amazonaws.com/2024/06/12/u783i74g98wc/8eac02bd-1458-4318-999e-e71875d6d778.flac?AWSAccessKeyId=AKIA45B7YWBX7MUJ7QCX&Expires=1766190440&Signature=x9ihr6%2Fjseg9z8veP9EvY6vfH9g%3D,0.25533,65456
1082036676,K1am-2024-06-12_06-20.WAV,2024 Kern 1 - check lat lon,2024,6,12,6,20,sp33,Simple Call,13.8773,15.4187,3656,4688,24000,(not validated),https://rfcx-streams-production.s3.eu-west-1.amazonaws.com/2024/06/12/u783i74g98wc/4c252828-1609-41b0-a24b-e18df13e8c7e.flac?AWSAccessKeyId=AKIA45B7YWBX7MUJ7QCX&Expires=1766190440&Signature=bKw1E2R1Qg%2F1j2%2F%2BQZhPljmXWI8%3D,0.300728,65456
1082036677,K1am-2024-06-11_19-20.WAV,2024 Kern 1 - check lat lon,2024,6,11,19,20,sp33,Simple Call,50.032,51.5733,3656,4688,24000,(not validated),https://rfcx-streams-production.s3.eu-west-1.amazonaws.com/2024/06/12/u783i74g98wc/a47c48d5-ed3e-4efb-ac28-0729cc63843f.flac?AWSAccessKeyId=AKIA45B7YWBX7MUJ7QCX&Expires=1766190440&Signature=9kKfTwOCcHFmf8q%2F85ghKlJ53Gw%3D,0.227452,65456
1082036678,K1am-2024-06-12_07-20.WAV,2024 Kern 1 - check lat lon,2024,6,12,7,20,sp33,Simple Call,8.50667,10.048,3656,4688,24000,(not validated),https://rfcx-streams-production.s3.eu-west-1.amazonaws.com/2024/06/12/u783i74g98wc/58ba552c-6b04-4a55-9626-728e0a28e35d.flac?AWSAccessKeyId=AKIA45B7YWBX7MUJ7QCX&Expires=1766190440&Signature=ANBWQpOOaNLBECjPDGnWcbSpdF8%3D,0.21814,65456
1082036679,K1am-2024-06-12_06-40.WAV,2024 Kern 1 - check lat lon,2024,6,12,6,40,sp33,Simple Call,25.4187,26.96,3656,4688,24000,(not validated),https://rfcx-streams-production.s3.eu-west-1.amazonaws.com/2024/06/12/u783i74g98wc/3c9dba6f-b9df-44f1-8963-e1017ba85a57.flac?AWSAccessKeyId=AKIA45B7YWBX7MUJ7QCX&Expires=1766190440&Signature=Kvgn2%2BVGsQgsJnS9yb5m6JiTUQo%3D,0.203712,65456
1082036680,K1am-2024-06-11_11-20.WAV,2024 Kern 1 - check lat lon,2024,6,11,11,20,sp33,Simple Call,54.2987,55.84,3656,4688,24000,(not validated),https://rfcx-streams-production.s3.eu-west-1.amazonaws.com/2024/06/11/u783i74g98wc/6023efd4-f840-4fb7-af37-20b086925495.flac?AWSAccessKeyId=AKIA45B7YWBX7MUJ7QCX&Expires=1766190440&Signature=DMjxYlRDgjHplksChOUn6HRcaRI%3D,0.346296,65456
1082036681,K1am-2024-06-11_10-20.WAV,2024 Kern 1 - check lat lon,2024,6,11,10,20,sp33,Simple Call,23.2267,24.768,3656,4688,24000,(not validated),https://rfcx-streams-production.s3.eu-west-1.amazonaws.com/2024/06/11/u783i74g98wc/79f336ac-1b16-49f6-ad6c-7eb69d0b2358.flac?AWSAccessKeyId=AKIA45B7YWBX7MUJ7QCX&Expires=1766190440&Signature=GmTFIsulQzBu0yz6PtVE94%2Bvg60%3D,0.207922,65456
1082036682,K1am-2024-06-11_05-20.WAV,2024 Kern 1 - check lat lon,2024,6,11,5,20,sp33,Simple Call,24.9173,26.4587,3656,4688,24000,(not validated),https://rfcx-streams-production.s3.eu-west-1.amazonaws.com/2024/06/11/u783i74g98wc/5ba9714a-1185-44e7-abad-f12d32520dac.flac?AWSAccessKeyId=AKIA45B7YWBX7MUJ7QCX&Expires=1766190440&Signature=PmHObnNDfH3oXOtxFTj%2FWlVFVxw%3D,0.306373,65456
1082036683,K1am-2024-06-10_17-40.WAV,2024 Kern 1 - check lat lon,2024,6,10,17,40,sp33,Simple Call,4.71467,6.256,3656,4688,24000,(not validated),https://rfcx-streams-production.s3.eu-west-1.amazonaws.com/2024/06/11/u783i74g98wc/c0fe7736-3562-4aef-bd8c-b8f6eb3e8810.flac?AWSAccessKeyId=AKIA45B7YWBX7MUJ7QCX&Expires=1766190440&Signature=scVvEPLWpqH60eWNYDmy%2BvTYTos%3D,0.353009,65456
1082036684,K1am-2024-06-10_16-00.WAV,2024 Kern 1 - check lat lon,2024,6,10,16,0,sp33,Simple Call,17.4827,19.024,3656,4688,24000,(not validated),https://rfcx-streams-production.s3.eu-west-1.amazonaws.com/2024/06/10/u783i74g98wc/0b2ddc15-42cb-4743-bd6e-b51bed7c6f67.flac?AWSAccessKeyId=AKIA45B7YWBX7MUJ7QCX&Expires=1766190440&Signature=hR7bBMFa5zQ6A5w5rcnJb62c5F0%3D,0.226188,65456
1082036685,K1am-2024-06-10_09-40.WAV,2024 Kern 1 - check lat lon,2024,6,10,9,40,sp33,Simple Call,40.192,41.7333,3656,4688,24000,(not validated),https://rfcx-streams-production.s3.eu-west-1.amazonaws.com/2024/06/10/u783i74g98wc/84bb31c1-7411-4ffd-a4ae-3ed834005b1a.flac?AWSAccessKeyId=AKIA45B7YWBX7MUJ7QCX&Expires=1766190440&Signature=S%2Bwkk4yyQVnGKGpsglaU31XgJ%2FI%3D,0.309887,65456
1082036686,K1am-2024-05-03_08-20.WAV,2024 Kern 1 - check lat lon,2024,5,3,8,20,sp33,Simple Call,19.0933,20.6347,3656,4688,24000,(not validated),https://rfcx-streams-production.s3.eu-west-1.amazonaws.com/2024/05/03/u783i74g98wc/41242930-8c66-43a1-b629-77c57c8b7440.flac?AWSAccessKeyId=AKIA45B7YWBX7MUJ7QCX&Expires=1766190440&Signature=VQQJPqpF1Tf7qjMOVPn6JgB8xBw%3D,0.208132,65456
1082036687,K1am-2024-05-03_13-00.WAV,2024 Kern 1 - check lat lon,2024,5,3,13,0,sp33,Simple Call,43.04,44.5813,3656,4688,24000,(not validated),https://rfcx-streams-production.s3.eu-west-1.amazonaws.com/2024/05/03/u783i74g98wc/20288d36-57b0-4cb6-89d1-6059675b2c5d.flac?AWSAccessKeyId=AKIA45B7YWBX7MUJ7QCX&Expires=1766190440&Signature=oO88nUUlnPK%2F4nST18gwKyF3%2BWs%3D,0.201296,65456
1082036688,K1am-2024-05-02_13-40.WAV,2024 Kern 1 - check lat lon,2024,5,2,13,40,sp33,Simple Call,30.3947,31.936,3656,4688,24000,(not validated),https://rfcx-streams-production.s3.eu-west-1.amazonaws.com/2024/05/02/u783i74g98wc/3f4aae03-e756-446c-869f-0a755beb3e9c.flac?AWSAccessKeyId=AKIA45B7YWBX7MUJ7QCX&Expires=1766190440&Signature=aKoGLlcmYRBKxIklazA15aQvpeg%3D,0.209023,65456
1082036689,K1am-2024-05-03_05-40.WAV,2024 Kern 1 - check lat lon,2024,5,3,5,40,sp33,Simple Call,48.4533,49.9947,3656,4688,24000,(not validated),https://rfcx-streams-production.s3.eu-west-1.amazonaws.com/2024/05/03/u783i74g98wc/b45b9217-a1de-4bdd-8b19-7ee057f49cf4.flac?AWSAccessKeyId=AKIA45B7YWBX7MUJ7QCX&Expires=1766190440&Signature=v4fsEyFdHD8C2uc00fL3WFhzGz8%3D,0.201991,65456
1082036690,K1am-2024-05-02_09-20.WAV,2024 Kern 1 - check lat lon,2024,5,2,9,20,sp33,Simple Call,48.528,50.0693,3656,4688,24000,(not validated),https://rfcx-streams-production.s3.eu-west-1.amazonaws.com/2024/05/02/u783i74g98wc/26172d47-cf6e-405c-982d-18a68b547f3f.flac?AWSAccessKeyId=AKIA45B7YWBX7MUJ7QCX&Expires=1766190440&Signature=6bk5W9VIE8fGgeRbRVMZJkcSoAY%3D,0.234118,65456
1082036691,K1am-2024-05-03_04-20.WAV,2024 Kern 1 - check lat lon,2024,5,3,4,20,sp33,Simple Call,22.128,23.6693,3656,4688,24000,(not validated),https://rfcx-streams-production.s3.eu-west-1.amazonaws.com/2024/05/03/u783i74g98wc/9e3f67bf-d1f3-454d-a4aa-2edb7e0c6ae6.flac?AWSAccessKeyId=AKIA45B7YWBX7MUJ7QCX&Expires=1766190440&Signature=Q26ZLW4Ch%2FM6mtry5kI0mNlL8eM%3D,0.24533,65456
1082036692,K1am-2024-05-02_07-40.WAV,2024 Kern 1 - check lat lon,2024,5,2,7,40,sp33,Simple Call,13.0933,14.6347,3656,4688,24000,(not validated),https://rfcx-streams-production.s3.eu-west-1.amazonaws.com/2024/05/02/u783i74g98wc/166be9b6-f0be-4ef0-bfcd-723edef4c247.flac?AWSAccessKeyId=AKIA45B7YWBX7MUJ7QCX&Expires=1766190440&Signature=K7BRBlCwDFiJm9w1ICUTTpIhwo4%3D,0.232726,65456
1082036693,K1am-2024-05-02_04-20.WAV,2024 Kern 1 - check lat lon,2024,5,2,4,20,sp33,Simple Call,54.8373,56.3787,3656,4688,24000,(not validated),https://rfcx-streams-production.s3.eu-west-1.amazonaws.com/2024/05/02/u783i74g98wc/6e2ff2df-9369-4f60-a8ea-5b1a8d4df73d.flac?AWSAccessKeyId=AKIA45B7YWBX7MUJ7QCX&Expires=1766190440&Signature=PMhAnKcIz3zQH7On%2FD%2F3rwy%2FNFU%3D,0.20104,65456
1082036694,K1am-2024-05-02_05-00.WAV,2024 Kern 1 - check lat lon,2024,5,2,5,0,sp33,Simple Call,14.32,15.8613,3656,4688,24000,(not validated),https://rfcx-streams-production.s3.eu-west-1.amazonaws.com/2024/05/02/u783i74g98wc/cc8e3469-331c-4297-801e-633d9be1da66.flac?AWSAccessKeyId=AKIA45B7YWBX7MUJ7QCX&Expires=1766190440&Signature=kjdUkM0H4OApm1bGBepzf0BlSQc%3D,0.212505,65456
1082036695,K1am-2024-05-02_04-40.WAV,2024 Kern 1 - check lat lon,2024,5,2,4,40,sp33,Simple Call,29.5733,31.1147,3656,4688,24000,(not validated),https://rfcx-streams-production.s3.eu-west-1.amazonaws.com/2024/05/02/u783i74g98wc/41f44740-dbd4-4487-b9df-0251a037a4f4.flac?AWSAccessKeyId=AKIA45B7YWBX7MUJ7QCX&Expires=1766190440&Signature=Uwe5xtSqMzEHmMYaQr%2FLuWmt%2FyI%3D,0.20807,65456
1082036696,K1am-2024-05-02_10-20.WAV,2024 Kern 1 - check lat lon,2024,5,2,10,20,sp33,Simple Call,27.3653,28.9067,3656,4688,24000,(not validated),https://rfcx-streams-production.s3.eu-west-1.amazonaws.com/2024/05/02/u783i74g98wc/1ecbacb0-3bff-4769-9a8c-ee8562c93229.flac?AWSAccessKeyId=AKIA45B7YWBX7MUJ7QCX&Expires=1766190440&Signature=L5ZBW3mkYvS%2F%2FPA15qQ8zcNDUG0%3D,0.269614,65456
1082036697,K1am-2024-05-02_17-20.WAV,2024 Kern 1 - check lat lon,2024,5,2,17,20,sp33,Simple Call,7.27467,8.816,3656,4688,24000,(not validated),https://rfcx-streams-production.s3.eu-west-1.amazonaws.com/2024/05/03/u783i74g98wc/c551db37-425b-45e9-a90a-2315d6273fb1.flac?AWSAccessKeyId=AKIA45B7YWBX7MUJ7QCX&Expires=1766190440&Signature=UAfpESZfgnF1A79UDzjCvl1ckcs%3D,0.224676,65456
1082036698,K1am-2024-05-02_06-00.WAV,2024 Kern 1 - check lat lon,2024,5,2,6,0,sp33,Simple Call,23.7547,25.296,3656,4688,24000,(not validated),https://rfcx-streams-production.s3.eu-west-1.amazonaws.com/2024/05/02/u783i74g98wc/87400fee-a168-4e4f-9c02-2e227284f3a8.flac?AWSAccessKeyId=AKIA45B7YWBX7MUJ7QCX&Expires=1766190440&Signature=T5w0ztlMJjJn9dC4xyKBC7Fhn%2Fw%3D,0.23554,65456
1082036699,K1am-2024-05-02_20-00.WAV,2024 Kern 1 - check lat lon,2024,5,2,20,0,sp33,Simple Call,1.984,3.52533,3656,4688,24000,(not validated),https://rfcx-streams-production.s3.eu-west-1.amazonaws.com/2024/05/03/u783i74g98wc/1ebfd148-7202-4787-926c-de9447a56c11.flac?AWSAccessKeyId=AKIA45B7YWBX7MUJ7QCX&Expires=1766190440&Signature=wGs2v1XqNWVHF0a7FRnA9vgCRCg%3D,0.20333,65456
1082036700,K1am-2024-05-02_18-40.WAV,2024 Kern 1 - check lat lon,2024,5,2,18,40,sp33,Simple Call,45.4347,46.976,3656,4688,24000,(not validated),https://rfcx-streams-production.s3.eu-west-1.amazonaws.com/2024/05/03/u783i74g98wc/e7f319b7-ef59-4279-a667-8512437d9858.flac?AWSAccessKeyId=AKIA45B7YWBX7MUJ7QCX&Expires=1766190440&Signature=hkfz2D6f4q4qx%2BiqZ57bDtCSJ7g%3D,0.281998,65456
1082036701,K1am-2024-05-02_08-20.WAV,2024 Kern 1 - check lat lon,2024,5,2,8,20,sp33,Simple Call,19.2373,20.7787,3656,4688,24000,(not validated),https://rfcx-streams-production.s3.eu-west-1.amazonaws.com/2024/05/02/u783i74g98wc/183b5665-f32e-43bb-8977-e141aaae5e17.flac?AWSAccessKeyId=AKIA45B7YWBX7MUJ7QCX&Expires=1766190440&Signature=PPTvgmubZzth79wXwuGWxed0APQ%3D,0.255278,65456
1082036702,K1am-2024-05-02_14-40.WAV,2024 Kern 1 - check lat lon,2024,5,2,14,40,sp33,Simple Call,32.0533,33.5947,3656,4688,24000,(not validated),https://rfcx-streams-production.s3.eu-west-1.amazonaws.com/2024/05/02/u783i74g98wc/3496b15a-a614-41c1-8b8e-196fb3a5a317.flac?AWSAccessKeyId=AKIA45B7YWBX7MUJ7QCX&Expires=1766190440&Signature=M2OJNVWb27luldW5ftoe7o7fs1g%3D,0.270654,65456
1082036703,K1am-2024-05-02_13-20.WAV,2024 Kern 1 - check lat lon,2024,5,2,13,20,sp33,Simple Call,26.768,28.3093,3656,4688,24000,(not validated),https://rfcx-streams-production.s3.eu-west-1.amazonaws.com/2024/05/02/u783i74g98wc/23375db7-36ba-4b30-b3cf-9d3a65afa124.flac?AWSAccessKeyId=AKIA45B7YWBX7MUJ7QCX&Expires=1766190440&Signature=DaTIy8x8Yl8W3wOxS%2FL%2BG7gDSCk%3D,0.200389,65456
1082036704,K1am-2024-05-02_08-00.WAV,2024 Kern 1 - check lat lon,2024,5,2,8,0,sp33,Simple Call,38.7093,40.2507,3656,4688,24000,(not validated),https://rfcx-streams-production.s3.eu-west-1.amazonaws.com/2024/05/02/u783i74g98wc/2fb73109-8276-44d0-bb88-67a1ecd2163d.flac?AWSAccessKeyId=AKIA45B7YWBX7MUJ7QCX&Expires=1766190440&Signature=cDRqGNGY0eUVbTel%2BY2Vuty1euM%3D,0.295652,65456
1082036705,K1am-2024-05-02_05-40.WAV,2024 Kern 1 - check lat lon,2024,5,2,5,40,sp33,Simple Call,31.024,32.5653,3656,4688,24000,(not validated),https://rfcx-streams-production.s3.eu-west-1.amazonaws.com/2024/05/02/u783i74g98wc/75105478-e992-403b-868f-ab4967601aed.flac?AWSAccessKeyId=AKIA45B7YWBX7MUJ7QCX&Expires=1766190440&Signature=hyaIfAyqCg%2BhokFPmyppyGJialU%3D,0.202659,65456
1082036706,K1am-2024-05-01_19-40.WAV,2024 Kern 1 - check lat lon,2024,5,1,19,40,sp33,Simple Call,32.2293,33.7707,3656,4688,24000,(not validated),https://rfcx-streams-production.s3.eu-west-1.amazonaws.com/2024/05/02/u783i74g98wc/2a0e8b06-08e9-4349-90ca-bded2040ec53.flac?AWSAccessKeyId=AKIA45B7YWBX7MUJ7QCX&Expires=1766190440&Signature=NV8Z1cYi%2FdvueaumkP6jvygWDkE%3D,0.293343,65456
1082036707,K1am-2024-05-01_11-20.WAV,2024 Kern 1 - check lat lon,2024,5,1,11,20,sp33,Simple Call,43.8347,45.376,3656,4688,24000,(not validated),https://rfcx-streams-production.s3.eu-west-1.amazonaws.com/2024/05/01/u783i74g98wc/e833c240-0208-40f5-b528-2ad7829bb098.flac?AWSAccessKeyId=AKIA45B7YWBX7MUJ7QCX&Expires=1766190440&Signature=yukbCqmIHmHo6fCj5BhjC1WbLmQ%3D,0.218462,65456
1082036708,K1am-2024-05-01_10-20.WAV,2024 Kern 1 - check lat lon,2024,5,1,10,20,sp33,Simple Call,28.6347,30.176,3656,4688,24000,(not validated),https://rfcx-streams-production.s3.eu-west-1.amazonaws.com/2024/05/01/u783i74g98wc/c57a7e14-e878-43ff-af69-5ac44ddbd336.flac?AWSAccessKeyId=AKIA45B7YWBX7MUJ7QCX&Expires=1766190440&Signature=%2FnUq9AqleG6aTLksN5UxRFyPT7g%3D,0.238641,65456
1082036709,K1am-2024-05-01_10-00.WAV,2024 Kern 1 - check lat lon,2024,5,1,10,0,sp33,Simple Call,20.3413,21.8827,3656,4688,24000,(not validated),https://rfcx-streams-production.s3.eu-west-1.amazonaws.com/2024/05/01/u783i74g98wc/0e79f54a-9c51-48c2-bb6b-91ca71b91726.flac?AWSAccessKeyId=AKIA45B7YWBX7MUJ7QCX&Expires=1766190440&Signature=TP8whjysaQxsV4wvassMIi9JJlY%3D,0.246302,65456
1082036710,K1am-2024-05-01_17-20.WAV,2024 Kern 1 - check lat lon,2024,5,1,17,20,sp33,Simple Call,39.904,41.4453,3656,4688,24000,(not validated),https://rfcx-streams-production.s3.eu-west-1.amazonaws.com/2024/05/02/u783i74g98wc/16117481-84a3-4ed9-9f0e-db3577c00b65.flac?AWSAccessKeyId=AKIA45B7YWBX7MUJ7QCX&Expires=1766190440&Signature=%2FdPp5%2F1%2Ff0M2ZdF2gmv0lZ6FUPI%3D,0.238675,65456
1082036711,K1am-2024-05-01_06-40.WAV,2024 Kern 1 - check lat lon,2024,5,1,6,40,sp33,Simple Call,3.792,5.33333,3656,4688,24000,(not validated),https://rfcx-streams-production.s3.eu-west-1.amazonaws.com/2024/05/01/u783i74g98wc/6e51642c-be74-49dc-8458-c5a97f324e51.flac?AWSAccessKeyId=AKIA45B7YWBX7MUJ7QCX&Expires=1766190440&Signature=veTZzfYFt203KYFrt3eHryc8nao%3D,0.258322,65456
1082036712,K1am-2024-05-01_12-00.WAV,2024 Kern 1 - check lat lon,2024,5,1,12,0,sp33,Simple Call,39.1467,40.688,3656,4688,24000,(not validated),https://rfcx-streams-production.s3.eu-west-1.amazonaws.com/2024/05/01/u783i74g98wc/9068f5da-1679-48cb-9ac1-27c69a77de1d.flac?AWSAccessKeyId=AKIA45B7YWBX7MUJ7QCX&Expires=1766190440&Signature=GO7lBoZHfArg3QU4Wdy0BPJSntk%3D,0.20855,65456
1082036713,K1am-2024-05-01_04-40.WAV,2024 Kern 1 - check lat lon,2024,5,1,4,40,sp33,Simple Call,43.3707,44.912,3656,4688,24000,(not validated),https://rfcx-streams-production.s3.eu-west-1.amazonaws.com/2024/05/01/u783i74g98wc/fe9fea01-c45d-443e-8bf4-fc6ea9e6ba09.flac?AWSAccessKeyId=AKIA45B7YWBX7MUJ7QCX&Expires=1766190440&Signature=VO7kuji1gQd1bVi8tSnylOQBNMw%3D,0.231723,65456
1082036714,K1am-2024-05-01_18-20.WAV,2024 Kern 1 - check lat lon,2024,5,1,18,20,sp33,Simple Call,54.2987,55.84,3656,4688,24000,(not validated),https://rfcx-streams-production.s3.eu-west-1.amazonaws.com/2024/05/02/u783i74g98wc/2bad7803-c2d8-4ee6-b904-97752f8bf628.flac?AWSAccessKeyId=AKIA45B7YWBX7MUJ7QCX&Expires=1766190440&Signature=PBgDdIqI%2BJK%2BANKQdhzMV8wD%2FmU%3D,0.22906,65456
1082036715,K1am-2024-05-01_05-40.WAV,2024 Kern 1 - check lat lon,2024,5,1,5,40,sp33,Simple Call,12.1867,13.728,3656,4688,24000,(not validated),https://rfcx-streams-production.s3.eu-west-1.amazonaws.com/2024/05/01/u783i74g98wc/63c6021f-b8b4-4fea-883e-a7ae765b444a.flac?AWSAccessKeyId=AKIA45B7YWBX7MUJ7QCX&Expires=1766190440&Signature=oAxGq1eMHCJMVJDQsrUy2x5JD70%3D,0.239866,65456
1082036716,K1am-2024-05-01_04-20.WAV,2024 Kern 1 - check lat lon,2024,5,1,4,20,sp33,Simple Call,24.384,25.9253,3656,4688,24000,(not validated),https://rfcx-streams-production.s3.eu-west-1.amazonaws.com/2024/05/01/u783i74g98wc/17e9086e-6299-457b-add0-14bfd8bd074b.flac?AWSAccessKeyId=AKIA45B7YWBX7MUJ7QCX&Expires=1766190440&Signature=HSacnP6thnEIDXjzkQ4Kf90fi7o%3D,0.247572,65456
1082036717,K1am-2024-05-01_05-00.WAV,2024 Kern 1 - check lat lon,2024,5,1,5,0,sp33,Simple Call,52.432,53.9733,3656,4688,24000,(not validated),https://rfcx-streams-production.s3.eu-west-1.amazonaws.com/2024/05/01/u783i74g98wc/0693999c-47b7-4449-849d-f63dd77c0b68.flac?AWSAccessKeyId=AKIA45B7YWBX7MUJ7QCX&Expires=1766190440&Signature=I5r0zr0Z2StBEXM8WInAAntcj1c%3D,0.231743,65456
1082036718,K1am-2024-04-30_07-00.WAV,2024 Kern 1 - check lat lon,2024,4,30,7,0,sp33,Simple Call,43.0187,44.56,3656,4688,24000,(not validated),https://rfcx-streams-production.s3.eu-west-1.amazonaws.com/2024/04/30/u783i74g98wc/56cc9213-68d4-49b3-890c-85b8e2da9369.flac?AWSAccessKeyId=AKIA45B7YWBX7MUJ7QCX&Expires=1766190440&Signature=0CIEQtS1xBzzwKt8Bu60VM6aAsY%3D,0.220033,65456
1082036719,K1am-2024-04-30_05-00.WAV,2024 Kern 1 - check lat lon,2024,4,30,5,0,sp33,Simple Call,43.8933,45.4347,3656,4688,24000,(not validated),https://rfcx-streams-production.s3.eu-west-1.amazonaws.com/2024/04/30/u783i74g98wc/bc13539e-3d6f-4e66-99b9-4a99ad4045e1.flac?AWSAccessKeyId=AKIA45B7YWBX7MUJ7QCX&Expires=1766190440&Signature=zuGGBAIIjIWWlpSI1NQ0lsHP%2Bsk%3D,0.208966,65456
1082036720,K1am-2024-04-29_14-20.WAV,2024 Kern 1 - check lat lon,2024,4,29,14,20,sp33,Simple Call,20.96,22.5013,3656,4688,24000,(not validated),https://rfcx-streams-production.s3.eu-west-1.amazonaws.com/2024/04/29/u783i74g98wc/efb603a6-921c-4f58-9276-061a27972230.flac?AWSAccessKeyId=AKIA45B7YWBX7MUJ7QCX&Expires=1766190440&Signature=%2FOpR7OmiPzPXTi0PUowtdr7eW0s%3D,0.230905,65456
1082036721,K1am-2024-04-30_04-40.WAV,2024 Kern 1 - check lat lon,2024,4,30,4,40,sp33,Simple Call,27.9307,29.472,3656,4688,24000,(not validated),https://rfcx-streams-production.s3.eu-west-1.amazonaws.com/2024/04/30/u783i74g98wc/fbdf2801-85ef-469b-bc3f-5f917f160d9d.flac?AWSAccessKeyId=AKIA45B7YWBX7MUJ7QCX&Expires=1766190440&Signature=EfzonNzEecNMkECwSZSgO5wiA50%3D,0.219321,65456
1082036722,K1am-2024-04-30_04-20.WAV,2024 Kern 1 - check lat lon,2024,4,30,4,20,sp33,Simple Call,18.848,20.3893,3656,4688,24000,(not validated),https://rfcx-streams-production.s3.eu-west-1.amazonaws.com/2024/04/30/u783i74g98wc/69edcf55-a193-4027-aa66-aaede1d6cd52.flac?AWSAccessKeyId=AKIA45B7YWBX7MUJ7QCX&Expires=1766190440&Signature=TGGDMl20%2FjeBoX5zadu00d%2BmfgA%3D,0.231708,65456
1082036813,K1am-2024-04-25_04-40.WAV,2024 Kern 1 - check lat lon,2024,4,25,4,40,sp33,Simple Call,26.9227,28.464,3656,4688,24000,(not validated),https://rfcx-streams-production.s3.eu-west-1.amazonaws.com/2024/04/25/u783i74g98wc/e67a28c0-e728-42fe-98f2-07a2ed6a5a6e.flac?AWSAccessKeyId=AKIA45B7YWBX7MUJ7QCX&Expires=1766190440&Signature=FETh7q3KnrTJc64aAoZjMVVPAlg%3D,0.272022,65456
1082036814,K1am-2024-04-24_10-40.WAV,2024 Kern 1 - check lat lon,2024,4,24,10,40,sp33,Simple Call,12.6613,14.2027,3656,4688,24000,(not validated),https://rfcx-streams-production.s3.eu-west-1.amazonaws.com/2024/04/24/u783i74g98wc/456bacbb-39d2-4048-9f36-32bbccd8aa79.flac?AWSAccessKeyId=AKIA45B7YWBX7MUJ7QCX&Expires=1766190440&Signature=RDw%2F1uflsydir2k%2BPWSGgb6%2BsWE%3D,0.20273,65456
1082036815,K1am-2024-04-25_07-20.WAV,2024 Kern 1 - check lat lon,2024,4,25,7,20,sp33,Simple Call,1.264,2.80533,3656,4688,24000,(not validated),https://rfcx-streams-production.s3.eu-west-1.amazonaws.com/2024/04/25/u783i74g98wc/d91bfce9-7337-4300-b5d0-f0f3e65de9a2.flac?AWSAccessKeyId=AKIA45B7YWBX7MUJ7QCX&Expires=1766190440&Signature=fCXAFPe1f0KnMOMUYk0bO7zn9tQ%3D,0.210821,65456
1082036816,K1am-2024-04-24_05-00.WAV,2024 Kern 1 - check lat lon,2024,4,24,5,0,sp33,Simple Call,28.2133,29.7547,3656,4688,24000,(not validated),https://rfcx-streams-production.s3.eu-west-1.amazonaws.com/2024/04/24/u783i74g98wc/b05faa46-91f9-4e4f-aeb4-a68dce00bb36.flac?AWSAccessKeyId=AKIA45B7YWBX7MUJ7QCX&Expires=1766190440&Signature=%2FjyINLEWUHHZCJZlGLbv%2BPwRUgE%3D,0.216507,65456
1082036817,K1am-2024-04-25_06-40.WAV,2024 Kern 1 - check lat lon,2024,4,25,6,40,sp33,Simple Call,17.1947,18.736,3656,4688,24000,(not validated),https://rfcx-streams-production.s3.eu-west-1.amazonaws.com/2024/04/25/u783i74g98wc/0772edc7-41e2-49d2-a3c4-5ae29df82db0.flac?AWSAccessKeyId=AKIA45B7YWBX7MUJ7QCX&Expires=1766190440&Signature=itBnADECa%2F5el3fIlcnX9Hb77Nw%3D,0.230472,65456
1082036818,K1am-2024-04-24_04-40.WAV,2024 Kern 1 - check lat lon,2024,4,24,4,40,sp33,Simple Call,43.632,45.1733,3656,4688,24000,(not validated),https://rfcx-streams-production.s3.eu-west-1.amazonaws.com/2024/04/24/u783i74g98wc/fdabff47-b2a9-42b1-a5a3-f9807eebba2d.flac?AWSAccessKeyId=AKIA45B7YWBX7MUJ7QCX&Expires=1766190440&Signature=%2BRN2AKwywL%2BkuX48zo0wxFEd538%3D,0.219189,65456
1082036819,K1am-2024-04-24_04-20.WAV,2024 Kern 1 - check lat lon,2024,4,24,4,20,sp33,Simple Call,40.9227,42.464,3656,4688,24000,(not validated),https://rfcx-streams-production.s3.eu-west-1.amazonaws.com/2024/04/24/u783i74g98wc/2a7a2fd0-c9a5-41ea-80bb-5ba95dd7a41a.flac?AWSAccessKeyId=AKIA45B7YWBX7MUJ7QCX&Expires=1766190440&Signature=wjksmu%2BxfweKGVVdMsp7tdnVuuE%3D,0.225596,65456
1082036820,K1am-2024-04-25_05-00.WAV,2024 Kern 1 - check lat lon,2024,4,25,5,0,sp33,Simple Call,32.5867,34.128,3656,4688,24000,(not validated),https://rfcx-streams-production.s3.eu-west-1.amazonaws.com/2024/04/25/u783i74g98wc/d2662726-2d7b-43b9-9347-f67ae34577e9.flac?AWSAccessKeyId=AKIA45B7YWBX7MUJ7QCX&Expires=1766190440&Signature=eGUkKcUP08cJOg76kGLq5L8aFrg%3D,0.234695,65456
1082036821,K1am-2024-04-23_05-20.WAV,2024 Kern 1 - check lat lon,2024,4,23,5,20,sp33,Simple Call,9.14667,10.688,3656,4688,24000,(not validated),https://rfcx-streams-production.s3.eu-west-1.amazonaws.com/2024/04/23/u783i74g98wc/13269634-f00e-4ad0-9be7-f83fa68bc15d.flac?AWSAccessKeyId=AKIA45B7YWBX7MUJ7QCX&Expires=1766190440&Signature=iJ32JxSY5EXlE0xeA9QEBfDTiEw%3D,0.208551,65456
1082036822,K1am-2024-04-23_12-00.WAV,2024 Kern 1 - check lat lon,2024,4,23,12,0,sp33,Simple Call,28.688,30.2293,3656,4688,24000,(not validated),https://rfcx-streams-production.s3.eu-west-1.amazonaws.com/2024/04/23/u783i74g98wc/1005a68b-a1a2-45f7-8f63-1dd60a96dd43.flac?AWSAccessKeyId=AKIA45B7YWBX7MUJ7QCX&Expires=1766190440&Signature=%2BgeISXFU33VNUJz7KkAY1ZoGjNU%3D,0.224451,65456
1082036823,K1am-2024-04-23_06-00.WAV,2024 Kern 1 - check lat lon,2024,4,23,6,0,sp33,Simple Call,14.0427,15.584,3656,4688,24000,(not validated),https://rfcx-streams-production.s3.eu-west-1.amazonaws.com/2024/04/23/u783i74g98wc/fd68b5c6-abb3-4b9c-bed6-fbc2003f2b9b.flac?AWSAccessKeyId=AKIA45B7YWBX7MUJ7QCX&Expires=1766190440&Signature=AoqanZIlAxc14H789Io%2Fq9pmRoE%3D,0.201487,65456
1082036824,K1am-2024-04-24_07-20.WAV,2024 Kern 1 - check lat lon,2024,4,24,7,20,sp33,Simple Call,21.248,22.7893,3656,4688,24000,(not validated),https://rfcx-streams-production.s3.eu-west-1.amazonaws.com/2024/04/24/u783i74g98wc/1d7a7a65-8f2c-45b7-a88d-06742572a5b6.flac?AWSAccessKeyId=AKIA45B7YWBX7MUJ7QCX&Expires=1766190440&Signature=tL8ddw%2BGMTZs4l6%2BRSMkNJ5YbIw%3D,0.216308,65456
1082036825,K1am-2024-04-23_04-20.WAV,2024 Kern 1 - check lat lon,2024,4,23,4,20,sp33,Simple Call,19.296,20.8373,3656,4688,24000,(not validated),https://rfcx-streams-production.s3.eu-west-1.amazonaws.com/2024/04/23/u783i74g98wc/e090deed-e16b-4c25-8bce-70e5f9840a77.flac?AWSAccessKeyId=AKIA45B7YWBX7MUJ7QCX&Expires=1766190440&Signature=MCaT9GF2NnvDq7DSs4GHRyqEo1k%3D,0.207664,65456
1082036826,K1am-2024-04-23_05-00.WAV,2024 Kern 1 - check lat lon,2024,4,23,5,0,sp33,Simple Call,12.9813,14.5227,3656,4688,24000,(not validated),https://rfcx-streams-production.s3.eu-west-1.amazonaws.com/2024/04/23/u783i74g98wc/68593947-0c32-4c03-a577-5b232c1bb770.flac?AWSAccessKeyId=AKIA45B7YWBX7MUJ7QCX&Expires=1766190440&Signature=KQ2gN6d67d8TTO0pASY2CY21dMs%3D,0.224352,65456
1082036827,K1am-2024-04-22_16-20.WAV,2024 Kern 1 - check lat lon,2024,4,22,16,20,sp33,Simple Call,55.504,57.0453,3656,4688,24000,(not validated),https://rfcx-streams-production.s3.eu-west-1.amazonaws.com/2024/04/22/u783i74g98wc/c68c28bd-8a0f-4531-8703-68783b084bf2.flac?AWSAccessKeyId=AKIA45B7YWBX7MUJ7QCX&Expires=1766190440&Signature=2luZZ%2F9%2FUMKvV20mPtOKhHhcA4U%3D,0.283115,65456
