id,recording,site,year,month,day,hour,minute,species,songtype,x1,x2,y1,y2,frequency,validated,url,score,site_id
721932182,K3am-2021-06-10_20-00.WAV,2021 Kern 3,2021,6,10,20,0,sp11,Simple Call,2.6773333333333333,3.424,2250,13687.5,24000,(not validated),https://rfcx-streams-production.s3.eu-west-1.amazonaws.com/2021/06/11/81cqy10ep7pa/fd7986a4-587e-45f1-a833-809b104965bb.flac?AWSAccessKeyId=AKIA45B7YWBX7MUJ7QCX&Expires=1719836144&Signature=viwb5Hr8SnIv674Y1y%2BdC6svEsw%3D,0.21752664128306456,24641
721932183,K3am-2021-06-11_06-20.WAV,2021 Kern 3,2021,6,11,6,20,sp11,Simple Call,20.890666666666668,21.637333333333334,2250,13687.5,24000,(not validated),https://rfcx-streams-production.s3.eu-west-1.amazonaws.com/2021/06/11/81cqy10ep7pa/42a0ddea-76b6-49a4-8207-ade2eb174524.flac?AWSAccessKeyId=AKIA45B7YWBX7MUJ7QCX&Expires=1719836144&Signature=22%2F6%2F9k3aoIniA%2FWH6%2BYG5vIGvw%3D,0.2254705013765996,24641
721932184,K3am-2021-06-03_20-20.WAV,2021 Kern 3,2021,6,3,20,20,sp11,Simple Call,32.986666666666665,33.733333333333334,2250,13687.5,24000,(not validated),https://rfcx-streams-production.s3.eu-west-1.amazonaws.com/2021/06/04/81cqy10ep7pa/1a769def-4f44-487f-8309-742b0c1aa69b.flac?AWSAccessKeyId=AKIA45B7YWBX7MUJ7QCX&Expires=1719836144&Signature=nUk%2BwTgjWxfADli84OSpp2CdNc4%3D,0.28738048507430247,24641
721932185,K3am-2021-06-09_08-40.WAV,2021 Kern 3,2021,6,9,8,40,sp11,Simple Call,40.17066666666667,40.91733333333333,2250,13687.5,24000,(not validated),https://rfcx-streams-production.s3.eu-west-1.amazonaws.com/2021/06/09/81cqy10ep7pa/61ec5ee2-93a9-4843-bafe-64a08bea355e.flac?AWSAccessKeyId=AKIA45B7YWBX7MUJ7QCX&Expires=1719836144&Signature=ZsZii33wzMB0nER%2FEC5VAiYUPYQ%3D,0.241680745835443,24641
721932186,K3am-2021-06-20_17-20.WAV,2021 Kern 3,2021,6,20,17,20,sp11,Simple Call,1.8826666666666667,2.6293333333333333,2250,13687.5,24000,(not validated),https://rfcx-streams-production.s3.eu-west-1.amazonaws.com/2021/06/21/81cqy10ep7pa/c0ff0d7b-491f-4b07-8105-fa185a1c30ba.flac?AWSAccessKeyId=AKIA45B7YWBX7MUJ7QCX&Expires=1719836144&Signature=07gfqcQIbxMEeMN7DNsvtNF2JS0%3D,0.2569906699229167,24641
721932187,K3am-2021-05-31_09-40.WAV,2021 Kern 3,2021,5,31,9,40,sp11,Simple Call,45.44,46.18666666666667,2250,13687.5,24000,(not validated),https://rfcx-streams-production.s3.eu-west-1.amazonaws.com/2021/05/31/81cqy10ep7pa/b0743f66-94d6-4b83-ae8b-b3ee7fa342b0.flac?AWSAccessKeyId=AKIA45B7YWBX7MUJ7QCX&Expires=1719836144&Signature=ebFp1NkabK5XZof%2BgqZD2uTrrIg%3D,0.20306253679228498,24641
721946481,K3am-2021-05-13_13-40.WAV,2021 Kern 3,2021,5,13,13,40,sp11,Simple Call,2.5493333333333332,3.296,2250,13687.5,24000,(not validated),https://rfcx-streams-production.s3.eu-west-1.amazonaws.com/2021/05/13/81cqy10ep7pa/5370fd2f-928e-4d3b-9148-72000108dbbd.flac?AWSAccessKeyId=AKIA45B7YWBX7MUJ7QCX&Expires=1719836144&Signature=GZrLKCS%2F0aPhe4ahdHimKOuzLhw%3D,0.24195117092730858,24641
721946482,K3am-2021-05-13_19-40.WAV,2021 Kern 3,2021,5,13,19,40,sp11,Simple Call,9.413333333333334,10.16,2250,13687.5,24000,(not validated),https://rfcx-streams-production.s3.eu-west-1.amazonaws.com/2021/05/14/81cqy10ep7pa/4445755d-536e-4c31-b643-43d035ea7b5e.flac?AWSAccessKeyId=AKIA45B7YWBX7MUJ7QCX&Expires=1719836144&Signature=ke2Rm2wZ5x02RSjO2%2FJrOD0iJCQ%3D,0.21399817406770574,24641
721946483,K3am-2021-05-13_10-20.WAV,2021 Kern 3,2021,5,13,10,20,sp11,Simple Call,51.70133333333333,52.448,2250,13687.5,24000,(not validated),https://rfcx-streams-production.s3.eu-west-1.amazonaws.com/2021/05/13/81cqy10ep7pa/82c5d764-65f4-4e2f-8846-d3b796e3b6ed.flac?AWSAccessKeyId=AKIA45B7YWBX7MUJ7QCX&Expires=1719836144&Signature=8V1H%2FfhjxD72UkmL8jEAiOEkdLo%3D,0.21906128859602148,24641
721946484,K3am-2021-05-13_10-00.WAV,2021 Kern 3,2021,5,13,10,0,sp11,Simple Call,19.221333333333334,19.968,2250,13687.5,24000,(not validated),https://rfcx-streams-production.s3.eu-west-1.amazonaws.com/2021/05/13/81cqy10ep7pa/10049d4d-c4f6-4d5f-aa47-1f20084feecb.flac?AWSAccessKeyId=AKIA45B7YWBX7MUJ7QCX&Expires=1719836144&Signature=6jh6MXNuYfRmXm72%2BguyhQi5PqM%3D,0.21008119752506152,24641
721946485,K3am-2021-05-13_07-40.WAV,2021 Kern 3,2021,5,13,7,40,sp11,Simple Call,29.754666666666665,30.501333333333335,2250,13687.5,24000,(not validated),https://rfcx-streams-production.s3.eu-west-1.amazonaws.com/2021/05/13/81cqy10ep7pa/1d946170-5e71-455f-b1cb-b142ca1dc06e.flac?AWSAccessKeyId=AKIA45B7YWBX7MUJ7QCX&Expires=1719836144&Signature=8eIl0PJgdv4WXsHvO8pTCbKHaV4%3D,0.20378423523673442,24641
721946486,K3am-2021-05-12_07-00.WAV,2021 Kern 3,2021,5,12,7,0,sp11,Simple Call,21.546666666666667,22.293333333333333,2250,13687.5,24000,(not validated),https://rfcx-streams-production.s3.eu-west-1.amazonaws.com/2021/05/12/81cqy10ep7pa/0214d7c8-c44c-451f-962e-f9478288e3b3.flac?AWSAccessKeyId=AKIA45B7YWBX7MUJ7QCX&Expires=1719836144&Signature=yMPfYydzxdV3d1kiJdnKii7%2FYe4%3D,0.23402191172754913,24641
721946487,K3am-2021-05-12_11-00.WAV,2021 Kern 3,2021,5,12,11,0,sp11,Simple Call,55.28,56.026666666666664,2250,13687.5,24000,(not validated),https://rfcx-streams-production.s3.eu-west-1.amazonaws.com/2021/05/12/81cqy10ep7pa/19b13c06-6df5-47a5-9e6b-85f3180b2288.flac?AWSAccessKeyId=AKIA45B7YWBX7MUJ7QCX&Expires=1719836144&Signature=FWGFFFYz%2BDutK1x62oEHF6tjCy4%3D,0.21858866060808568,24641
721946488,K3am-2021-05-12_11-40.WAV,2021 Kern 3,2021,5,12,11,40,sp11,Simple Call,19.050666666666668,19.797333333333334,2250,13687.5,24000,(not validated),https://rfcx-streams-production.s3.eu-west-1.amazonaws.com/2021/05/12/81cqy10ep7pa/eff227bf-8ae6-4ff6-884a-6d2b660ec328.flac?AWSAccessKeyId=AKIA45B7YWBX7MUJ7QCX&Expires=1719836144&Signature=1R7TsWnldv8ixJc3KqRmYQje174%3D,0.2477295403479273,24641
721946489,K3am-2021-05-12_05-40.WAV,2021 Kern 3,2021,5,12,5,40,sp11,Simple Call,10.714666666666666,11.461333333333334,2250,13687.5,24000,(not validated),https://rfcx-streams-production.s3.eu-west-1.amazonaws.com/2021/05/12/81cqy10ep7pa/735291f9-93d3-47bd-a6d6-85bb83f732de.flac?AWSAccessKeyId=AKIA45B7YWBX7MUJ7QCX&Expires=1719836144&Signature=b2FYeVtHJUs%2B5UHiTpdotzAHJCU%3D,0.2029109887610347,24641
721946490,K3am-2021-05-12_10-20.WAV,2021 Kern 3,2021,5,12,10,20,sp11,Simple Call,18.549333333333333,19.296,2250,13687.5,24000,(not validated),https://rfcx-streams-production.s3.eu-west-1.amazonaws.com/2021/05/12/81cqy10ep7pa/8a01b002-a924-4586-acac-0f58bbb9211f.flac?AWSAccessKeyId=AKIA45B7YWBX7MUJ7QCX&Expires=1719836144&Signature=Nqg338Q1H3XmsWOl7YRiLzHKrdo%3D,0.23144725049672768,24641
721946491,K3am-2021-05-11_12-00.WAV,2021 Kern 3,2021,5,11,12,0,sp11,Simple Call,54.368,55.114666666666665,2250,13687.5,24000,(not validated),https://rfcx-streams-production.s3.eu-west-1.amazonaws.com/2021/05/11/81cqy10ep7pa/ecd93602-aa8b-4f4c-b22e-7a5addbb70c5.flac?AWSAccessKeyId=AKIA45B7YWBX7MUJ7QCX&Expires=1719836144&Signature=%2Bc60WJqt8JnYC0ImXQXjTUSB3%2FY%3D,0.2131895273573336,24641
721946492,K3am-2021-05-11_12-40.WAV,2021 Kern 3,2021,5,11,12,40,sp11,Simple Call,13.093333333333334,13.84,2250,13687.5,24000,(not validated),https://rfcx-streams-production.s3.eu-west-1.amazonaws.com/2021/05/11/81cqy10ep7pa/25eca1f3-ca71-4a47-8cb1-f083d3b64499.flac?AWSAccessKeyId=AKIA45B7YWBX7MUJ7QCX&Expires=1719836144&Signature=BDf%2F8xKReQdv8xgylb%2FuFveoSiU%3D,0.2203817396717119,24641
721946493,K3am-2021-05-11_14-40.WAV,2021 Kern 3,2021,5,11,14,40,sp11,Simple Call,43.67466666666667,44.42133333333334,2250,13687.5,24000,(not validated),https://rfcx-streams-production.s3.eu-west-1.amazonaws.com/2021/05/11/81cqy10ep7pa/5d319411-de4b-4e5f-9987-dbe6d98f7f24.flac?AWSAccessKeyId=AKIA45B7YWBX7MUJ7QCX&Expires=1719836144&Signature=qjmqQ55Z%2BBxQVeHuFIFYi3TXlX0%3D,0.22109003538613203,24641
721946494,K3am-2021-05-11_09-00.WAV,2021 Kern 3,2021,5,11,9,0,sp11,Simple Call,38.90133333333333,39.648,2250,13687.5,24000,(not validated),https://rfcx-streams-production.s3.eu-west-1.amazonaws.com/2021/05/11/81cqy10ep7pa/ab5a8317-b0cc-4aee-92dd-8309f00eef84.flac?AWSAccessKeyId=AKIA45B7YWBX7MUJ7QCX&Expires=1719836144&Signature=HFgZf0WNJ5jsjC8xlQphwM3A1n8%3D,0.2288178771855325,24641
721946495,K3am-2021-05-10_10-20.WAV,2021 Kern 3,2021,5,10,10,20,sp11,Simple Call,18.82133333333333,19.568,2250,13687.5,24000,(not validated),https://rfcx-streams-production.s3.eu-west-1.amazonaws.com/2021/05/10/81cqy10ep7pa/cf796295-9c59-481a-890e-bb6a06166961.flac?AWSAccessKeyId=AKIA45B7YWBX7MUJ7QCX&Expires=1719836144&Signature=Z0avwbstwFAWnE9s%2BXSDsK77VKQ%3D,0.25481348964741674,24641
721946496,K3am-2021-05-10_07-40.WAV,2021 Kern 3,2021,5,10,7,40,sp11,Simple Call,47.333333333333336,48.08,2250,13687.5,24000,(not validated),https://rfcx-streams-production.s3.eu-west-1.amazonaws.com/2021/05/10/81cqy10ep7pa/29f6e59e-d9d1-4205-bf97-0bfc1d696c25.flac?AWSAccessKeyId=AKIA45B7YWBX7MUJ7QCX&Expires=1719836144&Signature=li8yUwiOxDj2vFJwEbkf7JLV7zM%3D,0.25399837196086034,24641
721946497,K3am-2021-05-09_20-00.WAV,2021 Kern 3,2021,5,9,20,0,sp11,Simple Call,57.296,58.04266666666667,2250,13687.5,24000,(not validated),https://rfcx-streams-production.s3.eu-west-1.amazonaws.com/2021/05/10/81cqy10ep7pa/5f5ed0dd-89b7-47ce-8dda-0af88bbe01f2.flac?AWSAccessKeyId=AKIA45B7YWBX7MUJ7QCX&Expires=1719836144&Signature=k2SwCg%2BSpwYY1kMKn%2Fc13IE2BUw%3D,0.2371087166465153,24641
721946498,K3am-2021-05-09_19-00.WAV,2021 Kern 3,2021,5,9,19,0,sp11,Simple Call,24.896,25.642666666666667,2250,13687.5,24000,(not validated),https://rfcx-streams-production.s3.eu-west-1.amazonaws.com/2021/05/10/81cqy10ep7pa/95c5894d-9f51-4c05-94d6-346736f53407.flac?AWSAccessKeyId=AKIA45B7YWBX7MUJ7QCX&Expires=1719836144&Signature=kmvx7HIYM3X0Lkv14XojKnXQGTY%3D,0.200466539393821,24641
721946499,K3am-2021-05-09_10-40.WAV,2021 Kern 3,2021,5,9,10,40,sp11,Simple Call,6.453333333333333,7.2,2250,13687.5,24000,(not validated),https://rfcx-streams-production.s3.eu-west-1.amazonaws.com/2021/05/09/81cqy10ep7pa/779d6e53-9acf-4240-8e1e-c040ef55a455.flac?AWSAccessKeyId=AKIA45B7YWBX7MUJ7QCX&Expires=1719836144&Signature=%2FlgtPH3TFdBOBhp349wgAJO9fxk%3D,0.25020829347617374,24641
721946500,K3am-2021-05-07_18-40.WAV,2021 Kern 3,2021,5,7,18,40,sp11,Simple Call,22.016,22.762666666666668,2250,13687.5,24000,(not validated),https://rfcx-streams-production.s3.eu-west-1.amazonaws.com/2021/05/08/81cqy10ep7pa/a54e3801-948d-4bc7-988d-54ecf2c21326.flac?AWSAccessKeyId=AKIA45B7YWBX7MUJ7QCX&Expires=1719836144&Signature=VDpNt2r2xwWup0oP8ddv8T3bzaw%3D,0.20278802827463968,24641
721946501,K3am-2021-05-06_14-20.WAV,2021 Kern 3,2021,5,6,14,20,sp11,Simple Call,6.016,6.762666666666667,2250,13687.5,24000,(not validated),https://rfcx-streams-production.s3.eu-west-1.amazonaws.com/2021/05/06/81cqy10ep7pa/91baaf33-5451-409f-aaa4-327d1fe10373.flac?AWSAccessKeyId=AKIA45B7YWBX7MUJ7QCX&Expires=1719836144&Signature=BRiu%2BIUN1hrBvx%2F4%2B6xzfpjFyCY%3D,0.23298225506815926,24641
721946502,K3am-2021-05-06_15-00.WAV,2021 Kern 3,2021,5,6,15,0,sp11,Simple Call,54.970666666666666,55.717333333333336,2250,13687.5,24000,(not validated),https://rfcx-streams-production.s3.eu-west-1.amazonaws.com/2021/05/06/81cqy10ep7pa/5502c670-d924-41ff-a513-73c22122703f.flac?AWSAccessKeyId=AKIA45B7YWBX7MUJ7QCX&Expires=1719836144&Signature=Ii884i6rOx41vBWFGdXRJDxYzmQ%3D,0.20910090639809972,24641
721946503,K3am-2021-05-06_08-40.WAV,2021 Kern 3,2021,5,6,8,40,sp11,Simple Call,5.514666666666667,6.261333333333333,2250,13687.5,24000,(not validated),https://rfcx-streams-production.s3.eu-west-1.amazonaws.com/2021/05/06/81cqy10ep7pa/b1c3b0e6-a1df-4c2a-8427-308080065095.flac?AWSAccessKeyId=AKIA45B7YWBX7MUJ7QCX&Expires=1719836144&Signature=dcc0pa8YNd%2FZXpNkapqpOOAa7dg%3D,0.2004674899715486,24641
721946504,K3am-2021-05-06_09-40.WAV,2021 Kern 3,2021,5,6,9,40,sp11,Simple Call,55.25866666666667,56.00533333333333,2250,13687.5,24000,(not validated),https://rfcx-streams-production.s3.eu-west-1.amazonaws.com/2021/05/06/81cqy10ep7pa/ae8b395b-0b5d-4bd2-af49-9cd4d09d379a.flac?AWSAccessKeyId=AKIA45B7YWBX7MUJ7QCX&Expires=1719836144&Signature=jrJ%2FQlkhe7Azk%2B95P6UkSy53pJA%3D,0.21754203513663953,24641
721946505,K3am-2021-05-05_08-20.WAV,2021 Kern 3,2021,5,5,8,20,sp11,Simple Call,8.224,8.970666666666666,2250,13687.5,24000,(not validated),https://rfcx-streams-production.s3.eu-west-1.amazonaws.com/2021/05/05/81cqy10ep7pa/18e1c084-5f0b-413c-80b6-73c5cf0a6c65.flac?AWSAccessKeyId=AKIA45B7YWBX7MUJ7QCX&Expires=1719836144&Signature=VvFUPd9i5XjegApaIZjpnUlfw7Y%3D,0.2394915358944687,24641
721946506,K3am-2021-05-04_20-00.WAV,2021 Kern 3,2021,5,4,20,0,sp11,Simple Call,23.2,23.946666666666665,2250,13687.5,24000,(not validated),https://rfcx-streams-production.s3.eu-west-1.amazonaws.com/2021/05/05/81cqy10ep7pa/6db41fbd-2172-499b-8d0f-dd5919b1be31.flac?AWSAccessKeyId=AKIA45B7YWBX7MUJ7QCX&Expires=1719836144&Signature=M7hVxnQ8xszliOEnL9%2BDSlAhfaA%3D,0.2556245822610062,24641
721946507,K3am-2021-05-03_07-20.WAV,2021 Kern 3,2021,5,3,7,20,sp11,Simple Call,0.4533333333333333,1.2,2250,13687.5,24000,(not validated),https://rfcx-streams-production.s3.eu-west-1.amazonaws.com/2021/05/03/81cqy10ep7pa/1d846265-a958-46d0-b176-79a8a32f15a8.flac?AWSAccessKeyId=AKIA45B7YWBX7MUJ7QCX&Expires=1719836144&Signature=H8Va5cI4GgBjVE1%2BRU3eNzimIMQ%3D,0.24420037004754,24641
721946508,K3am-2021-05-03_06-40.WAV,2021 Kern 3,2021,5,3,6,40,sp11,Simple Call,13.114666666666666,13.861333333333333,2250,13687.5,24000,(not validated),https://rfcx-streams-production.s3.eu-west-1.amazonaws.com/2021/05/03/81cqy10ep7pa/88b22567-2dc1-4f00-a080-2eded949ba96.flac?AWSAccessKeyId=AKIA45B7YWBX7MUJ7QCX&Expires=1719836144&Signature=rjYV5lo6ej4XRDVF2gHDOvHbTCE%3D,0.22838725126978876,24641
721946509,K3am-2021-05-03_07-00.WAV,2021 Kern 3,2021,5,3,7,0,sp11,Simple Call,48.794666666666664,49.541333333333334,2250,13687.5,24000,(not validated),https://rfcx-streams-production.s3.eu-west-1.amazonaws.com/2021/05/03/81cqy10ep7pa/f4acb97f-3575-4281-b00b-e6a894e692ce.flac?AWSAccessKeyId=AKIA45B7YWBX7MUJ7QCX&Expires=1719836144&Signature=9X8o55TNIjj%2FClQQBfTuU6GNcls%3D,0.21308514239377008,24641
721946510,K3am-2021-05-03_13-00.WAV,2021 Kern 3,2021,5,3,13,0,sp11,Simple Call,21.872,22.618666666666666,2250,13687.5,24000,(not validated),https://rfcx-streams-production.s3.eu-west-1.amazonaws.com/2021/05/03/81cqy10ep7pa/f8bd15f1-080e-49a5-a032-c2d579ad2d34.flac?AWSAccessKeyId=AKIA45B7YWBX7MUJ7QCX&Expires=1719836144&Signature=awUegCMae0Kh%2FeFNQYSsKCXpZEQ%3D,0.2489754600476785,24641
721946511,K3am-2021-05-02_17-40.WAV,2021 Kern 3,2021,5,2,17,40,sp11,Simple Call,45.91466666666667,46.66133333333333,2250,13687.5,24000,(not validated),https://rfcx-streams-production.s3.eu-west-1.amazonaws.com/2021/05/03/81cqy10ep7pa/ccee0e78-1274-47e6-ad5a-23720a97daf3.flac?AWSAccessKeyId=AKIA45B7YWBX7MUJ7QCX&Expires=1719836144&Signature=V3s1lTpgXiJgJFRjnyyC4k05l98%3D,0.2542567700275895,24641
721946512,K3am-2021-05-02_07-20.WAV,2021 Kern 3,2021,5,2,7,20,sp11,Simple Call,4.938666666666666,5.685333333333333,2250,13687.5,24000,(not validated),https://rfcx-streams-production.s3.eu-west-1.amazonaws.com/2021/05/02/81cqy10ep7pa/9995b018-7fe2-464d-bd85-393700469ea4.flac?AWSAccessKeyId=AKIA45B7YWBX7MUJ7QCX&Expires=1719836144&Signature=MQ%2B%2FxwFsrIbG2sfdAvFVmV%2Bpi74%3D,0.2464739814129617,24641
721946513,K3am-2021-05-04_08-20.WAV,2021 Kern 3,2021,5,4,8,20,sp11,Simple Call,53.370666666666665,54.117333333333335,2250,13687.5,24000,(not validated),https://rfcx-streams-production.s3.eu-west-1.amazonaws.com/2021/05/04/81cqy10ep7pa/197418ed-d54d-4d4e-b285-ff8b063cd458.flac?AWSAccessKeyId=AKIA45B7YWBX7MUJ7QCX&Expires=1719836144&Signature=P81VP2jq2SkN7tM1HwZaMj18LKk%3D,0.2094706010285204,24641
721946514,K3am-2021-05-03_06-20.WAV,2021 Kern 3,2021,5,3,6,20,sp11,Simple Call,44.98133333333333,45.728,2250,13687.5,24000,(not validated),https://rfcx-streams-production.s3.eu-west-1.amazonaws.com/2021/05/03/81cqy10ep7pa/bbd0a04a-d3d9-42fd-8aa8-d605c198cec1.flac?AWSAccessKeyId=AKIA45B7YWBX7MUJ7QCX&Expires=1719836144&Signature=kDp4HJRJLUsQsoaZGXpRm%2FChzS4%3D,0.22237012103281195,24641
721946515,K3am-2021-05-02_06-20.WAV,2021 Kern 3,2021,5,2,6,20,sp11,Simple Call,15.434666666666667,16.181333333333335,2250,13687.5,24000,(not validated),https://rfcx-streams-production.s3.eu-west-1.amazonaws.com/2021/05/02/81cqy10ep7pa/bdd12eb8-5e39-4aad-8235-279c19e1f104.flac?AWSAccessKeyId=AKIA45B7YWBX7MUJ7QCX&Expires=1719836144&Signature=nVxPZsxD7n6RpHsr%2Fm6nq3fDb%2Bw%3D,0.23206294936151534,24641
721946516,K3am-2021-05-04_07-00.WAV,2021 Kern 3,2021,5,4,7,0,sp11,Simple Call,12.346666666666666,13.093333333333334,2250,13687.5,24000,(not validated),https://rfcx-streams-production.s3.eu-west-1.amazonaws.com/2021/05/04/81cqy10ep7pa/7610d16f-cdfa-43f6-8184-5f9658555cc4.flac?AWSAccessKeyId=AKIA45B7YWBX7MUJ7QCX&Expires=1719836144&Signature=Kj5hMd8ZGTETXzFl0PiVRwVNnOM%3D,0.22039980729963274,24641
721946517,K3am-2021-05-04_03-20.WAV,2021 Kern 3,2021,5,4,3,20,sp11,Simple Call,6.602666666666667,7.349333333333333,2250,13687.5,24000,(not validated),https://rfcx-streams-production.s3.eu-west-1.amazonaws.com/2021/05/04/81cqy10ep7pa/dfdda934-567e-4a71-bcf8-a5d768bf1073.flac?AWSAccessKeyId=AKIA45B7YWBX7MUJ7QCX&Expires=1719836144&Signature=dQIaxVkgbZ%2BDfK2TORsUDtiht6c%3D,0.21799989354172036,24641
721946518,K3am-2021-05-01_06-40.WAV,2021 Kern 3,2021,5,1,6,40,sp11,Simple Call,20.32,21.066666666666666,2250,13687.5,24000,(not validated),https://rfcx-streams-production.s3.eu-west-1.amazonaws.com/2021/05/01/81cqy10ep7pa/79e9d865-2eea-4054-b0f6-5ba829350bfb.flac?AWSAccessKeyId=AKIA45B7YWBX7MUJ7QCX&Expires=1719836144&Signature=jFX%2Bu6TCcsqX5u%2FET5eEVYpqTQY%3D,0.2008305630590903,24641
721946519,K3am-2021-05-03_07-40.WAV,2021 Kern 3,2021,5,3,7,40,sp11,Simple Call,24.490666666666666,25.237333333333332,2250,13687.5,24000,(not validated),https://rfcx-streams-production.s3.eu-west-1.amazonaws.com/2021/05/03/81cqy10ep7pa/d5536bd2-3be3-49ae-a053-a0f15cc58cc9.flac?AWSAccessKeyId=AKIA45B7YWBX7MUJ7QCX&Expires=1719836144&Signature=QyCFf%2FgSH108KE0eah0GqXngi3A%3D,0.25111986373801887,24641
721946520,K3am-2021-05-02_10-40.WAV,2021 Kern 3,2021,5,2,10,40,sp11,Simple Call,39.49333333333333,40.24,2250,13687.5,24000,(not validated),https://rfcx-streams-production.s3.eu-west-1.amazonaws.com/2021/05/02/81cqy10ep7pa/aa413ee5-e456-4cdb-9410-620e85c789f3.flac?AWSAccessKeyId=AKIA45B7YWBX7MUJ7QCX&Expires=1719836144&Signature=pg%2Fypr6oqtZT3K8EJXeJxbKs4lg%3D,0.22734791376411914,24641
721946521,K3am-2021-05-03_08-00.WAV,2021 Kern 3,2021,5,3,8,0,sp11,Simple Call,18.234666666666666,18.981333333333332,2250,13687.5,24000,(not validated),https://rfcx-streams-production.s3.eu-west-1.amazonaws.com/2021/05/03/81cqy10ep7pa/46c701f4-c7b9-4855-95cc-c02b4b363dbe.flac?AWSAccessKeyId=AKIA45B7YWBX7MUJ7QCX&Expires=1719836144&Signature=cJR%2Bs1IGuiF4DqOEqCiyU%2F7pKHE%3D,0.24204051097633633,24641
721946522,K3am-2021-04-30_17-20.WAV,2021 Kern 3,2021,4,30,17,20,sp11,Simple Call,50.25066666666667,50.99733333333333,2250,13687.5,24000,(not validated),https://rfcx-streams-production.s3.eu-west-1.amazonaws.com/2021/05/01/81cqy10ep7pa/edf8e964-5343-4483-82c5-9ab9537aa644.flac?AWSAccessKeyId=AKIA45B7YWBX7MUJ7QCX&Expires=1719836144&Signature=enyOlcek47%2BI9hl9RyMdiu1CB3M%3D,0.23534858930118815,24641
721946523,K3am-2021-04-30_10-00.WAV,2021 Kern 3,2021,4,30,10,0,sp11,Simple Call,10.752,11.498666666666667,2250,13687.5,24000,(not validated),https://rfcx-streams-production.s3.eu-west-1.amazonaws.com/2021/04/30/81cqy10ep7pa/de9f887b-fd28-484c-8b54-df52a164460b.flac?AWSAccessKeyId=AKIA45B7YWBX7MUJ7QCX&Expires=1719836144&Signature=TRK9UABDLLfPnyT49RhWFx9bBgs%3D,0.2593841874466656,24641
721946524,K3am-2021-04-30_09-40.WAV,2021 Kern 3,2021,4,30,9,40,sp11,Simple Call,7.616,8.362666666666666,2250,13687.5,24000,(not validated),https://rfcx-streams-production.s3.eu-west-1.amazonaws.com/2021/04/30/81cqy10ep7pa/58e29a8d-bc60-41a6-8d7e-22f6c36dbb83.flac?AWSAccessKeyId=AKIA45B7YWBX7MUJ7QCX&Expires=1719836144&Signature=QZQgpbYVK3EAaQxKXoElQOrycKM%3D,0.20751571583685952,24641
721946525,K3am-2021-05-01_06-00.WAV,2021 Kern 3,2021,5,1,6,0,sp11,Simple Call,2.8906666666666667,3.6373333333333333,2250,13687.5,24000,(not validated),https://rfcx-streams-production.s3.eu-west-1.amazonaws.com/2021/05/01/81cqy10ep7pa/8a712c45-bdbb-491e-803c-6ee209772494.flac?AWSAccessKeyId=AKIA45B7YWBX7MUJ7QCX&Expires=1719836144&Signature=7y2pmrJBcylBJrY0f0UyUWwYZPE%3D,0.22389435395111235,24641
721946526,K3am-2021-05-02_05-40.WAV,2021 Kern 3,2021,5,2,5,40,sp11,Simple Call,48.864,49.61066666666667,2250,13687.5,24000,(not validated),https://rfcx-streams-production.s3.eu-west-1.amazonaws.com/2021/05/02/81cqy10ep7pa/1bdf9e40-5e05-4553-aa88-8f70486b7eac.flac?AWSAccessKeyId=AKIA45B7YWBX7MUJ7QCX&Expires=1719836144&Signature=mqAxXieZmJlgAaBpLpdApO04Zbc%3D,0.22150609541375008,24641
721946835,K3am-2021-05-20_19-00.WAV,2021 Kern 3,2021,5,20,19,0,sp11,Simple Call,47.54666666666667,48.29333333333334,2250,13687.5,24000,(not validated),https://rfcx-streams-production.s3.eu-west-1.amazonaws.com/2021/05/21/81cqy10ep7pa/f9e7ed31-6949-4d55-966f-5c5304e66317.flac?AWSAccessKeyId=AKIA45B7YWBX7MUJ7QCX&Expires=1719836144&Signature=k7J1N%2BuiwBa0Uo%2FVfUVa8%2BDPL2U%3D,0.2691720930500212,24641
721946836,K3am-2021-05-20_18-40.WAV,2021 Kern 3,2021,5,20,18,40,sp11,Simple Call,19.605333333333334,20.352,2250,13687.5,24000,(not validated),https://rfcx-streams-production.s3.eu-west-1.amazonaws.com/2021/05/21/81cqy10ep7pa/79a5aac9-c5ae-4076-8dbb-e07349b2108e.flac?AWSAccessKeyId=AKIA45B7YWBX7MUJ7QCX&Expires=1719836144&Signature=rybKp09rxGhhftFMqYeImrs4Lkc%3D,0.2573375370184662,24641
721946837,K3am-2021-05-21_08-00.WAV,2021 Kern 3,2021,5,21,8,0,sp11,Simple Call,10.282666666666668,11.029333333333334,2250,13687.5,24000,(not validated),https://rfcx-streams-production.s3.eu-west-1.amazonaws.com/2021/05/21/81cqy10ep7pa/43a7a88e-589d-4b0a-a253-ad6d67af2589.flac?AWSAccessKeyId=AKIA45B7YWBX7MUJ7QCX&Expires=1719836144&Signature=EWaAfcBrdZbNvwCx0Pu7ELcyq1M%3D,0.20915147148311575,24641
721946838,K3am-2021-05-20_20-20.WAV,2021 Kern 3,2021,5,20,20,20,sp11,Simple Call,41.99466666666667,42.74133333333333,2250,13687.5,24000,(not validated),https://rfcx-streams-production.s3.eu-west-1.amazonaws.com/2021/05/21/81cqy10ep7pa/781e0537-7149-4502-8670-4ec700744558.flac?AWSAccessKeyId=AKIA45B7YWBX7MUJ7QCX&Expires=1719836144&Signature=zUITc534GUoAyL3sKEbOujsFl24%3D,0.22334794517329176,24641
721946839,K3am-2021-05-21_07-40.WAV,2021 Kern 3,2021,5,21,7,40,sp11,Simple Call,25.685333333333332,26.432,2250,13687.5,24000,(not validated),https://rfcx-streams-production.s3.eu-west-1.amazonaws.com/2021/05/21/81cqy10ep7pa/57b7cfaa-af0c-4546-9adb-8e4e4dce2828.flac?AWSAccessKeyId=AKIA45B7YWBX7MUJ7QCX&Expires=1719836144&Signature=aoS3fBU%2FfD9nJQWm%2BYfsapTQ4s8%3D,0.21819907629878432,24641
721946840,K3am-2021-05-22_07-20.WAV,2021 Kern 3,2021,5,22,7,20,sp11,Simple Call,50.384,51.13066666666667,2250,13687.5,24000,(not validated),https://rfcx-streams-production.s3.eu-west-1.amazonaws.com/2021/05/22/81cqy10ep7pa/11b93d98-80ab-4b8f-8c75-5c49fac448c3.flac?AWSAccessKeyId=AKIA45B7YWBX7MUJ7QCX&Expires=1719836144&Signature=n5byYVkivx3ZauXDH2c9V4eZYXI%3D,0.2000853964177443,24641
721946841,K3am-2021-05-22_05-20.WAV,2021 Kern 3,2021,5,22,5,20,sp11,Simple Call,28.037333333333333,28.784,2250,13687.5,24000,(not validated),https://rfcx-streams-production.s3.eu-west-1.amazonaws.com/2021/05/22/81cqy10ep7pa/6cc61258-e274-4386-850f-9daf84438f6d.flac?AWSAccessKeyId=AKIA45B7YWBX7MUJ7QCX&Expires=1719836144&Signature=mLNBPuAhhTlACmD0F%2FvWotlqlQE%3D,0.2736412620950179,24641
721946842,K3am-2021-05-22_06-20.WAV,2021 Kern 3,2021,5,22,6,20,sp11,Simple Call,8.570666666666666,9.317333333333334,2250,13687.5,24000,(not validated),https://rfcx-streams-production.s3.eu-west-1.amazonaws.com/2021/05/22/81cqy10ep7pa/14d2e9a3-229e-4214-b9af-90be8b86df47.flac?AWSAccessKeyId=AKIA45B7YWBX7MUJ7QCX&Expires=1719836144&Signature=kKOKoRCAtzjK3Zn835ASzK%2FNPjg%3D,0.2778777595738777,24641
721946843,K3am-2021-05-22_08-40.WAV,2021 Kern 3,2021,5,22,8,40,sp11,Simple Call,48.538666666666664,49.285333333333334,2250,13687.5,24000,(not validated),https://rfcx-streams-production.s3.eu-west-1.amazonaws.com/2021/05/22/81cqy10ep7pa/62c6ab34-eb4d-4395-9a06-8bf56c2e6df5.flac?AWSAccessKeyId=AKIA45B7YWBX7MUJ7QCX&Expires=1719836144&Signature=e9%2BOgFGps1LnFzjX3bnLzD9w%2Fpc%3D,0.22143342007892663,24641
721946844,K3am-2021-05-22_05-00.WAV,2021 Kern 3,2021,5,22,5,0,sp11,Simple Call,14.410666666666666,15.157333333333334,2250,13687.5,24000,(not validated),https://rfcx-streams-production.s3.eu-west-1.amazonaws.com/2021/05/22/81cqy10ep7pa/89843d43-1fad-4926-8ca1-c7a82764e081.flac?AWSAccessKeyId=AKIA45B7YWBX7MUJ7QCX&Expires=1719836144&Signature=8v82AgXPFTG4iK%2FxEk9LuW8BClc%3D,0.22443960208332772,24641
721946845,K3am-2021-05-22_05-40.WAV,2021 Kern 3,2021,5,22,5,40,sp11,Simple Call,20.773333333333333,21.52,2250,13687.5,24000,(not validated),https://rfcx-streams-production.s3.eu-west-1.amazonaws.com/2021/05/22/81cqy10ep7pa/c8f339e9-3435-44fb-8bdd-4ea4c0da7187.flac?AWSAccessKeyId=AKIA45B7YWBX7MUJ7QCX&Expires=1719836144&Signature=dG7T6AUWrgmfYeg1r9Jfb%2BYXVmA%3D,0.2466120823437741,24641
721946846,K3am-2021-07-24_12-40.WAV,2021 Kern 3,2021,7,24,12,40,sp11,Simple Call,3.136,3.8826666666666667,2250,13687.5,24000,(not validated),https://rfcx-streams-production.s3.eu-west-1.amazonaws.com/2021/07/24/81cqy10ep7pa/dba50bcf-8117-43d6-8498-876970ee74c0.flac?AWSAccessKeyId=AKIA45B7YWBX7MUJ7QCX&Expires=1719836144&Signature=XwWD5P5Dqzd4vagamYd9t5wTWsQ%3D,0.28390947378253095,24641
721946847,K3am-2021-05-22_17-40.WAV,2021 Kern 3,2021,5,22,17,40,sp11,Simple Call,13.322666666666667,14.069333333333333,2250,13687.5,24000,(not validated),https://rfcx-streams-production.s3.eu-west-1.amazonaws.com/2021/05/23/81cqy10ep7pa/a7bbe09e-f3ee-4069-bb05-43175ec66794.flac?AWSAccessKeyId=AKIA45B7YWBX7MUJ7QCX&Expires=1719836144&Signature=q4SwYCCgiFF2AQ8HQJ%2Bk8GRP6P0%3D,0.2292599755710543,24641
721946848,K3am-2021-05-22_19-00.WAV,2021 Kern 3,2021,5,22,19,0,sp11,Simple Call,0.6986666666666667,1.4453333333333334,2250,13687.5,24000,(not validated),https://rfcx-streams-production.s3.eu-west-1.amazonaws.com/2021/05/23/81cqy10ep7pa/da18c7fe-0655-4e04-99fe-cb4a3c1d9fa5.flac?AWSAccessKeyId=AKIA45B7YWBX7MUJ7QCX&Expires=1719836144&Signature=JBKd02M62ktc9MUTBoijVsrPgDY%3D,0.2234399874498446,24641
721946849,K3am-2021-05-22_18-20.WAV,2021 Kern 3,2021,5,22,18,20,sp11,Simple Call,9.509333333333334,10.256,2250,13687.5,24000,(not validated),https://rfcx-streams-production.s3.eu-west-1.amazonaws.com/2021/05/23/81cqy10ep7pa/b7b64772-d84c-4a79-9a1f-b5f7853dc499.flac?AWSAccessKeyId=AKIA45B7YWBX7MUJ7QCX&Expires=1719836144&Signature=EeURyFjQ2LeWAoZ1VQgOZlrx3X0%3D,0.20121665543080547,24641
721946850,K3am-2021-05-23_05-20.WAV,2021 Kern 3,2021,5,23,5,20,sp11,Simple Call,37.28,38.026666666666664,2250,13687.5,24000,(not validated),https://rfcx-streams-production.s3.eu-west-1.amazonaws.com/2021/05/23/81cqy10ep7pa/752a191e-3560-4a06-ad65-dfa322893b66.flac?AWSAccessKeyId=AKIA45B7YWBX7MUJ7QCX&Expires=1719836144&Signature=VRNiA%2F9GxB4sOEItAJ0bWIY%2Fomw%3D,0.24639373069668294,24641
721946851,K3am-2021-05-23_06-20.WAV,2021 Kern 3,2021,5,23,6,20,sp11,Simple Call,22.4,23.14666666666667,2250,13687.5,24000,(not validated),https://rfcx-streams-production.s3.eu-west-1.amazonaws.com/2021/05/23/81cqy10ep7pa/fe143760-0b6a-4688-9105-ab4f73e36ee1.flac?AWSAccessKeyId=AKIA45B7YWBX7MUJ7QCX&Expires=1719836144&Signature=drmUTSoQNEd9axDBEZ2b4dV8mD8%3D,0.24774043042873273,24641
721946852,K3am-2021-05-23_10-40.WAV,2021 Kern 3,2021,5,23,10,40,sp11,Simple Call,38.29866666666667,39.04533333333333,2250,13687.5,24000,(not validated),https://rfcx-streams-production.s3.eu-west-1.amazonaws.com/2021/05/23/81cqy10ep7pa/de136d0a-5f1d-488e-a941-bec4b604843d.flac?AWSAccessKeyId=AKIA45B7YWBX7MUJ7QCX&Expires=1719836144&Signature=bxhj0GYckq1LyvIbnnEezK5QpCo%3D,0.20537192338408003,24641
721946853,K3am-2021-05-23_15-00.WAV,2021 Kern 3,2021,5,23,15,0,sp11,Simple Call,48.10666666666667,48.85333333333333,2250,13687.5,24000,(not validated),https://rfcx-streams-production.s3.eu-west-1.amazonaws.com/2021/05/23/81cqy10ep7pa/eb6461d2-1e6f-46a4-a3d3-f161ebc89d84.flac?AWSAccessKeyId=AKIA45B7YWBX7MUJ7QCX&Expires=1719836144&Signature=2zuq%2FbglzW5G5NNwQPENL7qNA4s%3D,0.2184902570358581,24641
721946854,K3am-2021-05-23_11-40.WAV,2021 Kern 3,2021,5,23,11,40,sp11,Simple Call,20.656,21.402666666666665,2250,13687.5,24000,(not validated),https://rfcx-streams-production.s3.eu-west-1.amazonaws.com/2021/05/23/81cqy10ep7pa/ec73c568-339e-4e6f-810c-c3b5ec56af43.flac?AWSAccessKeyId=AKIA45B7YWBX7MUJ7QCX&Expires=1719836144&Signature=Rb9lSIzY6xH7HunJYHvqGRODcss%3D,0.2578737806961025,24641
721946855,K3am-2021-05-23_14-20.WAV,2021 Kern 3,2021,5,23,14,20,sp11,Simple Call,53.205333333333336,53.952,2250,13687.5,24000,(not validated),https://rfcx-streams-production.s3.eu-west-1.amazonaws.com/2021/05/23/81cqy10ep7pa/95b2e151-a123-48c6-bd10-a10f69b82d51.flac?AWSAccessKeyId=AKIA45B7YWBX7MUJ7QCX&Expires=1719836144&Signature=EezcEkAeRobvTdR5zOe%2FmoNym5A%3D,0.22770328771366063,24641
721946856,K3am-2021-05-23_20-00.WAV,2021 Kern 3,2021,5,23,20,0,sp11,Simple Call,5.248,5.994666666666666,2250,13687.5,24000,(not validated),https://rfcx-streams-production.s3.eu-west-1.amazonaws.com/2021/05/24/81cqy10ep7pa/4ce34154-9d40-46c6-a913-2f81413fb689.flac?AWSAccessKeyId=AKIA45B7YWBX7MUJ7QCX&Expires=1719836144&Signature=VnRwLZaDwal6yoztimJUcaQTxMU%3D,0.24831038752093865,24641
721946857,K3am-2021-05-24_08-20.WAV,2021 Kern 3,2021,5,24,8,20,sp11,Simple Call,22.256,23.002666666666666,2250,13687.5,24000,(not validated),https://rfcx-streams-production.s3.eu-west-1.amazonaws.com/2021/05/24/81cqy10ep7pa/82d4774c-a661-4b8f-8488-213fe52da308.flac?AWSAccessKeyId=AKIA45B7YWBX7MUJ7QCX&Expires=1719836144&Signature=%2Bezcr98mtut9VKicIecdoXaTfPE%3D,0.26133591474578716,24641
721946858,K3am-2021-05-23_16-00.WAV,2021 Kern 3,2021,5,23,16,0,sp11,Simple Call,55.504,56.25066666666667,2250,13687.5,24000,(not validated),https://rfcx-streams-production.s3.eu-west-1.amazonaws.com/2021/05/23/81cqy10ep7pa/5288e02f-e696-483c-85ea-6fd36f788f04.flac?AWSAccessKeyId=AKIA45B7YWBX7MUJ7QCX&Expires=1719836144&Signature=FUYnGysnBGpGMrOxuQJwbK8Jxts%3D,0.23954552499565746,24641
721946859,K3am-2021-05-24_05-20.WAV,2021 Kern 3,2021,5,24,5,20,sp11,Simple Call,15.189333333333334,15.936,2250,13687.5,24000,(not validated),https://rfcx-streams-production.s3.eu-west-1.amazonaws.com/2021/05/24/81cqy10ep7pa/fc2cddb9-45f7-4123-8aa3-3f4319ad495b.flac?AWSAccessKeyId=AKIA45B7YWBX7MUJ7QCX&Expires=1719836144&Signature=r8FfZTFcKC6SRhHhXa1nsYv5srQ%3D,0.22575984760118228,24641
721946860,K3am-2021-05-24_06-00.WAV,2021 Kern 3,2021,5,24,6,0,sp11,Simple Call,43.072,43.818666666666665,2250,13687.5,24000,(not validated),https://rfcx-streams-production.s3.eu-west-1.amazonaws.com/2021/05/24/81cqy10ep7pa/0c01643d-47fb-4c64-9775-115019ade86d.flac?AWSAccessKeyId=AKIA45B7YWBX7MUJ7QCX&Expires=1719836144&Signature=1HkijuJMNisDlBOROscc4JdhJjY%3D,0.23670012425626047,24641
721946861,K3am-2021-05-24_06-40.WAV,2021 Kern 3,2021,5,24,6,40,sp11,Simple Call,49.19466666666667,49.94133333333333,2250,13687.5,24000,(not validated),https://rfcx-streams-production.s3.eu-west-1.amazonaws.com/2021/05/24/81cqy10ep7pa/3db77dda-df1e-45f1-afc3-fcc25bb1f638.flac?AWSAccessKeyId=AKIA45B7YWBX7MUJ7QCX&Expires=1719836144&Signature=uWrvOU9koVpEMkib9cuAtGNozLg%3D,0.20494462561623222,24641
721946862,K3am-2021-05-24_12-00.WAV,2021 Kern 3,2021,5,24,12,0,sp11,Simple Call,50.59733333333333,51.344,2250,13687.5,24000,(not validated),https://rfcx-streams-production.s3.eu-west-1.amazonaws.com/2021/05/24/81cqy10ep7pa/343e0f3e-12ca-4f0b-821e-cfcac05d7ec3.flac?AWSAccessKeyId=AKIA45B7YWBX7MUJ7QCX&Expires=1719836144&Signature=pezpcgI%2FSlUskJP3BLFXOLZY2WU%3D,0.20692924840350824,24641
721946863,K3am-2021-05-24_19-20.WAV,2021 Kern 3,2021,5,24,19,20,sp11,Simple Call,31.109333333333332,31.856,2250,13687.5,24000,(not validated),https://rfcx-streams-production.s3.eu-west-1.amazonaws.com/2021/05/25/81cqy10ep7pa/e47f4291-7583-4be9-9d3f-9194e070ce43.flac?AWSAccessKeyId=AKIA45B7YWBX7MUJ7QCX&Expires=1719836144&Signature=vaMTZ%2ByN5uzJAuUdAdrShTL2nIs%3D,0.26498678465927816,24641
721946864,K3am-2021-05-24_08-00.WAV,2021 Kern 3,2021,5,24,8,0,sp11,Simple Call,56.384,57.13066666666667,2250,13687.5,24000,(not validated),https://rfcx-streams-production.s3.eu-west-1.amazonaws.com/2021/05/24/81cqy10ep7pa/f4b7e002-4e48-4b8f-a213-4209ffa804ba.flac?AWSAccessKeyId=AKIA45B7YWBX7MUJ7QCX&Expires=1719836144&Signature=Cl7rjjcJ4K3xIiTKwkhIy1YTRoU%3D,0.2221424216505543,24641
721946865,K3am-2021-05-24_07-00.WAV,2021 Kern 3,2021,5,24,7,0,sp11,Simple Call,24.810666666666666,25.557333333333332,2250,13687.5,24000,(not validated),https://rfcx-streams-production.s3.eu-west-1.amazonaws.com/2021/05/24/81cqy10ep7pa/72559ab6-bdec-46ba-9eb9-3254e7bc16e9.flac?AWSAccessKeyId=AKIA45B7YWBX7MUJ7QCX&Expires=1719836144&Signature=nJP8doK7qv8LHpPtljCH6ILfLK0%3D,0.2117241851579339,24641
721946866,K3am-2021-05-24_20-00.WAV,2021 Kern 3,2021,5,24,20,0,sp11,Simple Call,48.42666666666667,49.17333333333333,2250,13687.5,24000,(not validated),https://rfcx-streams-production.s3.eu-west-1.amazonaws.com/2021/05/25/81cqy10ep7pa/72e653b2-ae62-43c9-ae67-f604fe9e172a.flac?AWSAccessKeyId=AKIA45B7YWBX7MUJ7QCX&Expires=1719836144&Signature=c9MehSc90Gu%2Fd%2FcGPVaSOba%2Btd0%3D,0.23441741663941787,24641
721946867,K3am-2021-05-24_11-40.WAV,2021 Kern 3,2021,5,24,11,40,sp11,Simple Call,13.952,14.698666666666666,2250,13687.5,24000,(not validated),https://rfcx-streams-production.s3.eu-west-1.amazonaws.com/2021/05/24/81cqy10ep7pa/3df2ff5b-ee3d-4f44-bd2f-39efc9fff1df.flac?AWSAccessKeyId=AKIA45B7YWBX7MUJ7QCX&Expires=1719836144&Signature=lLAnO7mzBpjMa850wc7ZA3kuWtg%3D,0.2747520466539369,24641
721946868,K3am-2021-05-25_06-20.WAV,2021 Kern 3,2021,5,25,6,20,sp11,Simple Call,0.5333333333333333,1.28,2250,13687.5,24000,(not validated),https://rfcx-streams-production.s3.eu-west-1.amazonaws.com/2021/05/25/81cqy10ep7pa/7576cbe9-d6cd-4f85-9082-8355e6b8b383.flac?AWSAccessKeyId=AKIA45B7YWBX7MUJ7QCX&Expires=1719836144&Signature=JJsGr9q5UkQMFOZAlt4HpZppMYY%3D,0.32058736958232004,24641
721946869,K3am-2021-05-25_08-00.WAV,2021 Kern 3,2021,5,25,8,0,sp11,Simple Call,46.93866666666667,47.68533333333333,2250,13687.5,24000,(not validated),https://rfcx-streams-production.s3.eu-west-1.amazonaws.com/2021/05/25/81cqy10ep7pa/6d0998a3-3fcb-4897-a175-312bedab1101.flac?AWSAccessKeyId=AKIA45B7YWBX7MUJ7QCX&Expires=1719836144&Signature=jJ5TBXYckLKULN42PP%2BrPwrysL0%3D,0.2440086659300294,24641
721946870,K3am-2021-05-25_06-40.WAV,2021 Kern 3,2021,5,25,6,40,sp11,Simple Call,33.349333333333334,34.096,2250,13687.5,24000,(not validated),https://rfcx-streams-production.s3.eu-west-1.amazonaws.com/2021/05/25/81cqy10ep7pa/0749a7be-136d-43bb-84e6-81ce6f3d04b3.flac?AWSAccessKeyId=AKIA45B7YWBX7MUJ7QCX&Expires=1719836144&Signature=QEZki9uwQIYyaBfskLNd4TY5bqo%3D,0.20859916573434056,24641
721948366,K3am-2021-04-11_19-00.WAV,2021 Kern 3,2021,4,11,19,0,sp11,Simple Call,28.938666666666666,29.685333333333332,2250,13687.5,24000,(not validated),https://rfcx-streams-production.s3.eu-west-1.amazonaws.com/2021/04/12/81cqy10ep7pa/09cd0a09-7339-4733-8bd0-016abf095115.flac?AWSAccessKeyId=AKIA45B7YWBX7MUJ7QCX&Expires=1719836144&Signature=7KHH3pOaZDEtwJr7JurFE20e5%2BQ%3D,0.20852437318914033,24641
721948367,K3am-2021-04-11_22-40.WAV,2021 Kern 3,2021,4,11,22,40,sp11,Simple Call,51.31733333333333,52.064,2250,13687.5,24000,(not validated),https://rfcx-streams-production.s3.eu-west-1.amazonaws.com/2021/04/12/81cqy10ep7pa/d3d26159-15fb-4443-aa5e-7868bd2516e3.flac?AWSAccessKeyId=AKIA45B7YWBX7MUJ7QCX&Expires=1719836144&Signature=5Obr04Vl9qcSejd98XK73r%2FKgkc%3D,0.20046140078472044,24641
721948368,K3am-2021-04-12_08-00.WAV,2021 Kern 3,2021,4,12,8,0,sp11,Simple Call,40.10666666666667,40.85333333333333,2250,13687.5,24000,(not validated),https://rfcx-streams-production.s3.eu-west-1.amazonaws.com/2021/04/12/81cqy10ep7pa/374beb2b-bee1-4d57-bf0e-104b0c92b698.flac?AWSAccessKeyId=AKIA45B7YWBX7MUJ7QCX&Expires=1719836144&Signature=RP1Gz3f70yCC5MA5%2Fm%2BmGr50pXc%3D,0.21575049800528404,24641
721948369,K3am-2021-04-12_14-40.WAV,2021 Kern 3,2021,4,12,14,40,sp11,Simple Call,46.821333333333335,47.568,2250,13687.5,24000,(not validated),https://rfcx-streams-production.s3.eu-west-1.amazonaws.com/2021/04/12/81cqy10ep7pa/671daa01-189b-4176-9f3b-a3460c622b99.flac?AWSAccessKeyId=AKIA45B7YWBX7MUJ7QCX&Expires=1719836144&Signature=DWM8SovNAhAmGmwh8YC06brOeuE%3D,0.2373241831094542,24641
721948370,K3am-2021-04-12_17-00.WAV,2021 Kern 3,2021,4,12,17,0,sp11,Simple Call,17.589333333333332,18.336,2250,13687.5,24000,(not validated),https://rfcx-streams-production.s3.eu-west-1.amazonaws.com/2021/04/13/81cqy10ep7pa/f3c5aa5c-4f72-4934-88d7-2e6487ca604f.flac?AWSAccessKeyId=AKIA45B7YWBX7MUJ7QCX&Expires=1719836144&Signature=pwDMP4xqIIYfvy71R4pkWuB15RU%3D,0.2013908219669104,24641
721948371,K3am-2021-04-12_08-20.WAV,2021 Kern 3,2021,4,12,8,20,sp11,Simple Call,55.376,56.12266666666667,2250,13687.5,24000,(not validated),https://rfcx-streams-production.s3.eu-west-1.amazonaws.com/2021/04/12/81cqy10ep7pa/08e9d1c0-fb26-4376-baaf-d3ed0abdfe1b.flac?AWSAccessKeyId=AKIA45B7YWBX7MUJ7QCX&Expires=1719836144&Signature=e2WZLubhIFpQS0lgcS1%2FYagEdZ4%3D,0.2176812124082171,24641
721948372,K3am-2021-04-12_07-00.WAV,2021 Kern 3,2021,4,12,7,0,sp11,Simple Call,26.874666666666666,27.621333333333332,2250,13687.5,24000,(not validated),https://rfcx-streams-production.s3.eu-west-1.amazonaws.com/2021/04/12/81cqy10ep7pa/da3e949b-41a1-42f6-b875-bc5c3cef0897.flac?AWSAccessKeyId=AKIA45B7YWBX7MUJ7QCX&Expires=1719836144&Signature=LadpSYYz6Mmbo2PuQ0SGjcFeE6c%3D,0.21132725157067217,24641
721948373,K3am-2021-04-12_19-00.WAV,2021 Kern 3,2021,4,12,19,0,sp11,Simple Call,13.824,14.570666666666666,2250,13687.5,24000,(not validated),https://rfcx-streams-production.s3.eu-west-1.amazonaws.com/2021/04/13/81cqy10ep7pa/ca85ffcc-afd1-418a-ab8d-1c1f7a691b49.flac?AWSAccessKeyId=AKIA45B7YWBX7MUJ7QCX&Expires=1719836144&Signature=Y47z8BhLSmcv4T8VumF4pRDKu9o%3D,0.2201127430886767,24641
721948374,K3am-2021-04-12_06-40.WAV,2021 Kern 3,2021,4,12,6,40,sp11,Simple Call,27.136,27.882666666666665,2250,13687.5,24000,(not validated),https://rfcx-streams-production.s3.eu-west-1.amazonaws.com/2021/04/12/81cqy10ep7pa/3a7c83e9-477b-4d5d-b141-a0932d554042.flac?AWSAccessKeyId=AKIA45B7YWBX7MUJ7QCX&Expires=1719836144&Signature=A%2Bc8x4hYjw9e1wo0OtDdq9XtNIA%3D,0.2601673933742861,24641
721948375,K3am-2021-04-13_06-20.WAV,2021 Kern 3,2021,4,13,6,20,sp11,Simple Call,29.029333333333334,29.776,2250,13687.5,24000,(not validated),https://rfcx-streams-production.s3.eu-west-1.amazonaws.com/2021/04/13/81cqy10ep7pa/9c956482-9800-452b-b521-858e09c25211.flac?AWSAccessKeyId=AKIA45B7YWBX7MUJ7QCX&Expires=1719836144&Signature=qBIDjCJY5J8fLwD8dNQaslIsn5E%3D,0.21589637203124132,24641
721948376,K3am-2021-04-13_07-40.WAV,2021 Kern 3,2021,4,13,7,40,sp11,Simple Call,40.37866666666667,41.12533333333333,2250,13687.5,24000,(not validated),https://rfcx-streams-production.s3.eu-west-1.amazonaws.com/2021/04/13/81cqy10ep7pa/4eed2ea3-86ef-48c2-a72d-b84f0c98a303.flac?AWSAccessKeyId=AKIA45B7YWBX7MUJ7QCX&Expires=1719836144&Signature=l87vGjEDtJXw3XqW8K3gtXCaWfk%3D,0.2697904044108088,24641
721948377,K3am-2021-04-12_17-40.WAV,2021 Kern 3,2021,4,12,17,40,sp11,Simple Call,31.093333333333334,31.84,2250,13687.5,24000,(not validated),https://rfcx-streams-production.s3.eu-west-1.amazonaws.com/2021/04/13/81cqy10ep7pa/3a8dfdc6-d2da-44bf-8afa-2e4e0b0dc885.flac?AWSAccessKeyId=AKIA45B7YWBX7MUJ7QCX&Expires=1719836144&Signature=6umida7KI%2FZZaqq%2Fc0ugoIiUdls%3D,0.24152924803698445,24641
721948378,K3am-2021-04-13_18-40.WAV,2021 Kern 3,2021,4,13,18,40,sp11,Simple Call,35.648,36.394666666666666,2250,13687.5,24000,(not validated),https://rfcx-streams-production.s3.eu-west-1.amazonaws.com/2021/04/14/81cqy10ep7pa/97fa7013-6e06-47de-8e33-472c05d0568e.flac?AWSAccessKeyId=AKIA45B7YWBX7MUJ7QCX&Expires=1719836144&Signature=YWJdvn3vJoMvWNw9GiD3osGKVko%3D,0.22745378953578127,24641
721948379,K3am-2021-04-13_08-40.WAV,2021 Kern 3,2021,4,13,8,40,sp11,Simple Call,55.834666666666664,56.58133333333333,2250,13687.5,24000,(not validated),https://rfcx-streams-production.s3.eu-west-1.amazonaws.com/2021/04/13/81cqy10ep7pa/03746a92-0d68-46a5-ad49-7a3962f0f5bd.flac?AWSAccessKeyId=AKIA45B7YWBX7MUJ7QCX&Expires=1719836144&Signature=PVQytrQu3cUK3aSVLYuWJZqZ%2BXs%3D,0.21923700751227385,24641
721948380,K3am-2021-04-13_06-00.WAV,2021 Kern 3,2021,4,13,6,0,sp11,Simple Call,38.693333333333335,39.44,2250,13687.5,24000,(not validated),https://rfcx-streams-production.s3.eu-west-1.amazonaws.com/2021/04/13/81cqy10ep7pa/55819ee2-c2a8-4ff3-8302-0f08ef7a95d0.flac?AWSAccessKeyId=AKIA45B7YWBX7MUJ7QCX&Expires=1719836144&Signature=WMjdAAtUyVZdA1iq52WusiKVjcw%3D,0.23583645218632404,24641
721948381,K3am-2021-04-14_06-00.WAV,2021 Kern 3,2021,4,14,6,0,sp11,Simple Call,20.554666666666666,21.301333333333332,2250,13687.5,24000,(not validated),https://rfcx-streams-production.s3.eu-west-1.amazonaws.com/2021/04/14/81cqy10ep7pa/d63d694b-5b21-4ce8-9b66-eeb8f9f9eadc.flac?AWSAccessKeyId=AKIA45B7YWBX7MUJ7QCX&Expires=1719836144&Signature=HXQK8zPWUQIFrMe2Ww2yWdi9bWA%3D,0.24499036830655954,24641
721948382,K3am-2021-04-15_06-20.WAV,2021 Kern 3,2021,4,15,6,20,sp11,Simple Call,30.352,31.098666666666666,2250,13687.5,24000,(not validated),https://rfcx-streams-production.s3.eu-west-1.amazonaws.com/2021/04/15/81cqy10ep7pa/617dc0ab-4c5b-4c24-9e8a-34af6e6d3215.flac?AWSAccessKeyId=AKIA45B7YWBX7MUJ7QCX&Expires=1719836144&Signature=yTXlel7y2mgz%2BmJK3%2B9t9cp7tzo%3D,0.22145188511789612,24641
721948383,K3am-2021-04-15_09-00.WAV,2021 Kern 3,2021,4,15,9,0,sp11,Simple Call,10.666666666666666,11.413333333333334,2250,13687.5,24000,(not validated),https://rfcx-streams-production.s3.eu-west-1.amazonaws.com/2021/04/15/81cqy10ep7pa/c37c7614-c2b8-4122-848d-2ea21551558d.flac?AWSAccessKeyId=AKIA45B7YWBX7MUJ7QCX&Expires=1719836144&Signature=oetL0Z2YBZ%2FBrWbSSIbsx%2Bzu7eI%3D,0.24962331965436113,24641
721948384,K3am-2021-04-14_07-40.WAV,2021 Kern 3,2021,4,14,7,40,sp11,Simple Call,51.056,51.80266666666667,2250,13687.5,24000,(not validated),https://rfcx-streams-production.s3.eu-west-1.amazonaws.com/2021/04/14/81cqy10ep7pa/1ff48ab6-b01d-4721-a23a-51fd03390961.flac?AWSAccessKeyId=AKIA45B7YWBX7MUJ7QCX&Expires=1719836144&Signature=l39iu46ggC5nKGcqgosoG4A9%2FWo%3D,0.3382627801244832,24641
721948385,K3am-2021-04-15_11-00.WAV,2021 Kern 3,2021,4,15,11,0,sp11,Simple Call,11.6,12.346666666666666,2250,13687.5,24000,(not validated),https://rfcx-streams-production.s3.eu-west-1.amazonaws.com/2021/04/15/81cqy10ep7pa/b884ef85-64e1-4d60-ae51-94faa44393df.flac?AWSAccessKeyId=AKIA45B7YWBX7MUJ7QCX&Expires=1719836144&Signature=QFa4DZnzNKmWVq0%2FhxxvwGy1%2BLc%3D,0.31648640035140474,24641
721948386,K3am-2021-04-15_15-40.WAV,2021 Kern 3,2021,4,15,15,40,sp11,Simple Call,40.34133333333333,41.088,2250,13687.5,24000,(not validated),https://rfcx-streams-production.s3.eu-west-1.amazonaws.com/2021/04/15/81cqy10ep7pa/39dab52a-e268-452e-9803-94742886109e.flac?AWSAccessKeyId=AKIA45B7YWBX7MUJ7QCX&Expires=1719836144&Signature=gASKwo7u0EdHSc0H5UI%2FWy9M27w%3D,0.2086533868316631,24641
721948387,K3am-2021-04-14_06-40.WAV,2021 Kern 3,2021,4,14,6,40,sp11,Simple Call,54.37866666666667,55.12533333333333,2250,13687.5,24000,(not validated),https://rfcx-streams-production.s3.eu-west-1.amazonaws.com/2021/04/14/81cqy10ep7pa/72aa3126-e38c-43d5-8c31-df6cd7e07ebf.flac?AWSAccessKeyId=AKIA45B7YWBX7MUJ7QCX&Expires=1719836144&Signature=D%2BTenFWXuYuNlAoBAyO530JrdkQ%3D,0.20228162790310533,24641
721948388,K3am-2021-04-15_13-20.WAV,2021 Kern 3,2021,4,15,13,20,sp11,Simple Call,43.99466666666667,44.74133333333333,2250,13687.5,24000,(not validated),https://rfcx-streams-production.s3.eu-west-1.amazonaws.com/2021/04/15/81cqy10ep7pa/ee14a15f-02ad-442c-be96-12165a72d327.flac?AWSAccessKeyId=AKIA45B7YWBX7MUJ7QCX&Expires=1719836144&Signature=0uoRHvvyVHb80W8DLoFa8qfFyNg%3D,0.22084888230835598,24641
721948389,K3am-2021-04-14_09-00.WAV,2021 Kern 3,2021,4,14,9,0,sp11,Simple Call,43.072,43.818666666666665,2250,13687.5,24000,(not validated),https://rfcx-streams-production.s3.eu-west-1.amazonaws.com/2021/04/14/81cqy10ep7pa/0f228d1e-5c16-42d1-a6ce-7bec892d1a83.flac?AWSAccessKeyId=AKIA45B7YWBX7MUJ7QCX&Expires=1719836144&Signature=BPy6RnSBWbYBPQcxvrATG4pdnu8%3D,0.22621090555557247,24641
721948390,K3am-2021-04-15_15-20.WAV,2021 Kern 3,2021,4,15,15,20,sp11,Simple Call,10.661333333333333,11.408,2250,13687.5,24000,(not validated),https://rfcx-streams-production.s3.eu-west-1.amazonaws.com/2021/04/15/81cqy10ep7pa/c6a1f9ae-44f1-4c9f-9f68-f925add37f2a.flac?AWSAccessKeyId=AKIA45B7YWBX7MUJ7QCX&Expires=1719836144&Signature=iYbJ5UCzFn83OAFjwSXsGomONso%3D,0.20115876228939603,24641
721948391,K3am-2021-04-16_08-00.WAV,2021 Kern 3,2021,4,16,8,0,sp11,Simple Call,12.794666666666666,13.541333333333334,2250,13687.5,24000,(not validated),https://rfcx-streams-production.s3.eu-west-1.amazonaws.com/2021/04/16/81cqy10ep7pa/dee87881-6b59-41e3-a563-233a1f9e46a2.flac?AWSAccessKeyId=AKIA45B7YWBX7MUJ7QCX&Expires=1719836144&Signature=%2F15tLf6Cl75oODP1Z%2Bln4hjFCzU%3D,0.2156118492865449,24641
721948392,K3am-2021-04-15_00-40.WAV,2021 Kern 3,2021,4,15,0,40,sp11,Simple Call,24.405333333333335,25.152,2250,13687.5,24000,(not validated),https://rfcx-streams-production.s3.eu-west-1.amazonaws.com/2021/04/15/81cqy10ep7pa/542a77a5-7612-4637-86d8-5f84ff273b9e.flac?AWSAccessKeyId=AKIA45B7YWBX7MUJ7QCX&Expires=1719836144&Signature=kWMdBO53p5QcWxxXHp2JzNnAEVo%3D,0.23743427508693316,24641
721948393,K3am-2021-04-16_10-20.WAV,2021 Kern 3,2021,4,16,10,20,sp11,Simple Call,57.53066666666667,58.27733333333333,2250,13687.5,24000,(not validated),https://rfcx-streams-production.s3.eu-west-1.amazonaws.com/2021/04/16/81cqy10ep7pa/9598eba8-fda7-417f-9228-680d027c3cd9.flac?AWSAccessKeyId=AKIA45B7YWBX7MUJ7QCX&Expires=1719836144&Signature=Hk9rGvRHKO14b4PT1GV8d26P624%3D,0.25348915783950693,24641
721948394,K3am-2021-04-15_07-20.WAV,2021 Kern 3,2021,4,15,7,20,sp11,Simple Call,0.2826666666666667,1.0293333333333334,2250,13687.5,24000,(not validated),https://rfcx-streams-production.s3.eu-west-1.amazonaws.com/2021/04/15/81cqy10ep7pa/03ffa816-1aef-412b-a98c-89d79c658673.flac?AWSAccessKeyId=AKIA45B7YWBX7MUJ7QCX&Expires=1719836144&Signature=oC4GYZPNoTKXFJJH57oNj%2Fn%2B4ps%3D,0.22218312434685553,24641
721948395,K3am-2021-04-16_06-00.WAV,2021 Kern 3,2021,4,16,6,0,sp11,Simple Call,7.941333333333334,8.688,2250,13687.5,24000,(not validated),https://rfcx-streams-production.s3.eu-west-1.amazonaws.com/2021/04/16/81cqy10ep7pa/1fd31fef-630a-4d68-b72d-ac0b42915520.flac?AWSAccessKeyId=AKIA45B7YWBX7MUJ7QCX&Expires=1719836144&Signature=%2Byhd%2Fsgm1KkY%2BuMrTxT5k52y3a4%3D,0.24075769062902322,24641
721948396,K3am-2021-04-16_11-00.WAV,2021 Kern 3,2021,4,16,11,0,sp11,Simple Call,36.986666666666665,37.733333333333334,2250,13687.5,24000,(not validated),https://rfcx-streams-production.s3.eu-west-1.amazonaws.com/2021/04/16/81cqy10ep7pa/4d01cadd-02be-44a7-bbf5-d27e09769745.flac?AWSAccessKeyId=AKIA45B7YWBX7MUJ7QCX&Expires=1719836144&Signature=vOvXyzEVtLqwoxGI076yD6sgvNo%3D,0.2698692885733526,24641
721948397,K3am-2021-04-16_17-00.WAV,2021 Kern 3,2021,4,16,17,0,sp11,Simple Call,8.037333333333333,8.784,2250,13687.5,24000,(not validated),https://rfcx-streams-production.s3.eu-west-1.amazonaws.com/2021/04/17/81cqy10ep7pa/53194e87-1c09-4ccf-8490-505e94b24c8c.flac?AWSAccessKeyId=AKIA45B7YWBX7MUJ7QCX&Expires=1719836144&Signature=OqmMxFYZo2ExLSVkh%2BuXliEiEQc%3D,0.2605225297549969,24641
721948398,K3am-2021-04-17_06-00.WAV,2021 Kern 3,2021,4,17,6,0,sp11,Simple Call,37.616,38.36266666666667,2250,13687.5,24000,(not validated),https://rfcx-streams-production.s3.eu-west-1.amazonaws.com/2021/04/17/81cqy10ep7pa/44f81174-19d4-40c0-b61d-307a29c907be.flac?AWSAccessKeyId=AKIA45B7YWBX7MUJ7QCX&Expires=1719836144&Signature=DARAgQbGntrA2gLjKdRabNV0dmQ%3D,0.25822241863576256,24641
721948623,K3am-2021-07-02_07-20.WAV,2021 Kern 3,2021,7,2,7,20,sp11,Simple Call,35.744,36.49066666666667,2250,13687.5,24000,(not validated),https://rfcx-streams-production.s3.eu-west-1.amazonaws.com/2021/07/02/81cqy10ep7pa/addec4e9-f620-4918-9b0d-039baf37c376.flac?AWSAccessKeyId=AKIA45B7YWBX7MUJ7QCX&Expires=1719836144&Signature=H5heV2FWdTmWjtxpuq5SMcmlzPc%3D,0.21155836567333475,24641
721948624,K3am-2021-07-04_09-00.WAV,2021 Kern 3,2021,7,4,9,0,sp11,Simple Call,19.845333333333333,20.592,2250,13687.5,24000,(not validated),https://rfcx-streams-production.s3.eu-west-1.amazonaws.com/2021/07/04/81cqy10ep7pa/82c14dd0-87ae-4d52-b073-49dc510831cb.flac?AWSAccessKeyId=AKIA45B7YWBX7MUJ7QCX&Expires=1719836144&Signature=6XK%2Bvkr3MPpT5ttCzlFHw%2Fet4k8%3D,0.21774809024591346,24641
721948625,K3am-2021-06-30_13-00.WAV,2021 Kern 3,2021,6,30,13,0,sp11,Simple Call,7.674666666666667,8.421333333333333,2250,13687.5,24000,(not validated),https://rfcx-streams-production.s3.eu-west-1.amazonaws.com/2021/06/30/81cqy10ep7pa/ad3a3e11-b1f6-45a8-9f19-9743b775054a.flac?AWSAccessKeyId=AKIA45B7YWBX7MUJ7QCX&Expires=1719836144&Signature=mTTj2DHZ9ZLmn0Ghesfw8OPPYyc%3D,0.28917125023738643,24641
721948626,K3am-2021-06-27_16-40.WAV,2021 Kern 3,2021,6,27,16,40,sp11,Simple Call,0.058666666666666666,0.8053333333333333,2250,13687.5,24000,(not validated),https://rfcx-streams-production.s3.eu-west-1.amazonaws.com/2021/06/27/81cqy10ep7pa/bff1ad23-5e9a-441b-92a9-c3769025eaff.flac?AWSAccessKeyId=AKIA45B7YWBX7MUJ7QCX&Expires=1719836144&Signature=Q4OfT9ud8aYMHrr4vQctvmP4Gtg%3D,0.20048920657172759,24641
721948627,K3am-2021-06-27_18-40.WAV,2021 Kern 3,2021,6,27,18,40,sp11,Simple Call,5.637333333333333,6.384,2250,13687.5,24000,(not validated),https://rfcx-streams-production.s3.eu-west-1.amazonaws.com/2021/06/28/81cqy10ep7pa/2317a021-2333-44c6-9ca5-1944b67cb487.flac?AWSAccessKeyId=AKIA45B7YWBX7MUJ7QCX&Expires=1719836144&Signature=It3vq3sVm2seJUv02%2FO00zXmKuU%3D,0.24302879587426887,24641
721948628,K3am-2021-06-29_19-00.WAV,2021 Kern 3,2021,6,29,19,0,sp11,Simple Call,32.72,33.46666666666667,2250,13687.5,24000,(not validated),https://rfcx-streams-production.s3.eu-west-1.amazonaws.com/2021/06/30/81cqy10ep7pa/46ad2db6-7709-4906-86b5-85f74e8f30f9.flac?AWSAccessKeyId=AKIA45B7YWBX7MUJ7QCX&Expires=1719836144&Signature=TMASI8tha9b5nHLwHj5ZE9CoQN8%3D,0.2147969082645678,24641
721948629,K3am-2021-06-26_14-40.WAV,2021 Kern 3,2021,6,26,14,40,sp11,Simple Call,49.08266666666667,49.82933333333333,2250,13687.5,24000,(not validated),https://rfcx-streams-production.s3.eu-west-1.amazonaws.com/2021/06/26/81cqy10ep7pa/221816ed-a82e-4aa0-a1f5-03a6ff60adf6.flac?AWSAccessKeyId=AKIA45B7YWBX7MUJ7QCX&Expires=1719836144&Signature=xgsJWQF7Lgq5i%2F6CTFPkFjGnYks%3D,0.2843791880074384,24641
721948630,K3am-2021-06-25_05-40.WAV,2021 Kern 3,2021,6,25,5,40,sp11,Simple Call,33.54666666666667,34.29333333333334,2250,13687.5,24000,(not validated),https://rfcx-streams-production.s3.eu-west-1.amazonaws.com/2021/06/25/81cqy10ep7pa/ea7e8f5b-ecd7-4acf-a437-ec2cb42ecb4a.flac?AWSAccessKeyId=AKIA45B7YWBX7MUJ7QCX&Expires=1719836144&Signature=%2FNlkzzocfXg%2Bxf1Gzw70Kqw88tE%3D,0.20083748473182503,24641
721948631,K3am-2021-06-23_13-40.WAV,2021 Kern 3,2021,6,23,13,40,sp11,Simple Call,36.928,37.67466666666667,2250,13687.5,24000,(not validated),https://rfcx-streams-production.s3.eu-west-1.amazonaws.com/2021/06/23/81cqy10ep7pa/c728d697-7d70-4ad7-badf-6e9e79420f93.flac?AWSAccessKeyId=AKIA45B7YWBX7MUJ7QCX&Expires=1719836144&Signature=hhEDp1WvwSkkmVaJEulXZQuSQiE%3D,0.24282114151001527,24641
721948632,K3am-2021-06-27_08-40.WAV,2021 Kern 3,2021,6,27,8,40,sp11,Simple Call,37.27466666666667,38.02133333333333,2250,13687.5,24000,(not validated),https://rfcx-streams-production.s3.eu-west-1.amazonaws.com/2021/06/27/81cqy10ep7pa/4a0d5a5f-e4c1-4e56-961e-f5639b8c9a09.flac?AWSAccessKeyId=AKIA45B7YWBX7MUJ7QCX&Expires=1719836144&Signature=ZCMEv2opz5AFcvwsFxtxSZ4yLp0%3D,0.21081436182659197,24641
721948633,K3am-2021-06-23_14-20.WAV,2021 Kern 3,2021,6,23,14,20,sp11,Simple Call,8.629333333333333,9.376,2250,13687.5,24000,(not validated),https://rfcx-streams-production.s3.eu-west-1.amazonaws.com/2021/06/23/81cqy10ep7pa/7bfbe479-21eb-47fc-9a19-440912d1dd86.flac?AWSAccessKeyId=AKIA45B7YWBX7MUJ7QCX&Expires=1719836144&Signature=1etCjcxnHUMOXWCHrDRkYK7L71g%3D,0.21596725795529118,24641
721948634,K3am-2021-06-25_03-40.WAV,2021 Kern 3,2021,6,25,3,40,sp11,Simple Call,34.46933333333333,35.216,2250,13687.5,24000,(not validated),https://rfcx-streams-production.s3.eu-west-1.amazonaws.com/2021/06/25/81cqy10ep7pa/0e231681-72fb-4a96-a4ca-9182a3553182.flac?AWSAccessKeyId=AKIA45B7YWBX7MUJ7QCX&Expires=1719836144&Signature=1v8Iqi4BLaYh0k3wAnCbZB2fvko%3D,0.2734087069961217,24641
721948635,K3am-2021-06-25_07-40.WAV,2021 Kern 3,2021,6,25,7,40,sp11,Simple Call,27.418666666666667,28.165333333333333,2250,13687.5,24000,(not validated),https://rfcx-streams-production.s3.eu-west-1.amazonaws.com/2021/06/25/81cqy10ep7pa/569312c0-fb6f-4eab-9708-5a2b052f24a8.flac?AWSAccessKeyId=AKIA45B7YWBX7MUJ7QCX&Expires=1719836144&Signature=WqMSvpm4lO9uHCbNyL4BEX7yXXU%3D,0.20288482019299778,24641
721948636,K3am-2021-06-22_07-40.WAV,2021 Kern 3,2021,6,22,7,40,sp11,Simple Call,0.7786666666666666,1.5253333333333334,2250,13687.5,24000,(not validated),https://rfcx-streams-production.s3.eu-west-1.amazonaws.com/2021/06/22/81cqy10ep7pa/651d36e0-eef7-4f45-9e36-b0a040829e9c.flac?AWSAccessKeyId=AKIA45B7YWBX7MUJ7QCX&Expires=1719836144&Signature=GmUvwe55Q75Cs9xw2t74bRoZPio%3D,0.20242313998686107,24641
721948637,K3am-2021-06-26_08-00.WAV,2021 Kern 3,2021,6,26,8,0,sp11,Simple Call,23.493333333333332,24.24,2250,13687.5,24000,(not validated),https://rfcx-streams-production.s3.eu-west-1.amazonaws.com/2021/06/26/81cqy10ep7pa/f127d958-b1d0-4d0c-95ec-3ad617247691.flac?AWSAccessKeyId=AKIA45B7YWBX7MUJ7QCX&Expires=1719836144&Signature=4ZxTSXmR0Nf1cT%2FE%2Fo7zFGdYOng%3D,0.21045609477512406,24641
721948638,K3am-2021-06-22_02-00.WAV,2021 Kern 3,2021,6,22,2,0,sp11,Simple Call,39.32266666666667,40.06933333333333,2250,13687.5,24000,(not validated),https://rfcx-streams-production.s3.eu-west-1.amazonaws.com/2021/06/22/81cqy10ep7pa/58e3badd-862e-49bf-bc4f-c4e44bd211d7.flac?AWSAccessKeyId=AKIA45B7YWBX7MUJ7QCX&Expires=1719836144&Signature=xrDL6jWwhsEGepeY28AMuGOl%2BvE%3D,0.25548358952691963,24641
721948639,K3am-2021-06-25_06-00.WAV,2021 Kern 3,2021,6,25,6,0,sp11,Simple Call,41.909333333333336,42.656,2250,13687.5,24000,(not validated),https://rfcx-streams-production.s3.eu-west-1.amazonaws.com/2021/06/25/81cqy10ep7pa/385d6895-59c6-4e8d-8886-c26296c50340.flac?AWSAccessKeyId=AKIA45B7YWBX7MUJ7QCX&Expires=1719836144&Signature=RJnwdf2Dt3aJO%2F6KDco8BpOoH1g%3D,0.2135335985575486,24641
721948640,K3am-2021-06-25_06-40.WAV,2021 Kern 3,2021,6,25,6,40,sp11,Simple Call,1.952,2.6986666666666665,2250,13687.5,24000,(not validated),https://rfcx-streams-production.s3.eu-west-1.amazonaws.com/2021/06/25/81cqy10ep7pa/d68cc2f3-951e-4512-bed8-1bb865a02570.flac?AWSAccessKeyId=AKIA45B7YWBX7MUJ7QCX&Expires=1719836144&Signature=aeWB1yXHW0Pu7ad0dAppO3fTwwg%3D,0.25008995198187234,24641
721948641,K3am-2021-06-20_09-40.WAV,2021 Kern 3,2021,6,20,9,40,sp11,Simple Call,58.25066666666667,58.99733333333333,2250,13687.5,24000,(not validated),https://rfcx-streams-production.s3.eu-west-1.amazonaws.com/2021/06/20/81cqy10ep7pa/f5045e40-b7a0-439a-a5d2-8516448b2ef0.flac?AWSAccessKeyId=AKIA45B7YWBX7MUJ7QCX&Expires=1719836144&Signature=cFwMcl1vH%2BxFTJ9CUC5FKDd9uCs%3D,0.225506703674966,24641
721949481,K3am-2021-04-16_07-00.WAV,2021 Kern 3,2021,4,16,7,0,sp11,Simple Call,10.042666666666667,10.789333333333333,2250,13687.5,24000,(not validated),https://rfcx-streams-production.s3.eu-west-1.amazonaws.com/2021/04/16/81cqy10ep7pa/a8570632-0dea-41b6-8229-2e43f147cb5d.flac?AWSAccessKeyId=AKIA45B7YWBX7MUJ7QCX&Expires=1719836144&Signature=ec%2Bs9Y1Mu8T%2B7vtYwJA3VQyMs8k%3D,0.30520820306414415,24641
721949482,K3am-2021-04-15_07-00.WAV,2021 Kern 3,2021,4,15,7,0,sp11,Simple Call,17.765333333333334,18.512,2250,13687.5,24000,(not validated),https://rfcx-streams-production.s3.eu-west-1.amazonaws.com/2021/04/15/81cqy10ep7pa/40770e8c-f6f6-48c5-b536-a3c2d6ec4326.flac?AWSAccessKeyId=AKIA45B7YWBX7MUJ7QCX&Expires=1719836144&Signature=TOylO5o3cW8zWtABrrS4d3x4%2BWE%3D,0.22842262042385425,24641
721949483,K3am-2021-04-15_06-40.WAV,2021 Kern 3,2021,4,15,6,40,sp11,Simple Call,37.00266666666667,37.74933333333333,2250,13687.5,24000,(not validated),https://rfcx-streams-production.s3.eu-west-1.amazonaws.com/2021/04/15/81cqy10ep7pa/c60c1989-3cae-40df-a626-35e984f3c3d5.flac?AWSAccessKeyId=AKIA45B7YWBX7MUJ7QCX&Expires=1719836144&Signature=iiKQCgX4h1vHPYH5WRwGfe%2BnBXE%3D,0.2512897199739646,24641
721949484,K3am-2021-04-13_08-20.WAV,2021 Kern 3,2021,4,13,8,20,sp11,Simple Call,2.688,3.4346666666666668,2250,13687.5,24000,(not validated),https://rfcx-streams-production.s3.eu-west-1.amazonaws.com/2021/04/13/81cqy10ep7pa/3a7c5a05-e80f-4b2f-9b53-f105bf8fdb1a.flac?AWSAccessKeyId=AKIA45B7YWBX7MUJ7QCX&Expires=1719836144&Signature=t7J%2B%2FyOLGVXBCwsUOku4NaKmbSo%3D,0.23482673592335268,24641
721949485,K3am-2021-04-13_09-00.WAV,2021 Kern 3,2021,4,13,9,0,sp11,Simple Call,27.834666666666667,28.581333333333333,2250,13687.5,24000,(not validated),https://rfcx-streams-production.s3.eu-west-1.amazonaws.com/2021/04/13/81cqy10ep7pa/33f536af-7eb4-404e-94ab-484e6b36cfef.flac?AWSAccessKeyId=AKIA45B7YWBX7MUJ7QCX&Expires=1719836144&Signature=dCnB4hJcf7Cw7UnATmC6Ue9HdQY%3D,0.21216899069576198,24641
721949486,K3am-2021-04-15_06-00.WAV,2021 Kern 3,2021,4,15,6,0,sp11,Simple Call,35.57866666666666,36.32533333333333,2250,13687.5,24000,(not validated),https://rfcx-streams-production.s3.eu-west-1.amazonaws.com/2021/04/15/81cqy10ep7pa/75ca1b7d-b7b9-4f29-b236-be33e07b1007.flac?AWSAccessKeyId=AKIA45B7YWBX7MUJ7QCX&Expires=1719836144&Signature=SktmFJ0Bwm6DPXPlydVwFlYieOA%3D,0.27099377570373684,24641
721949487,K3am-2021-04-12_08-40.WAV,2021 Kern 3,2021,4,12,8,40,sp11,Simple Call,41.94133333333333,42.688,2250,13687.5,24000,(not validated),https://rfcx-streams-production.s3.eu-west-1.amazonaws.com/2021/04/12/81cqy10ep7pa/ccf758d0-f722-4137-8f3a-1768e98a6ca4.flac?AWSAccessKeyId=AKIA45B7YWBX7MUJ7QCX&Expires=1719836144&Signature=4eo1%2FgTwpULO5OM2tlZcEWp8VPM%3D,0.21904670708603516,24641
721949488,K3am-2021-04-12_06-20.WAV,2021 Kern 3,2021,4,12,6,20,sp11,Simple Call,5.36,6.1066666666666665,2250,13687.5,24000,(not validated),https://rfcx-streams-production.s3.eu-west-1.amazonaws.com/2021/04/12/81cqy10ep7pa/34941715-2692-41a8-8318-6b64f0593561.flac?AWSAccessKeyId=AKIA45B7YWBX7MUJ7QCX&Expires=1719836144&Signature=e8ZafgkNfQckFD%2Be6v6VvJSf7Po%3D,0.2701834323122391,24641
721949489,K3am-2021-04-11_11-00.WAV,2021 Kern 3,2021,4,11,11,0,sp11,Simple Call,29.029333333333334,29.776,2250,13687.5,24000,(not validated),https://rfcx-streams-production.s3.eu-west-1.amazonaws.com/2021/04/11/81cqy10ep7pa/1d78a7eb-d325-4e24-b91b-b3c2b1aee09e.flac?AWSAccessKeyId=AKIA45B7YWBX7MUJ7QCX&Expires=1719836144&Signature=GSn8r4sJ626tCxbbzlZsBlHikgs%3D,0.20797222119650513,24641
721949490,K3am-2021-04-12_09-20.WAV,2021 Kern 3,2021,4,12,9,20,sp11,Simple Call,7.269333333333333,8.016,2250,13687.5,24000,(not validated),https://rfcx-streams-production.s3.eu-west-1.amazonaws.com/2021/04/12/81cqy10ep7pa/8d94fd80-a0f3-46d9-8d8b-52d05bcddb73.flac?AWSAccessKeyId=AKIA45B7YWBX7MUJ7QCX&Expires=1719836144&Signature=FVK3tE6on%2F7EfWVwz7occFiCTLk%3D,0.2275470386447141,24641
721949491,K3am-2021-04-12_12-40.WAV,2021 Kern 3,2021,4,12,12,40,sp11,Simple Call,47.818666666666665,48.565333333333335,2250,13687.5,24000,(not validated),https://rfcx-streams-production.s3.eu-west-1.amazonaws.com/2021/04/12/81cqy10ep7pa/ce280b41-988b-443e-88c3-4c2aea05138f.flac?AWSAccessKeyId=AKIA45B7YWBX7MUJ7QCX&Expires=1719836144&Signature=10%2Fn8dV3qeZGJxCTsgvPlmQ4i8s%3D,0.21669103522255262,24641
721949492,K3am-2021-04-11_08-00.WAV,2021 Kern 3,2021,4,11,8,0,sp11,Simple Call,29.792,30.538666666666668,2250,13687.5,24000,(not validated),https://rfcx-streams-production.s3.eu-west-1.amazonaws.com/2021/04/11/81cqy10ep7pa/a9fcc5ec-c2d6-4a11-a1ae-5adcbf93153a.flac?AWSAccessKeyId=AKIA45B7YWBX7MUJ7QCX&Expires=1719836144&Signature=alvBBRqheixAJOFIw%2BVN8b%2F0LMM%3D,0.2233345384023901,24641
721949493,K3am-2021-04-11_18-40.WAV,2021 Kern 3,2021,4,11,18,40,sp11,Simple Call,17.402666666666665,18.149333333333335,2250,13687.5,24000,(not validated),https://rfcx-streams-production.s3.eu-west-1.amazonaws.com/2021/04/12/81cqy10ep7pa/d45b2155-095c-464f-a245-1811cea1c40d.flac?AWSAccessKeyId=AKIA45B7YWBX7MUJ7QCX&Expires=1719836144&Signature=YnfgJnoWD7aeDczhLCUju1wazN8%3D,0.27339723907467334,24641
721949494,K3am-2021-04-11_06-40.WAV,2021 Kern 3,2021,4,11,6,40,sp11,Simple Call,47.370666666666665,48.117333333333335,2250,13687.5,24000,(not validated),https://rfcx-streams-production.s3.eu-west-1.amazonaws.com/2021/04/11/81cqy10ep7pa/5816ccef-7c14-486d-887d-025d88528615.flac?AWSAccessKeyId=AKIA45B7YWBX7MUJ7QCX&Expires=1719836144&Signature=slx2HH9z%2FOCBV05GXKgHSZtvyEY%3D,0.24832878320168017,24641
721949495,K3am-2021-04-10_08-40.WAV,2021 Kern 3,2021,4,10,8,40,sp11,Simple Call,22.981333333333332,23.728,2250,13687.5,24000,(not validated),https://rfcx-streams-production.s3.eu-west-1.amazonaws.com/2021/04/10/81cqy10ep7pa/a46c9fa8-bf58-4185-971e-5b867a8863cb.flac?AWSAccessKeyId=AKIA45B7YWBX7MUJ7QCX&Expires=1719836144&Signature=B6a%2F6yB%2FvOwffIg6Q4AM9G0%2BSFA%3D,0.2398143820347752,24641
721949496,K3am-2021-04-10_07-20.WAV,2021 Kern 3,2021,4,10,7,20,sp11,Simple Call,48.048,48.794666666666664,2250,13687.5,24000,(not validated),https://rfcx-streams-production.s3.eu-west-1.amazonaws.com/2021/04/10/81cqy10ep7pa/de58076c-683a-4a80-99f2-e944ba8d5c5c.flac?AWSAccessKeyId=AKIA45B7YWBX7MUJ7QCX&Expires=1719836144&Signature=pUwsfrrplZ3T50YpN1u1oo4TofI%3D,0.2886653153134172,24641
721949497,K3am-2021-04-10_08-20.WAV,2021 Kern 3,2021,4,10,8,20,sp11,Simple Call,6.416,7.1626666666666665,2250,13687.5,24000,(not validated),https://rfcx-streams-production.s3.eu-west-1.amazonaws.com/2021/04/10/81cqy10ep7pa/f945e66e-6618-4310-904a-423e1879a8c3.flac?AWSAccessKeyId=AKIA45B7YWBX7MUJ7QCX&Expires=1719836144&Signature=SWwb7yY1sAfeTb9sHHLuYHyIdRA%3D,0.2781252125300735,24641
721949498,K3am-2021-04-09_06-40.WAV,2021 Kern 3,2021,4,9,6,40,sp11,Simple Call,46.12266666666667,46.86933333333333,2250,13687.5,24000,(not validated),https://rfcx-streams-production.s3.eu-west-1.amazonaws.com/2021/04/09/81cqy10ep7pa/25d1b1d8-9585-4300-af29-de16911412a3.flac?AWSAccessKeyId=AKIA45B7YWBX7MUJ7QCX&Expires=1719836144&Signature=oanCFiBGfeOy9u4n8ihaQ9KZMQs%3D,0.23968942163746645,24641
721949499,K3am-2021-04-09_06-00.WAV,2021 Kern 3,2021,4,9,6,0,sp11,Simple Call,9.424,10.170666666666667,2250,13687.5,24000,(not validated),https://rfcx-streams-production.s3.eu-west-1.amazonaws.com/2021/04/09/81cqy10ep7pa/cb775ac5-0f78-4644-a920-c93050c86b83.flac?AWSAccessKeyId=AKIA45B7YWBX7MUJ7QCX&Expires=1719836144&Signature=5hpXpUviTNs%2FtiYazhJdhDOTErw%3D,0.24946721306134473,24641
721949500,K3am-2021-04-07_10-40.WAV,2021 Kern 3,2021,4,7,10,40,sp11,Simple Call,15.568,16.314666666666668,2250,13687.5,24000,(not validated),https://rfcx-streams-production.s3.eu-west-1.amazonaws.com/2021/04/07/81cqy10ep7pa/54630892-5fbf-48b6-93dd-8bc7268a3042.flac?AWSAccessKeyId=AKIA45B7YWBX7MUJ7QCX&Expires=1719836144&Signature=gmLFL5qR7ReXKF%2B%2Blp7HkTH%2B7y4%3D,0.2525417469839415,24641
721949501,K3am-2021-04-07_06-40.WAV,2021 Kern 3,2021,4,7,6,40,sp11,Simple Call,52.416,53.16266666666667,2250,13687.5,24000,(not validated),https://rfcx-streams-production.s3.eu-west-1.amazonaws.com/2021/04/07/81cqy10ep7pa/3b700aa9-50e0-4f00-a19d-ebdd451a07aa.flac?AWSAccessKeyId=AKIA45B7YWBX7MUJ7QCX&Expires=1719836144&Signature=bHBjKxrPP5AUoBFhTAnFcfvaVhg%3D,0.23211385220359704,24641
721949502,K3am-2021-04-07_07-00.WAV,2021 Kern 3,2021,4,7,7,0,sp11,Simple Call,37.072,37.818666666666665,2250,13687.5,24000,(not validated),https://rfcx-streams-production.s3.eu-west-1.amazonaws.com/2021/04/07/81cqy10ep7pa/89ebf654-2426-4005-8932-94fd730c1485.flac?AWSAccessKeyId=AKIA45B7YWBX7MUJ7QCX&Expires=1719836144&Signature=TLwcjajzVErECLkv%2B2tNdVF%2Fd08%3D,0.2581841773948156,24641
721949503,K3am-2021-04-06_08-29.WAV,2021 Kern 3,2021,4,6,8,29,sp11,Simple Call,8.650666666666666,9.397333333333334,2250,13687.5,24000,(not validated),https://rfcx-streams-production.s3.eu-west-1.amazonaws.com/2021/04/06/81cqy10ep7pa/be3b13da-a3af-4d22-8171-ce818e17961c.flac?AWSAccessKeyId=AKIA45B7YWBX7MUJ7QCX&Expires=1719836144&Signature=1xFgM%2FjDKIf71Jro%2BGdgzpMq5j8%3D,0.27775075035365693,24641
721949504,K3am-2021-04-07_09-40.WAV,2021 Kern 3,2021,4,7,9,40,sp11,Simple Call,58.906666666666666,59.653333333333336,2250,13687.5,24000,(not validated),https://rfcx-streams-production.s3.eu-west-1.amazonaws.com/2021/04/07/81cqy10ep7pa/c1bdc8b9-71c1-4e59-aa58-2e9a8aeb1d0e.flac?AWSAccessKeyId=AKIA45B7YWBX7MUJ7QCX&Expires=1719836144&Signature=35NxILmSs8AYjzmuWbgfa%2FBBQNg%3D,0.21961224409032715,24641
721949505,K3am-2021-04-06_12-00.WAV,2021 Kern 3,2021,4,6,12,0,sp11,Simple Call,27.728,28.474666666666668,2250,13687.5,24000,(not validated),https://rfcx-streams-production.s3.eu-west-1.amazonaws.com/2021/04/06/81cqy10ep7pa/fe3d3207-e8b2-40b5-abbf-41b0f99598e0.flac?AWSAccessKeyId=AKIA45B7YWBX7MUJ7QCX&Expires=1719836144&Signature=eB7AC55Zce5Z%2BB5Qw30yLtZo2dw%3D,0.24841582030003323,24641
721949506,K3am-2021-04-06_18-40.WAV,2021 Kern 3,2021,4,6,18,40,sp11,Simple Call,43.696,44.44266666666667,2250,13687.5,24000,(not validated),https://rfcx-streams-production.s3.eu-west-1.amazonaws.com/2021/04/07/81cqy10ep7pa/34ea3369-7f85-4963-8b7c-c81f836b1f37.flac?AWSAccessKeyId=AKIA45B7YWBX7MUJ7QCX&Expires=1719836144&Signature=FGk7ol66O5YEA9kU8hnkJCFlxiM%3D,0.200450743532318,24641
721949507,K3am-2021-04-06_12-20.WAV,2021 Kern 3,2021,4,6,12,20,sp11,Simple Call,11.914666666666667,12.661333333333333,2250,13687.5,24000,(not validated),https://rfcx-streams-production.s3.eu-west-1.amazonaws.com/2021/04/06/81cqy10ep7pa/84bd17df-c6b9-41d8-b4e2-fc3904a2eec5.flac?AWSAccessKeyId=AKIA45B7YWBX7MUJ7QCX&Expires=1719836144&Signature=GVSqytfZNJZwzHopDUmMFR69vWk%3D,0.2316940574078262,24641
721949508,K3am-2021-04-06_19-00.WAV,2021 Kern 3,2021,4,6,19,0,sp11,Simple Call,57.888,58.63466666666667,2250,13687.5,24000,(not validated),https://rfcx-streams-production.s3.eu-west-1.amazonaws.com/2021/04/07/81cqy10ep7pa/d2fb9297-ff24-4f32-be1e-558255733f05.flac?AWSAccessKeyId=AKIA45B7YWBX7MUJ7QCX&Expires=1719836144&Signature=cQ62xoLQnFB88pVyuvtyh%2Bj18Tg%3D,0.23828990186368196,24641
721950462,K3am-2021-07-22_01-20.WAV,2021 Kern 3,2021,7,22,1,20,sp11,Simple Call,25.925333333333334,26.672,2250,13687.5,24000,(not validated),https://rfcx-streams-production.s3.eu-west-1.amazonaws.com/2021/07/22/81cqy10ep7pa/dec3a4f0-04a0-4d83-b2c8-07aa172c45cd.flac?AWSAccessKeyId=AKIA45B7YWBX7MUJ7QCX&Expires=1719836144&Signature=KimObDCS7JyiPGEtapDA5mN8urY%3D,0.20769169920679295,24641
721950463,K3am-2021-07-25_11-00.WAV,2021 Kern 3,2021,7,25,11,0,sp11,Simple Call,27.034666666666666,27.781333333333333,2250,13687.5,24000,(not validated),https://rfcx-streams-production.s3.eu-west-1.amazonaws.com/2021/07/25/81cqy10ep7pa/76fb1af2-b4d6-49b2-a972-03b67c99b32c.flac?AWSAccessKeyId=AKIA45B7YWBX7MUJ7QCX&Expires=1719836144&Signature=b0KM3xWU12Ch8an9AtqLFvowK90%3D,0.2037985844645215,24641
721950464,K3am-2021-07-25_11-40.WAV,2021 Kern 3,2021,7,25,11,40,sp11,Simple Call,1.44,2.1866666666666665,2250,13687.5,24000,(not validated),https://rfcx-streams-production.s3.eu-west-1.amazonaws.com/2021/07/25/81cqy10ep7pa/b21d8af4-44d0-4a69-8103-ee4828f7de6a.flac?AWSAccessKeyId=AKIA45B7YWBX7MUJ7QCX&Expires=1719836144&Signature=03aApynriVU9BQ0it0IpxBgkIFo%3D,0.20410173253041966,24641
721950465,K3am-2021-07-29_13-40.WAV,2021 Kern 3,2021,7,29,13,40,sp11,Simple Call,7.946666666666666,8.693333333333333,2250,13687.5,24000,(not validated),https://rfcx-streams-production.s3.eu-west-1.amazonaws.com/2021/07/29/81cqy10ep7pa/71dddcc1-d429-4bab-8db2-176b0c93d6f4.flac?AWSAccessKeyId=AKIA45B7YWBX7MUJ7QCX&Expires=1719836144&Signature=MnB%2FDGTfopd0SdZAb0S7XBUfbok%3D,0.22281987733209707,24641
721950466,K3am-2021-08-03_19-20.WAV,2021 Kern 3,2021,8,3,19,20,sp11,Simple Call,50.458666666666666,51.205333333333336,2250,13687.5,24000,(not validated),https://rfcx-streams-production.s3.eu-west-1.amazonaws.com/2021/08/04/81cqy10ep7pa/30dfe9b3-eefb-4c26-95fe-f009d247a253.flac?AWSAccessKeyId=AKIA45B7YWBX7MUJ7QCX&Expires=1719836144&Signature=lUscODUDAV4J4hhyFutbCyK5EmY%3D,0.30967938165936687,24641
721950467,K3am-2021-07-11_07-00.WAV,2021 Kern 3,2021,7,11,7,0,sp11,Simple Call,50.970666666666666,51.717333333333336,2250,13687.5,24000,(not validated),https://rfcx-streams-production.s3.eu-west-1.amazonaws.com/2021/07/11/81cqy10ep7pa/4113dd6a-be2a-42eb-a9a3-dd6549d04609.flac?AWSAccessKeyId=AKIA45B7YWBX7MUJ7QCX&Expires=1719836144&Signature=C6lxJDX0YLFpI7TK7vXLZSj5lbs%3D,0.21942449657811322,24641
721952672,K3am-2021-07-10_09-20.WAV,2021 Kern 3,2021,7,10,9,20,sp11,Simple Call,44.656,45.40266666666667,2250,13687.5,24000,(not validated),https://rfcx-streams-production.s3.eu-west-1.amazonaws.com/2021/07/10/81cqy10ep7pa/03444fe4-28a0-42e9-a24e-406ed1a2819b.flac?AWSAccessKeyId=AKIA45B7YWBX7MUJ7QCX&Expires=1719836144&Signature=4wvz0X9gEmW1l3kpvuxRN3iBJG0%3D,0.20707243464158176,24641
721952673,K3am-2021-07-11_16-00.WAV,2021 Kern 3,2021,7,11,16,0,sp11,Simple Call,17.008,17.754666666666665,2250,13687.5,24000,(not validated),https://rfcx-streams-production.s3.eu-west-1.amazonaws.com/2021/07/11/81cqy10ep7pa/2f35d10a-69e5-4ce4-8cc4-14b6f8124d99.flac?AWSAccessKeyId=AKIA45B7YWBX7MUJ7QCX&Expires=1719836144&Signature=vzK48FSZmuM1stuHrkBhJdsdPF0%3D,0.22010984172302644,24641
721952674,K3am-2021-07-12_11-20.WAV,2021 Kern 3,2021,7,12,11,20,sp11,Simple Call,58.54933333333334,59.296,2250,13687.5,24000,(not validated),https://rfcx-streams-production.s3.eu-west-1.amazonaws.com/2021/07/12/81cqy10ep7pa/25e0a1aa-0cd3-4837-8765-5e33686c3874.flac?AWSAccessKeyId=AKIA45B7YWBX7MUJ7QCX&Expires=1719836144&Signature=vzW%2BfebIMVL8z%2Bhbk0s8oJ2vx7o%3D,0.23564225512213227,24641
721952675,K3am-2021-07-12_11-40.WAV,2021 Kern 3,2021,7,12,11,40,sp11,Simple Call,36.352,37.09866666666667,2250,13687.5,24000,(not validated),https://rfcx-streams-production.s3.eu-west-1.amazonaws.com/2021/07/12/81cqy10ep7pa/b023688a-3927-48da-9e7b-60fb0a1350fa.flac?AWSAccessKeyId=AKIA45B7YWBX7MUJ7QCX&Expires=1719836144&Signature=mMQ6v8Q6EsNc891C%2F7ZnabO6aZk%3D,0.22171019619546276,24641
721952676,K3am-2021-07-13_14-00.WAV,2021 Kern 3,2021,7,13,14,0,sp11,Simple Call,57.349333333333334,58.096,2250,13687.5,24000,(not validated),https://rfcx-streams-production.s3.eu-west-1.amazonaws.com/2021/07/13/81cqy10ep7pa/7346a2f8-7f71-462f-be3b-a5610321028c.flac?AWSAccessKeyId=AKIA45B7YWBX7MUJ7QCX&Expires=1719836144&Signature=jBBGrDgeb3yPKaAoWTg%2Fa9Gm0iU%3D,0.20168961454895287,24641
721952677,K3am-2021-07-13_17-00.WAV,2021 Kern 3,2021,7,13,17,0,sp11,Simple Call,16.186666666666667,16.933333333333334,2250,13687.5,24000,(not validated),https://rfcx-streams-production.s3.eu-west-1.amazonaws.com/2021/07/14/81cqy10ep7pa/0af3f196-b790-4dfe-ad79-47008dc98c79.flac?AWSAccessKeyId=AKIA45B7YWBX7MUJ7QCX&Expires=1719836144&Signature=MmZyuRtFuKOMt8ZYiJLdUT5%2FjdA%3D,0.2076950810495035,24641
721952678,K3am-2021-07-14_08-40.WAV,2021 Kern 3,2021,7,14,8,40,sp11,Simple Call,46.72533333333333,47.472,2250,13687.5,24000,(not validated),https://rfcx-streams-production.s3.eu-west-1.amazonaws.com/2021/07/14/81cqy10ep7pa/7f405218-f997-45b3-a8c0-6cb563a2f58f.flac?AWSAccessKeyId=AKIA45B7YWBX7MUJ7QCX&Expires=1719836144&Signature=evfG6AKykMUmKgwccQHFj9301bE%3D,0.22216754127730284,24641
721953110,K3am-2021-06-23_06-20.WAV,2021 Kern 3,2021,6,23,6,20,sp11,Simple Call,14.992,15.738666666666667,2250,13687.5,24000,(not validated),https://rfcx-streams-production.s3.eu-west-1.amazonaws.com/2021/06/23/81cqy10ep7pa/0ba31d14-fbc4-4a70-aed2-3203612f8e0c.flac?AWSAccessKeyId=AKIA45B7YWBX7MUJ7QCX&Expires=1719836144&Signature=P29TEBAAnvEQcBoC3Xzvd%2F7U%2BE0%3D,0.22604862090572236,24641
721953111,K3am-2021-06-23_08-20.WAV,2021 Kern 3,2021,6,23,8,20,sp11,Simple Call,39.754666666666665,40.501333333333335,2250,13687.5,24000,(not validated),https://rfcx-streams-production.s3.eu-west-1.amazonaws.com/2021/06/23/81cqy10ep7pa/3406dfa6-1acd-4921-a796-de148243f44e.flac?AWSAccessKeyId=AKIA45B7YWBX7MUJ7QCX&Expires=1719836144&Signature=dx0fI7ue1X1fcp9vLFZJnWh5ggs%3D,0.24622524025749593,24641
721953112,K3am-2021-06-22_20-00.WAV,2021 Kern 3,2021,6,22,20,0,sp11,Simple Call,3.6586666666666665,4.405333333333333,2250,13687.5,24000,(not validated),https://rfcx-streams-production.s3.eu-west-1.amazonaws.com/2021/06/23/81cqy10ep7pa/b1fc3238-8375-4876-b26c-4591831f7e4a.flac?AWSAccessKeyId=AKIA45B7YWBX7MUJ7QCX&Expires=1719836144&Signature=pE5sqHlOzYHEY41RFENJF7dF0VI%3D,0.22709160876244844,24641
721953113,K3am-2021-06-23_19-20.WAV,2021 Kern 3,2021,6,23,19,20,sp11,Simple Call,8.021333333333333,8.768,2250,13687.5,24000,(not validated),https://rfcx-streams-production.s3.eu-west-1.amazonaws.com/2021/06/24/81cqy10ep7pa/34ee2bc4-bace-4676-8752-07087bda6fa0.flac?AWSAccessKeyId=AKIA45B7YWBX7MUJ7QCX&Expires=1719836144&Signature=ZIW0B7R5Zgu3yEdwppqqkuU1mGI%3D,0.2095528090417721,24641
721953114,K3am-2021-06-24_07-40.WAV,2021 Kern 3,2021,6,24,7,40,sp11,Simple Call,25.834666666666667,26.581333333333333,2250,13687.5,24000,(not validated),https://rfcx-streams-production.s3.eu-west-1.amazonaws.com/2021/06/24/81cqy10ep7pa/c7574342-72a9-4ba4-aa34-f56d4db5280d.flac?AWSAccessKeyId=AKIA45B7YWBX7MUJ7QCX&Expires=1719836144&Signature=d7RU3XPqR3r%2FeZmph0hCRzy2b5M%3D,0.22326437888396214,24641
721953115,K3am-2021-06-23_10-00.WAV,2021 Kern 3,2021,6,23,10,0,sp11,Simple Call,17.386666666666667,18.133333333333333,2250,13687.5,24000,(not validated),https://rfcx-streams-production.s3.eu-west-1.amazonaws.com/2021/06/23/81cqy10ep7pa/b9e72d6f-6778-4a37-9174-67473c5c8eb7.flac?AWSAccessKeyId=AKIA45B7YWBX7MUJ7QCX&Expires=1719836144&Signature=MfeR8VUKb4GdQspODcejOYG%2F0rw%3D,0.2236338278236876,24641
721953116,K3am-2021-06-24_06-00.WAV,2021 Kern 3,2021,6,24,6,0,sp11,Simple Call,19.221333333333334,19.968,2250,13687.5,24000,(not validated),https://rfcx-streams-production.s3.eu-west-1.amazonaws.com/2021/06/24/81cqy10ep7pa/202f0e32-1b06-496a-aad5-affea95d6581.flac?AWSAccessKeyId=AKIA45B7YWBX7MUJ7QCX&Expires=1719836144&Signature=ROcFIwJgTc8yAvFU%2Bu3FPRswCh0%3D,0.206291756506839,24641
721953117,K3am-2021-06-24_07-00.WAV,2021 Kern 3,2021,6,24,7,0,sp11,Simple Call,7.370666666666667,8.117333333333333,2250,13687.5,24000,(not validated),https://rfcx-streams-production.s3.eu-west-1.amazonaws.com/2021/06/24/81cqy10ep7pa/c5bfaa5d-9cd2-4008-86e4-a0f7ef135faf.flac?AWSAccessKeyId=AKIA45B7YWBX7MUJ7QCX&Expires=1719836144&Signature=Z9CB0eYQjvCskJLbhWBeZZIGxzA%3D,0.20124099978025473,24641
721953118,K3am-2021-06-24_10-00.WAV,2021 Kern 3,2021,6,24,10,0,sp11,Simple Call,58.82666666666667,59.57333333333333,2250,13687.5,24000,(not validated),https://rfcx-streams-production.s3.eu-west-1.amazonaws.com/2021/06/24/81cqy10ep7pa/24525abe-265f-4b01-9a8e-31bf755b9472.flac?AWSAccessKeyId=AKIA45B7YWBX7MUJ7QCX&Expires=1719836144&Signature=ERYf20wjdNk8lEfE8%2Fec1Oumiv4%3D,0.3180401849769925,24641
721953119,K3am-2021-06-24_14-40.WAV,2021 Kern 3,2021,6,24,14,40,sp11,Simple Call,2.7626666666666666,3.509333333333333,2250,13687.5,24000,(not validated),https://rfcx-streams-production.s3.eu-west-1.amazonaws.com/2021/06/24/81cqy10ep7pa/09412e9a-e65e-4b0c-bdc7-264c982e560a.flac?AWSAccessKeyId=AKIA45B7YWBX7MUJ7QCX&Expires=1719836144&Signature=A%2BYsONGwjthXHlouUWZgWBpYUPQ%3D,0.2641871636591434,24641
721953120,K3am-2021-06-24_08-00.WAV,2021 Kern 3,2021,6,24,8,0,sp11,Simple Call,29.914666666666665,30.661333333333335,2250,13687.5,24000,(not validated),https://rfcx-streams-production.s3.eu-west-1.amazonaws.com/2021/06/24/81cqy10ep7pa/6b2180cb-936f-456e-8cbe-b9690425eec1.flac?AWSAccessKeyId=AKIA45B7YWBX7MUJ7QCX&Expires=1719836144&Signature=u04JReTzbCGs%2FT9ottBqmtVmk%2Fo%3D,0.20309472983972382,24641
721953121,K3am-2021-06-25_06-20.WAV,2021 Kern 3,2021,6,25,6,20,sp11,Simple Call,39.205333333333336,39.952,2250,13687.5,24000,(not validated),https://rfcx-streams-production.s3.eu-west-1.amazonaws.com/2021/06/25/81cqy10ep7pa/bdfc91fe-b286-4931-8298-684016243c51.flac?AWSAccessKeyId=AKIA45B7YWBX7MUJ7QCX&Expires=1719836144&Signature=wiNKrw%2Fp9otVGsdF3DmW98vMKE4%3D,0.21971475217776698,24641
721953122,K3am-2021-06-24_08-20.WAV,2021 Kern 3,2021,6,24,8,20,sp11,Simple Call,48.848,49.59466666666667,2250,13687.5,24000,(not validated),https://rfcx-streams-production.s3.eu-west-1.amazonaws.com/2021/06/24/81cqy10ep7pa/0c478f13-fc22-40a0-b4f0-b4722a246db5.flac?AWSAccessKeyId=AKIA45B7YWBX7MUJ7QCX&Expires=1719836144&Signature=vOrtjvykBBpFZ1PCAGTNsJ5jRF4%3D,0.2892384389500383,24641
721953123,K3am-2021-06-25_13-00.WAV,2021 Kern 3,2021,6,25,13,0,sp11,Simple Call,32.89066666666667,33.63733333333333,2250,13687.5,24000,(not validated),https://rfcx-streams-production.s3.eu-west-1.amazonaws.com/2021/06/25/81cqy10ep7pa/e72e5593-39b5-41b2-8c11-d1972910fc87.flac?AWSAccessKeyId=AKIA45B7YWBX7MUJ7QCX&Expires=1719836144&Signature=aN4nOHUkLmrBS0QYRMWH1bAwfO0%3D,0.2107244996510775,24641
721953124,K3am-2021-06-25_08-00.WAV,2021 Kern 3,2021,6,25,8,0,sp11,Simple Call,15.162666666666667,15.909333333333333,2250,13687.5,24000,(not validated),https://rfcx-streams-production.s3.eu-west-1.amazonaws.com/2021/06/25/81cqy10ep7pa/8eb625de-d5c7-4208-aae9-ccc6501f2f53.flac?AWSAccessKeyId=AKIA45B7YWBX7MUJ7QCX&Expires=1719836144&Signature=7K2UQaNwJixI5t3T6d%2BXBJy7qFE%3D,0.268419063838756,24641
721953125,K3am-2021-06-25_10-00.WAV,2021 Kern 3,2021,6,25,10,0,sp11,Simple Call,35.312,36.05866666666667,2250,13687.5,24000,(not validated),https://rfcx-streams-production.s3.eu-west-1.amazonaws.com/2021/06/25/81cqy10ep7pa/5509c88c-903b-4fe0-a710-5adb40c1c5e4.flac?AWSAccessKeyId=AKIA45B7YWBX7MUJ7QCX&Expires=1719836144&Signature=znsV4esrBu%2Bx0UijiLnJNoC4Ra8%3D,0.20920222935922686,24641
721953126,K3am-2021-06-25_22-40.WAV,2021 Kern 3,2021,6,25,22,40,sp11,Simple Call,26.8,27.546666666666667,2250,13687.5,24000,(not validated),https://rfcx-streams-production.s3.eu-west-1.amazonaws.com/2021/06/26/81cqy10ep7pa/59554428-bf30-44e4-95cb-273f5e52361c.flac?AWSAccessKeyId=AKIA45B7YWBX7MUJ7QCX&Expires=1719836144&Signature=ZfZrMJnk70Uyod9gnObrAItiJDk%3D,0.22010475979256391,24641
721953127,K3am-2021-06-26_06-40.WAV,2021 Kern 3,2021,6,26,6,40,sp11,Simple Call,2.570666666666667,3.3173333333333335,2250,13687.5,24000,(not validated),https://rfcx-streams-production.s3.eu-west-1.amazonaws.com/2021/06/26/81cqy10ep7pa/70d2cec3-9a24-4451-9874-36baf1e695bb.flac?AWSAccessKeyId=AKIA45B7YWBX7MUJ7QCX&Expires=1719836144&Signature=O545hr45G5up11eu%2Fq%2BAwf8FV1Q%3D,0.2032863173973658,24641
721953128,K3am-2021-06-26_05-20.WAV,2021 Kern 3,2021,6,26,5,20,sp11,Simple Call,17.077333333333332,17.824,2250,13687.5,24000,(not validated),https://rfcx-streams-production.s3.eu-west-1.amazonaws.com/2021/06/26/81cqy10ep7pa/926c0b97-bd76-4a84-b351-b7c371da2f55.flac?AWSAccessKeyId=AKIA45B7YWBX7MUJ7QCX&Expires=1719836144&Signature=3f5SSAWPOXPq9C23U%2Bi1ZMXQvQ8%3D,0.2523001506854173,24641
721953129,K3am-2021-06-26_13-20.WAV,2021 Kern 3,2021,6,26,13,20,sp11,Simple Call,38.144,38.89066666666667,2250,13687.5,24000,(not validated),https://rfcx-streams-production.s3.eu-west-1.amazonaws.com/2021/06/26/81cqy10ep7pa/0d07c81e-3563-49e9-9578-ce2af3d28c14.flac?AWSAccessKeyId=AKIA45B7YWBX7MUJ7QCX&Expires=1719836144&Signature=Kw7i0Oq9lOET9I82rN1YiNjrCrA%3D,0.27813114882856665,24641
721953130,K3am-2021-06-26_09-00.WAV,2021 Kern 3,2021,6,26,9,0,sp11,Simple Call,14.592,15.338666666666667,2250,13687.5,24000,(not validated),https://rfcx-streams-production.s3.eu-west-1.amazonaws.com/2021/06/26/81cqy10ep7pa/443466b9-aa8b-4d32-ab2d-2c349b4e71a5.flac?AWSAccessKeyId=AKIA45B7YWBX7MUJ7QCX&Expires=1719836144&Signature=S7uwm%2BVG5QkjpTyAQNKe5MdGhCs%3D,0.32948559888938733,24641
721953131,K3am-2021-06-26_16-40.WAV,2021 Kern 3,2021,6,26,16,40,sp11,Simple Call,18.368,19.11466666666667,2250,13687.5,24000,(not validated),https://rfcx-streams-production.s3.eu-west-1.amazonaws.com/2021/06/26/81cqy10ep7pa/53d50bd8-6d21-4e2b-ad36-822a0c9d0bf1.flac?AWSAccessKeyId=AKIA45B7YWBX7MUJ7QCX&Expires=1719836144&Signature=tYhR9EoXC1%2B7ie%2FEk%2BiyeI74qcU%3D,0.2407783225900833,24641
721953132,K3am-2021-06-26_14-20.WAV,2021 Kern 3,2021,6,26,14,20,sp11,Simple Call,45.36,46.10666666666667,2250,13687.5,24000,(not validated),https://rfcx-streams-production.s3.eu-west-1.amazonaws.com/2021/06/26/81cqy10ep7pa/9b8ed3a0-c0fc-48f1-aa0c-14e83738ad15.flac?AWSAccessKeyId=AKIA45B7YWBX7MUJ7QCX&Expires=1719836144&Signature=WsHQtgf2QlwRnWBUDXy9npznNSo%3D,0.2643754159645878,24641
721953133,K3am-2021-06-26_07-40.WAV,2021 Kern 3,2021,6,26,7,40,sp11,Simple Call,17.221333333333334,17.968,2250,13687.5,24000,(not validated),https://rfcx-streams-production.s3.eu-west-1.amazonaws.com/2021/06/26/81cqy10ep7pa/2d59d8e2-63b4-4191-ba76-f86e1ce3a1e1.flac?AWSAccessKeyId=AKIA45B7YWBX7MUJ7QCX&Expires=1719836144&Signature=jajmEd1u1X2I8DW%2Fdul9yWlsEeU%3D,0.25816758132621326,24641
721953134,K3am-2021-06-27_07-20.WAV,2021 Kern 3,2021,6,27,7,20,sp11,Simple Call,3.952,4.698666666666667,2250,13687.5,24000,(not validated),https://rfcx-streams-production.s3.eu-west-1.amazonaws.com/2021/06/27/81cqy10ep7pa/c3ec759e-bd3d-4d89-92ff-4f8c81834fc2.flac?AWSAccessKeyId=AKIA45B7YWBX7MUJ7QCX&Expires=1719836144&Signature=ctHv8Vz2wRzDLss0IM1rodEegNc%3D,0.24150930829194645,24641
721953135,K3am-2021-06-27_12-20.WAV,2021 Kern 3,2021,6,27,12,20,sp11,Simple Call,34.128,34.87466666666667,2250,13687.5,24000,(not validated),https://rfcx-streams-production.s3.eu-west-1.amazonaws.com/2021/06/27/81cqy10ep7pa/dbb38c2a-ad3f-426b-a918-3999ec4407d5.flac?AWSAccessKeyId=AKIA45B7YWBX7MUJ7QCX&Expires=1719836144&Signature=Z0ljroTwZXuvajv8%2F9GVzMBO4ek%3D,0.2064218533804513,24641
721953136,K3am-2021-06-27_06-20.WAV,2021 Kern 3,2021,6,27,6,20,sp11,Simple Call,3.1093333333333333,3.856,2250,13687.5,24000,(not validated),https://rfcx-streams-production.s3.eu-west-1.amazonaws.com/2021/06/27/81cqy10ep7pa/8adda5c4-b8aa-46be-be21-147229944ee8.flac?AWSAccessKeyId=AKIA45B7YWBX7MUJ7QCX&Expires=1719836144&Signature=4EnsKTtgwsNwqbUiMYK0R8e6XTk%3D,0.24605781214108172,24641
721953137,K3am-2021-06-27_11-40.WAV,2021 Kern 3,2021,6,27,11,40,sp11,Simple Call,25.685333333333332,26.432,2250,13687.5,24000,(not validated),https://rfcx-streams-production.s3.eu-west-1.amazonaws.com/2021/06/27/81cqy10ep7pa/0dd0dba1-4005-4ebe-80cd-478b7d79b36a.flac?AWSAccessKeyId=AKIA45B7YWBX7MUJ7QCX&Expires=1719836144&Signature=5KNkuKRRnApG4oAhs3F8VlN8IfM%3D,0.2046170180102855,24641
721953138,K3am-2021-06-28_05-20.WAV,2021 Kern 3,2021,6,28,5,20,sp11,Simple Call,41.744,42.49066666666667,2250,13687.5,24000,(not validated),https://rfcx-streams-production.s3.eu-west-1.amazonaws.com/2021/06/28/81cqy10ep7pa/5384d92c-e235-4fb7-a7cc-5501954394a3.flac?AWSAccessKeyId=AKIA45B7YWBX7MUJ7QCX&Expires=1719836144&Signature=46Aex57febGCYGVzkspu%2FE6CPUM%3D,0.20076328984465736,24641
721955433,K3am-2021-05-31_07-00.WAV,2021 Kern 3,2021,5,31,7,0,sp11,Simple Call,40.08533333333333,40.832,2250,13687.5,24000,(not validated),https://rfcx-streams-production.s3.eu-west-1.amazonaws.com/2021/05/31/81cqy10ep7pa/4080d4b1-f226-4e98-9b50-328709454fb0.flac?AWSAccessKeyId=AKIA45B7YWBX7MUJ7QCX&Expires=1719836144&Signature=LjzY6s1F03sRsYyNiewLioyrC1M%3D,0.2398238871648116,24641
721955434,K3am-2021-05-31_07-40.WAV,2021 Kern 3,2021,5,31,7,40,sp11,Simple Call,32.944,33.690666666666665,2250,13687.5,24000,(not validated),https://rfcx-streams-production.s3.eu-west-1.amazonaws.com/2021/05/31/81cqy10ep7pa/cb9f8090-f5d0-46fb-b0f6-b2fa50e204bf.flac?AWSAccessKeyId=AKIA45B7YWBX7MUJ7QCX&Expires=1719836144&Signature=FpqLM729JuIsXiDhaeZ5FrRE5n0%3D,0.22761574931657033,24641
721955435,K3am-2021-05-30_13-20.WAV,2021 Kern 3,2021,5,30,13,20,sp11,Simple Call,46.693333333333335,47.44,2250,13687.5,24000,(not validated),https://rfcx-streams-production.s3.eu-west-1.amazonaws.com/2021/05/30/81cqy10ep7pa/1d560bc9-71bb-4211-965a-1035f6070bfb.flac?AWSAccessKeyId=AKIA45B7YWBX7MUJ7QCX&Expires=1719836144&Signature=y77rFn7lf8705iPUe%2F042ufVuZk%3D,0.21685896093000395,24641
721955436,K3am-2021-05-31_10-00.WAV,2021 Kern 3,2021,5,31,10,0,sp11,Simple Call,48.101333333333336,48.848,2250,13687.5,24000,(not validated),https://rfcx-streams-production.s3.eu-west-1.amazonaws.com/2021/05/31/81cqy10ep7pa/0cac0217-bdaa-4785-ac05-c36d4db2151c.flac?AWSAccessKeyId=AKIA45B7YWBX7MUJ7QCX&Expires=1719836144&Signature=ysb2iHx13K%2BlkQuzcDz%2BOKlSeho%3D,0.20302635530811322,24641
721955437,K3am-2021-05-31_08-40.WAV,2021 Kern 3,2021,5,31,8,40,sp11,Simple Call,22.832,23.578666666666667,2250,13687.5,24000,(not validated),https://rfcx-streams-production.s3.eu-west-1.amazonaws.com/2021/05/31/81cqy10ep7pa/8a4f2666-8a34-4190-8a1d-8511a9d786ca.flac?AWSAccessKeyId=AKIA45B7YWBX7MUJ7QCX&Expires=1719836144&Signature=lDUvw7P575BY5AqE6oMPlXFgnQw%3D,0.22221888559371147,24641
721955438,K3am-2021-05-30_18-40.WAV,2021 Kern 3,2021,5,30,18,40,sp11,Simple Call,11.92,12.666666666666666,2250,13687.5,24000,(not validated),https://rfcx-streams-production.s3.eu-west-1.amazonaws.com/2021/05/31/81cqy10ep7pa/79243c11-f0e2-45b6-b3df-215116a1a96e.flac?AWSAccessKeyId=AKIA45B7YWBX7MUJ7QCX&Expires=1719836144&Signature=OT5UN1IE4ZMEf9YC6P%2BgsPaITEU%3D,0.2371008601951971,24641
721955439,K3am-2021-05-31_09-20.WAV,2021 Kern 3,2021,5,31,9,20,sp11,Simple Call,54.14933333333333,54.896,2250,13687.5,24000,(not validated),https://rfcx-streams-production.s3.eu-west-1.amazonaws.com/2021/05/31/81cqy10ep7pa/af5141c0-89cd-4934-baa3-9557577ce86c.flac?AWSAccessKeyId=AKIA45B7YWBX7MUJ7QCX&Expires=1719836144&Signature=NxmaJsKXlMENgIi7LbzX56O8v9U%3D,0.21736999878808602,24641
721955440,K3am-2021-05-31_20-20.WAV,2021 Kern 3,2021,5,31,20,20,sp11,Simple Call,0.56,1.3066666666666666,2250,13687.5,24000,(not validated),https://rfcx-streams-production.s3.eu-west-1.amazonaws.com/2021/06/01/81cqy10ep7pa/0dfaba30-832e-4f37-b832-5bbedc468aa8.flac?AWSAccessKeyId=AKIA45B7YWBX7MUJ7QCX&Expires=1719836144&Signature=rFerCwywHr9bk1oQFlqYz9nWeZ8%3D,0.2023680245445508,24641
721955441,K3am-2021-05-30_19-40.WAV,2021 Kern 3,2021,5,30,19,40,sp11,Simple Call,4.832,5.578666666666667,2250,13687.5,24000,(not validated),https://rfcx-streams-production.s3.eu-west-1.amazonaws.com/2021/05/31/81cqy10ep7pa/7593a0db-eca0-463a-a059-fb71d7edecc7.flac?AWSAccessKeyId=AKIA45B7YWBX7MUJ7QCX&Expires=1719836144&Signature=Hm1UAat2eDjgF67UogGcgt0XXIs%3D,0.21241198050025234,24641
721955442,K3am-2021-05-31_22-20.WAV,2021 Kern 3,2021,5,31,22,20,sp11,Simple Call,22.032,22.778666666666666,2250,13687.5,24000,(not validated),https://rfcx-streams-production.s3.eu-west-1.amazonaws.com/2021/06/01/81cqy10ep7pa/919300fd-b331-46c6-bbed-2cb18f3aa499.flac?AWSAccessKeyId=AKIA45B7YWBX7MUJ7QCX&Expires=1719836144&Signature=ZB%2Fmvy5aLwCMCdlGB%2BK1P3AEWzY%3D,0.20357679632522888,24641
721955443,K3am-2021-06-01_08-20.WAV,2021 Kern 3,2021,6,1,8,20,sp11,Simple Call,1.008,1.7546666666666666,2250,13687.5,24000,(not validated),https://rfcx-streams-production.s3.eu-west-1.amazonaws.com/2021/06/01/81cqy10ep7pa/285cf98c-aa3c-4fe0-b92e-116f0226448a.flac?AWSAccessKeyId=AKIA45B7YWBX7MUJ7QCX&Expires=1719836144&Signature=fZjE1uFwfSi%2FNLri8Z7CJ14%2F15g%3D,0.2800580778496046,24641
721955444,K3am-2021-06-01_07-20.WAV,2021 Kern 3,2021,6,1,7,20,sp11,Simple Call,43.792,44.538666666666664,2250,13687.5,24000,(not validated),https://rfcx-streams-production.s3.eu-west-1.amazonaws.com/2021/06/01/81cqy10ep7pa/74eeaecf-379f-4fdb-9747-a66f55304c0e.flac?AWSAccessKeyId=AKIA45B7YWBX7MUJ7QCX&Expires=1719836144&Signature=oP8c9LYUf4ge6p3hz6ORqM5Phtc%3D,0.24357644685252558,24641
721955445,K3am-2021-06-01_07-00.WAV,2021 Kern 3,2021,6,1,7,0,sp11,Simple Call,30.528,31.27466666666667,2250,13687.5,24000,(not validated),https://rfcx-streams-production.s3.eu-west-1.amazonaws.com/2021/06/01/81cqy10ep7pa/080d7313-9f5f-4c80-9594-75c23fb39b57.flac?AWSAccessKeyId=AKIA45B7YWBX7MUJ7QCX&Expires=1719836144&Signature=Aw99iLBzK0QU9thvMvV7df6qwS4%3D,0.21966284454138393,24641
721955446,K3am-2021-05-31_19-20.WAV,2021 Kern 3,2021,5,31,19,20,sp11,Simple Call,5.824,6.570666666666667,2250,13687.5,24000,(not validated),https://rfcx-streams-production.s3.eu-west-1.amazonaws.com/2021/06/01/81cqy10ep7pa/00cb5d69-73a8-430e-a82e-5e303a6d0644.flac?AWSAccessKeyId=AKIA45B7YWBX7MUJ7QCX&Expires=1719836144&Signature=471l2M2vI99%2B3bkbdrSPTI94C6U%3D,0.20674199052534742,24641
721955447,K3am-2021-06-02_05-00.WAV,2021 Kern 3,2021,6,2,5,0,sp11,Simple Call,14.432,15.178666666666667,2250,13687.5,24000,(not validated),https://rfcx-streams-production.s3.eu-west-1.amazonaws.com/2021/06/02/81cqy10ep7pa/9f093b13-6ad8-4bd3-b98d-d26be1c82b9d.flac?AWSAccessKeyId=AKIA45B7YWBX7MUJ7QCX&Expires=1719836144&Signature=j4R4k%2FIKJskkI%2Bl2wn2nIuUBok0%3D,0.3262459108839027,24641
721955448,K3am-2021-06-02_05-40.WAV,2021 Kern 3,2021,6,2,5,40,sp11,Simple Call,29.344,30.090666666666667,2250,13687.5,24000,(not validated),https://rfcx-streams-production.s3.eu-west-1.amazonaws.com/2021/06/02/81cqy10ep7pa/1a2b2641-24c2-4a65-9cc8-c30ebf6d8ba2.flac?AWSAccessKeyId=AKIA45B7YWBX7MUJ7QCX&Expires=1719836144&Signature=XMKoUI9miqd3ogK9uF1KAXLHvvk%3D,0.2502841800640671,24641
721955449,K3am-2021-06-02_12-00.WAV,2021 Kern 3,2021,6,2,12,0,sp11,Simple Call,30.618666666666666,31.365333333333332,2250,13687.5,24000,(not validated),https://rfcx-streams-production.s3.eu-west-1.amazonaws.com/2021/06/02/81cqy10ep7pa/29543276-312f-4704-a547-cbca9f4d9ec3.flac?AWSAccessKeyId=AKIA45B7YWBX7MUJ7QCX&Expires=1719836144&Signature=4558pa3ma0CpbCt4n%2BuXc1VvOnA%3D,0.22178927921826788,24641
721955450,K3am-2021-06-02_08-00.WAV,2021 Kern 3,2021,6,2,8,0,sp11,Simple Call,53.84,54.586666666666666,2250,13687.5,24000,(not validated),https://rfcx-streams-production.s3.eu-west-1.amazonaws.com/2021/06/02/81cqy10ep7pa/02711c9f-1323-45ea-bf11-eaf69b54a9df.flac?AWSAccessKeyId=AKIA45B7YWBX7MUJ7QCX&Expires=1719836144&Signature=QAZ8W1A%2BpRxfvM7FwgbYrO5EOT8%3D,0.21452887698184586,24641
721955451,K3am-2021-06-02_05-20.WAV,2021 Kern 3,2021,6,2,5,20,sp11,Simple Call,7.664,8.410666666666666,2250,13687.5,24000,(not validated),https://rfcx-streams-production.s3.eu-west-1.amazonaws.com/2021/06/02/81cqy10ep7pa/3f3b63b8-3aa4-42b3-9fef-27b816d0f1f6.flac?AWSAccessKeyId=AKIA45B7YWBX7MUJ7QCX&Expires=1719836144&Signature=x0xjeX9frFDWUvCkaAMQDoXoKJc%3D,0.218549261456554,24641
721955452,K3am-2021-06-02_07-20.WAV,2021 Kern 3,2021,6,2,7,20,sp11,Simple Call,22.709333333333333,23.456,2250,13687.5,24000,(not validated),https://rfcx-streams-production.s3.eu-west-1.amazonaws.com/2021/06/02/81cqy10ep7pa/06454f6f-43e0-4a8f-8bb0-9bd8488597dd.flac?AWSAccessKeyId=AKIA45B7YWBX7MUJ7QCX&Expires=1719836144&Signature=05lmKY5ObTDHYfrERXyZJetGL2A%3D,0.32653659599187573,24641
721955453,K3am-2021-06-01_19-40.WAV,2021 Kern 3,2021,6,1,19,40,sp11,Simple Call,10.336,11.082666666666666,2250,13687.5,24000,(not validated),https://rfcx-streams-production.s3.eu-west-1.amazonaws.com/2021/06/02/81cqy10ep7pa/3aed4c9c-fd71-479d-b99e-5f87990f32cb.flac?AWSAccessKeyId=AKIA45B7YWBX7MUJ7QCX&Expires=1719836144&Signature=XBb4I%2Be3J8vfdky0Ed%2FdWQKJ7ps%3D,0.21529334351923182,24641
721955454,K3am-2021-06-02_04-40.WAV,2021 Kern 3,2021,6,2,4,40,sp11,Simple Call,3.957333333333333,4.704,2250,13687.5,24000,(not validated),https://rfcx-streams-production.s3.eu-west-1.amazonaws.com/2021/06/02/81cqy10ep7pa/cc0e133f-713f-4f5d-b191-68a4663984f4.flac?AWSAccessKeyId=AKIA45B7YWBX7MUJ7QCX&Expires=1719836144&Signature=zsa9LicqIrJjRY5EAM%2BebQZzj%2B0%3D,0.20637611621505225,24641
721955455,K3am-2021-06-02_06-20.WAV,2021 Kern 3,2021,6,2,6,20,sp11,Simple Call,54.144,54.89066666666667,2250,13687.5,24000,(not validated),https://rfcx-streams-production.s3.eu-west-1.amazonaws.com/2021/06/02/81cqy10ep7pa/4d90d92d-0feb-4de8-9af6-109f9a91bf30.flac?AWSAccessKeyId=AKIA45B7YWBX7MUJ7QCX&Expires=1719836144&Signature=JY%2Bsslo3yK6F3Rt6p7YHlPye3CM%3D,0.20294002456921736,24641
721955456,K3am-2021-06-02_06-00.WAV,2021 Kern 3,2021,6,2,6,0,sp11,Simple Call,38.72533333333333,39.472,2250,13687.5,24000,(not validated),https://rfcx-streams-production.s3.eu-west-1.amazonaws.com/2021/06/02/81cqy10ep7pa/e3376304-2a94-4f77-bd83-2fb5c13ca39c.flac?AWSAccessKeyId=AKIA45B7YWBX7MUJ7QCX&Expires=1719836144&Signature=%2BMWcl8ucSlkinLHq6GxZQphpGKk%3D,0.22106795406380497,24641
721955457,K3am-2021-06-02_11-20.WAV,2021 Kern 3,2021,6,2,11,20,sp11,Simple Call,55.376,56.12266666666667,2250,13687.5,24000,(not validated),https://rfcx-streams-production.s3.eu-west-1.amazonaws.com/2021/06/02/81cqy10ep7pa/32f6b21f-15b5-40f4-af98-7766230cda55.flac?AWSAccessKeyId=AKIA45B7YWBX7MUJ7QCX&Expires=1719836144&Signature=rXAIEcj0FGjC3EHxVqOE4r2d4wE%3D,0.22689406949076463,24641
721955458,K3am-2021-06-02_20-40.WAV,2021 Kern 3,2021,6,2,20,40,sp11,Simple Call,42.352,43.09866666666667,2250,13687.5,24000,(not validated),https://rfcx-streams-production.s3.eu-west-1.amazonaws.com/2021/06/03/81cqy10ep7pa/98b1ac97-11d8-4cd1-91b9-29501fc95f16.flac?AWSAccessKeyId=AKIA45B7YWBX7MUJ7QCX&Expires=1719836144&Signature=S2%2B0uSeXc8%2Bg3OTJhlKd1yAa3WA%3D,0.20182555918899917,24641
721955459,K3am-2021-06-03_06-20.WAV,2021 Kern 3,2021,6,3,6,20,sp11,Simple Call,33.712,34.458666666666666,2250,13687.5,24000,(not validated),https://rfcx-streams-production.s3.eu-west-1.amazonaws.com/2021/06/03/81cqy10ep7pa/82f7bd45-3374-4369-9c60-9544053866a0.flac?AWSAccessKeyId=AKIA45B7YWBX7MUJ7QCX&Expires=1719836144&Signature=XhF8YeJUyBQXUC%2F67%2B1cLQXj8TA%3D,0.31410909453138824,24641
721955460,K3am-2021-06-03_07-40.WAV,2021 Kern 3,2021,6,3,7,40,sp11,Simple Call,41.669333333333334,42.416,2250,13687.5,24000,(not validated),https://rfcx-streams-production.s3.eu-west-1.amazonaws.com/2021/06/03/81cqy10ep7pa/a8fd808e-a668-4b54-976d-4cc53aa5c1b7.flac?AWSAccessKeyId=AKIA45B7YWBX7MUJ7QCX&Expires=1719836144&Signature=nTFhBDZitYfUzCp6Cc%2FnbRdaJjY%3D,0.2679159307132041,24641
721955461,K3am-2021-06-03_05-20.WAV,2021 Kern 3,2021,6,3,5,20,sp11,Simple Call,14.474666666666666,15.221333333333334,2250,13687.5,24000,(not validated),https://rfcx-streams-production.s3.eu-west-1.amazonaws.com/2021/06/03/81cqy10ep7pa/bacb350d-4d47-4916-bdbc-d844276369ac.flac?AWSAccessKeyId=AKIA45B7YWBX7MUJ7QCX&Expires=1719836144&Signature=NPvcJ%2BdLfGGUdit9WmY1z0RM5t4%3D,0.270988136433863,24641
721955462,K3am-2021-06-03_15-00.WAV,2021 Kern 3,2021,6,3,15,0,sp11,Simple Call,40.416,41.16266666666667,2250,13687.5,24000,(not validated),https://rfcx-streams-production.s3.eu-west-1.amazonaws.com/2021/06/03/81cqy10ep7pa/a851bdd0-adaf-48fb-b670-045da59b52e5.flac?AWSAccessKeyId=AKIA45B7YWBX7MUJ7QCX&Expires=1719836144&Signature=BinHlw%2F0g1fTZAZcv3h%2BoJa3YeE%3D,0.29815038570573643,24641
721955463,K3am-2021-06-03_10-00.WAV,2021 Kern 3,2021,6,3,10,0,sp11,Simple Call,53.216,53.962666666666664,2250,13687.5,24000,(not validated),https://rfcx-streams-production.s3.eu-west-1.amazonaws.com/2021/06/03/81cqy10ep7pa/61e40f3a-138c-46f8-b446-09ad9110131e.flac?AWSAccessKeyId=AKIA45B7YWBX7MUJ7QCX&Expires=1719836144&Signature=bLLdx8V5VZvUdQzOShhqcFpfiYU%3D,0.23873468050358543,24641
721955464,K3am-2021-06-03_05-40.WAV,2021 Kern 3,2021,6,3,5,40,sp11,Simple Call,5.898666666666666,6.645333333333333,2250,13687.5,24000,(not validated),https://rfcx-streams-production.s3.eu-west-1.amazonaws.com/2021/06/03/81cqy10ep7pa/afc5bc4a-fdcc-4b62-8266-af134bb0ae6d.flac?AWSAccessKeyId=AKIA45B7YWBX7MUJ7QCX&Expires=1719836144&Signature=tUt60S906LdFOneQlT0smT7XARE%3D,0.33575419161331094,24641
721955465,K3am-2021-06-03_11-40.WAV,2021 Kern 3,2021,6,3,11,40,sp11,Simple Call,40.096,40.842666666666666,2250,13687.5,24000,(not validated),https://rfcx-streams-production.s3.eu-west-1.amazonaws.com/2021/06/03/81cqy10ep7pa/c1d42950-8de9-49ca-b4e0-35271cd4cd60.flac?AWSAccessKeyId=AKIA45B7YWBX7MUJ7QCX&Expires=1719836144&Signature=UDDTpQoNQ6vfzqLg%2Fmt5BuJCDNo%3D,0.20521652876380153,24641
721955466,K3am-2021-06-04_05-40.WAV,2021 Kern 3,2021,6,4,5,40,sp11,Simple Call,27.653333333333332,28.4,2250,13687.5,24000,(not validated),https://rfcx-streams-production.s3.eu-west-1.amazonaws.com/2021/06/04/81cqy10ep7pa/d198058f-c920-43a4-9b5c-1ee5fc0c882e.flac?AWSAccessKeyId=AKIA45B7YWBX7MUJ7QCX&Expires=1719836144&Signature=90jpOK1l%2Bp2X04PIkF5QMyuLCHE%3D,0.25032806072565206,24641
721955467,K3am-2021-06-04_06-00.WAV,2021 Kern 3,2021,6,4,6,0,sp11,Simple Call,38.922666666666665,39.669333333333334,2250,13687.5,24000,(not validated),https://rfcx-streams-production.s3.eu-west-1.amazonaws.com/2021/06/04/81cqy10ep7pa/c0d53d3e-78b4-439f-9ec7-45b65b7d85ff.flac?AWSAccessKeyId=AKIA45B7YWBX7MUJ7QCX&Expires=1719836144&Signature=F4X92RGWiU06ZDtU1C%2BjCCW6pzI%3D,0.22258947383281,24641
721955468,K3am-2021-06-04_07-00.WAV,2021 Kern 3,2021,6,4,7,0,sp11,Simple Call,25.557333333333332,26.304,2250,13687.5,24000,(not validated),https://rfcx-streams-production.s3.eu-west-1.amazonaws.com/2021/06/04/81cqy10ep7pa/6810d026-979f-453c-8fcb-d94b59525f97.flac?AWSAccessKeyId=AKIA45B7YWBX7MUJ7QCX&Expires=1719836144&Signature=H8wte%2BgDfalRRBH%2B5cdBih0up40%3D,0.26562694802984677,24641
721955469,K3am-2021-06-04_06-20.WAV,2021 Kern 3,2021,6,4,6,20,sp11,Simple Call,51.42933333333333,52.176,2250,13687.5,24000,(not validated),https://rfcx-streams-production.s3.eu-west-1.amazonaws.com/2021/06/04/81cqy10ep7pa/2e43f852-1c5a-4765-a2ea-b68663846af8.flac?AWSAccessKeyId=AKIA45B7YWBX7MUJ7QCX&Expires=1719836144&Signature=Oq1RPFo6SxBlk%2BxMVShT8HiEltc%3D,0.2118128257889199,24641
721955470,K3am-2021-06-04_11-20.WAV,2021 Kern 3,2021,6,4,11,20,sp11,Simple Call,43.29066666666667,44.037333333333336,2250,13687.5,24000,(not validated),https://rfcx-streams-production.s3.eu-west-1.amazonaws.com/2021/06/04/81cqy10ep7pa/10f39a21-f7b5-48e0-a59f-856b857c3e84.flac?AWSAccessKeyId=AKIA45B7YWBX7MUJ7QCX&Expires=1719836144&Signature=oVOIYkcnmhf%2Bab%2FWe2yVOi5Ah9c%3D,0.2188347597868278,24641
721955471,K3am-2021-06-04_13-40.WAV,2021 Kern 3,2021,6,4,13,40,sp11,Simple Call,51.76533333333333,52.512,2250,13687.5,24000,(not validated),https://rfcx-streams-production.s3.eu-west-1.amazonaws.com/2021/06/04/81cqy10ep7pa/5cf2ea45-3381-47cb-b26a-a8b18b83718e.flac?AWSAccessKeyId=AKIA45B7YWBX7MUJ7QCX&Expires=1719836144&Signature=Gjh7Op3lgxopqCEWv%2BgPZUuzwSw%3D,0.20948919112955336,24641
721955472,K3am-2021-06-04_06-40.WAV,2021 Kern 3,2021,6,4,6,40,sp11,Simple Call,6.826666666666667,7.573333333333333,2250,13687.5,24000,(not validated),https://rfcx-streams-production.s3.eu-west-1.amazonaws.com/2021/06/04/81cqy10ep7pa/e188dd2b-e672-4c65-9bcd-fc193c28369c.flac?AWSAccessKeyId=AKIA45B7YWBX7MUJ7QCX&Expires=1719836144&Signature=lHW2hq0zvTR1VQ5LhcqHh07Gnac%3D,0.23527021776420237,24641
721955473,K3am-2021-06-04_15-40.WAV,2021 Kern 3,2021,6,4,15,40,sp11,Simple Call,27.861333333333334,28.608,2250,13687.5,24000,(not validated),https://rfcx-streams-production.s3.eu-west-1.amazonaws.com/2021/06/04/81cqy10ep7pa/0250b6c9-bdd9-4dc0-883b-abc14b43c494.flac?AWSAccessKeyId=AKIA45B7YWBX7MUJ7QCX&Expires=1719836144&Signature=HJvn3K3oIE6ivQTfP7HwkuKREA8%3D,0.22268254369915838,24641
721955474,K3am-2021-06-04_11-40.WAV,2021 Kern 3,2021,6,4,11,40,sp11,Simple Call,58.928,59.67466666666667,2250,13687.5,24000,(not validated),https://rfcx-streams-production.s3.eu-west-1.amazonaws.com/2021/06/04/81cqy10ep7pa/051c526f-cc27-4e5a-ab9c-7a6913a95f3b.flac?AWSAccessKeyId=AKIA45B7YWBX7MUJ7QCX&Expires=1719836144&Signature=K3jvPE6ghle3BEP1kwI8Zn4RXs4%3D,0.25196037614263633,24641
721955475,K3am-2021-06-04_12-00.WAV,2021 Kern 3,2021,6,4,12,0,sp11,Simple Call,54.282666666666664,55.029333333333334,2250,13687.5,24000,(not validated),https://rfcx-streams-production.s3.eu-west-1.amazonaws.com/2021/06/04/81cqy10ep7pa/b558bc03-5b16-4a3c-92fb-8559bd019154.flac?AWSAccessKeyId=AKIA45B7YWBX7MUJ7QCX&Expires=1719836144&Signature=lb%2B9tmNF1UFa8D39pYXLWyoEig0%3D,0.20576830358650872,24641
721955476,K3am-2021-06-04_20-20.WAV,2021 Kern 3,2021,6,4,20,20,sp11,Simple Call,40.34133333333333,41.088,2250,13687.5,24000,(not validated),https://rfcx-streams-production.s3.eu-west-1.amazonaws.com/2021/06/05/81cqy10ep7pa/9f4809d3-2e7d-4b8a-a7cf-9462ce29afbe.flac?AWSAccessKeyId=AKIA45B7YWBX7MUJ7QCX&Expires=1719836144&Signature=eij%2BkqLpideZ9ijfq%2BGyBf%2FY96g%3D,0.21215466876542421,24641
721955477,K3am-2021-06-04_19-20.WAV,2021 Kern 3,2021,6,4,19,20,sp11,Simple Call,25.381333333333334,26.128,2250,13687.5,24000,(not validated),https://rfcx-streams-production.s3.eu-west-1.amazonaws.com/2021/06/05/81cqy10ep7pa/f8db5ff9-41f6-4790-ad18-8e59ab1d590c.flac?AWSAccessKeyId=AKIA45B7YWBX7MUJ7QCX&Expires=1719836144&Signature=kl41Zy1s0zO4ri1n1sdGL2mPNj4%3D,0.23875333344675662,24641
721955478,K3am-2021-06-05_08-40.WAV,2021 Kern 3,2021,6,5,8,40,sp11,Simple Call,28.576,29.322666666666667,2250,13687.5,24000,(not validated),https://rfcx-streams-production.s3.eu-west-1.amazonaws.com/2021/06/05/81cqy10ep7pa/3d4b12cd-d709-4bdc-ad2f-05884265ebf9.flac?AWSAccessKeyId=AKIA45B7YWBX7MUJ7QCX&Expires=1719836144&Signature=bhwebPAg3ohBjO1Cp3Ka0jLHdNE%3D,0.20223074252074905,24641
721955479,K3am-2021-06-05_06-20.WAV,2021 Kern 3,2021,6,5,6,20,sp11,Simple Call,15.493333333333334,16.24,2250,13687.5,24000,(not validated),https://rfcx-streams-production.s3.eu-west-1.amazonaws.com/2021/06/05/81cqy10ep7pa/ca536de7-f00f-4afa-9c76-906f7b335db1.flac?AWSAccessKeyId=AKIA45B7YWBX7MUJ7QCX&Expires=1719836144&Signature=rm%2BqNCW178DFCts49NYrHbLpp2o%3D,0.23798015181131704,24641
721955850,K3am-2021-05-16_05-20.WAV,2021 Kern 3,2021,5,16,5,20,sp11,Simple Call,19.829333333333334,20.576,2250,13687.5,24000,(not validated),https://rfcx-streams-production.s3.eu-west-1.amazonaws.com/2021/05/16/81cqy10ep7pa/aa5c64ce-c0dd-41a5-862e-e69ee1f6b6ae.flac?AWSAccessKeyId=AKIA45B7YWBX7MUJ7QCX&Expires=1719836144&Signature=BL0DM9ZINxIFsV6JBD2UAVeWvLo%3D,0.26519391435758993,24641
721955851,K3am-2021-05-16_05-40.WAV,2021 Kern 3,2021,5,16,5,40,sp11,Simple Call,35.01866666666667,35.76533333333333,2250,13687.5,24000,(not validated),https://rfcx-streams-production.s3.eu-west-1.amazonaws.com/2021/05/16/81cqy10ep7pa/91359eac-10fd-44f4-86b2-b70458ec4236.flac?AWSAccessKeyId=AKIA45B7YWBX7MUJ7QCX&Expires=1719836144&Signature=h1zgmKkqVIU7jBzzzzC3fFnWXR8%3D,0.2560790986660527,24641
721955852,K3am-2021-05-16_06-20.WAV,2021 Kern 3,2021,5,16,6,20,sp11,Simple Call,29.285333333333334,30.032,2250,13687.5,24000,(not validated),https://rfcx-streams-production.s3.eu-west-1.amazonaws.com/2021/05/16/81cqy10ep7pa/9b4f47e3-9396-453e-b7c9-f5ed5e57db84.flac?AWSAccessKeyId=AKIA45B7YWBX7MUJ7QCX&Expires=1719836144&Signature=mo6n96iogfp9HHVdsc5cPU%2FwClg%3D,0.26581835399809317,24641
721955853,K3am-2021-05-16_06-00.WAV,2021 Kern 3,2021,5,16,6,0,sp11,Simple Call,38.112,38.858666666666664,2250,13687.5,24000,(not validated),https://rfcx-streams-production.s3.eu-west-1.amazonaws.com/2021/05/16/81cqy10ep7pa/e56ee83a-adbb-4f95-8544-77a01a012bd8.flac?AWSAccessKeyId=AKIA45B7YWBX7MUJ7QCX&Expires=1719836144&Signature=y14Z2CoxyUr0Ur%2Ful%2FsVVJ9nIeo%3D,0.24530598932841916,24641
721955854,K3am-2021-05-16_08-00.WAV,2021 Kern 3,2021,5,16,8,0,sp11,Simple Call,12.565333333333333,13.312,2250,13687.5,24000,(not validated),https://rfcx-streams-production.s3.eu-west-1.amazonaws.com/2021/05/16/81cqy10ep7pa/2fad87f6-e661-461b-adc7-4668c9a22ea3.flac?AWSAccessKeyId=AKIA45B7YWBX7MUJ7QCX&Expires=1719836144&Signature=fj%2BrujZlJawP%2Ba%2BMAnv1T5MzO2w%3D,0.20195826721278023,24641
721955855,K3am-2021-05-16_10-00.WAV,2021 Kern 3,2021,5,16,10,0,sp11,Simple Call,6.981333333333334,7.728,2250,13687.5,24000,(not validated),https://rfcx-streams-production.s3.eu-west-1.amazonaws.com/2021/05/16/81cqy10ep7pa/78775968-895b-436e-bb4f-5131cae5449d.flac?AWSAccessKeyId=AKIA45B7YWBX7MUJ7QCX&Expires=1719836144&Signature=nPWumChZol2x7gV5VVzUGp5SBts%3D,0.2099708867975387,24641
721955856,K3am-2021-05-16_07-20.WAV,2021 Kern 3,2021,5,16,7,20,sp11,Simple Call,33.589333333333336,34.336,2250,13687.5,24000,(not validated),https://rfcx-streams-production.s3.eu-west-1.amazonaws.com/2021/05/16/81cqy10ep7pa/837049fd-0b0a-467a-9111-17c5caf3ab37.flac?AWSAccessKeyId=AKIA45B7YWBX7MUJ7QCX&Expires=1719836144&Signature=7S%2F%2BDJvBxiS0uS5CTfXpoHlVLlo%3D,0.3469871159958433,24641
721955857,K3am-2021-05-16_07-00.WAV,2021 Kern 3,2021,5,16,7,0,sp11,Simple Call,31.530666666666665,32.27733333333333,2250,13687.5,24000,(not validated),https://rfcx-streams-production.s3.eu-west-1.amazonaws.com/2021/05/16/81cqy10ep7pa/654b1d56-f97c-486f-93db-d79fc1411903.flac?AWSAccessKeyId=AKIA45B7YWBX7MUJ7QCX&Expires=1719836144&Signature=gzNavsPEPi0eF6tKKFzjxL89RhM%3D,0.27028383692657704,24641
721955858,K3am-2021-05-16_06-40.WAV,2021 Kern 3,2021,5,16,6,40,sp11,Simple Call,20.053333333333335,20.8,2250,13687.5,24000,(not validated),https://rfcx-streams-production.s3.eu-west-1.amazonaws.com/2021/05/16/81cqy10ep7pa/ed757797-683a-4090-a7c1-701bd3f07b1a.flac?AWSAccessKeyId=AKIA45B7YWBX7MUJ7QCX&Expires=1719836144&Signature=yRFYaf2SAnuFHNxheilBQST2jN0%3D,0.26235797576512787,24641
721955859,K3am-2021-05-16_13-20.WAV,2021 Kern 3,2021,5,16,13,20,sp11,Simple Call,31.088,31.834666666666667,2250,13687.5,24000,(not validated),https://rfcx-streams-production.s3.eu-west-1.amazonaws.com/2021/05/16/81cqy10ep7pa/8b106ade-b566-4fe7-b165-8ce937e0fcfc.flac?AWSAccessKeyId=AKIA45B7YWBX7MUJ7QCX&Expires=1719836144&Signature=owuGYD2toQNAk96CZk1xF9s8GV8%3D,0.2566757944636611,24641
721955860,K3am-2021-05-16_13-00.WAV,2021 Kern 3,2021,5,16,13,0,sp11,Simple Call,35.80266666666667,36.54933333333334,2250,13687.5,24000,(not validated),https://rfcx-streams-production.s3.eu-west-1.amazonaws.com/2021/05/16/81cqy10ep7pa/71b6da31-eeaf-44fc-a6cf-18d54219087b.flac?AWSAccessKeyId=AKIA45B7YWBX7MUJ7QCX&Expires=1719836144&Signature=T5rmVXA7yMZQyEHOWLJnEZfu4J4%3D,0.20017218457265273,24641
721955861,K3am-2021-05-16_17-00.WAV,2021 Kern 3,2021,5,16,17,0,sp11,Simple Call,7.008,7.754666666666667,2250,13687.5,24000,(not validated),https://rfcx-streams-production.s3.eu-west-1.amazonaws.com/2021/05/17/81cqy10ep7pa/8ef41e19-71db-4e69-a8be-5e8760d5b80d.flac?AWSAccessKeyId=AKIA45B7YWBX7MUJ7QCX&Expires=1719836144&Signature=1YZX4Sz8HfX0oErEZ%2FytSShrUI8%3D,0.2272508088006028,24641
721955862,K3am-2021-05-16_16-40.WAV,2021 Kern 3,2021,5,16,16,40,sp11,Simple Call,20.496,21.24266666666667,2250,13687.5,24000,(not validated),https://rfcx-streams-production.s3.eu-west-1.amazonaws.com/2021/05/16/81cqy10ep7pa/271dd0aa-5ecf-420a-b9d7-338c22485604.flac?AWSAccessKeyId=AKIA45B7YWBX7MUJ7QCX&Expires=1719836144&Signature=3kicYDeav4eJLvncfnYrvrcbP0Y%3D,0.24702490276511174,24641
721955863,K3am-2021-05-16_15-00.WAV,2021 Kern 3,2021,5,16,15,0,sp11,Simple Call,23.477333333333334,24.224,2250,13687.5,24000,(not validated),https://rfcx-streams-production.s3.eu-west-1.amazonaws.com/2021/05/16/81cqy10ep7pa/ac859104-d6ce-4c9c-bb39-b096a9aedc80.flac?AWSAccessKeyId=AKIA45B7YWBX7MUJ7QCX&Expires=1719836144&Signature=okZU06mNnUue9BDyLn%2B4X8m23N4%3D,0.23725866043584107,24641
721955864,K3am-2021-05-16_19-00.WAV,2021 Kern 3,2021,5,16,19,0,sp11,Simple Call,46.58133333333333,47.328,2250,13687.5,24000,(not validated),https://rfcx-streams-production.s3.eu-west-1.amazonaws.com/2021/05/17/81cqy10ep7pa/3463104c-9eaa-4533-ba16-c2e2627d3ac7.flac?AWSAccessKeyId=AKIA45B7YWBX7MUJ7QCX&Expires=1719836144&Signature=slvLc28tgjspfGgSxcbtEXFuXgQ%3D,0.22496949400369742,24641
721955865,K3am-2021-05-16_22-40.WAV,2021 Kern 3,2021,5,16,22,40,sp11,Simple Call,53.04,53.78666666666667,2250,13687.5,24000,(not validated),https://rfcx-streams-production.s3.eu-west-1.amazonaws.com/2021/05/17/81cqy10ep7pa/f21013be-d096-4adc-bbd9-36bcea85b07d.flac?AWSAccessKeyId=AKIA45B7YWBX7MUJ7QCX&Expires=1719836144&Signature=mpWACCItoxzfsARkBYfmYjZfjgk%3D,0.2160170229115173,24641
721955866,K3am-2021-05-17_05-40.WAV,2021 Kern 3,2021,5,17,5,40,sp11,Simple Call,53.392,54.138666666666666,2250,13687.5,24000,(not validated),https://rfcx-streams-production.s3.eu-west-1.amazonaws.com/2021/05/17/81cqy10ep7pa/f3d61480-9171-4de8-9692-61b6d1afc2bf.flac?AWSAccessKeyId=AKIA45B7YWBX7MUJ7QCX&Expires=1719836144&Signature=BmWucIyKp27FZkKqKajZdw2QMQ8%3D,0.22552344239051195,24641
721955867,K3am-2021-05-17_05-20.WAV,2021 Kern 3,2021,5,17,5,20,sp11,Simple Call,41.434666666666665,42.181333333333335,2250,13687.5,24000,(not validated),https://rfcx-streams-production.s3.eu-west-1.amazonaws.com/2021/05/17/81cqy10ep7pa/c186b612-6a22-4d38-9619-ea3a7d75d174.flac?AWSAccessKeyId=AKIA45B7YWBX7MUJ7QCX&Expires=1719836144&Signature=Q7go%2Fcs%2BmYc6n01tgj512CoSFhs%3D,0.2210136509438192,24641
721955868,K3am-2021-05-17_07-00.WAV,2021 Kern 3,2021,5,17,7,0,sp11,Simple Call,33.781333333333336,34.528,2250,13687.5,24000,(not validated),https://rfcx-streams-production.s3.eu-west-1.amazonaws.com/2021/05/17/81cqy10ep7pa/c6a11e3f-2d21-4834-be8f-3b5e57e544cb.flac?AWSAccessKeyId=AKIA45B7YWBX7MUJ7QCX&Expires=1719836144&Signature=1LfJSEDhmo%2FZ4m9SmC8T6trATr4%3D,0.24595647022287923,24641
721955869,K3am-2021-05-17_06-40.WAV,2021 Kern 3,2021,5,17,6,40,sp11,Simple Call,26.554666666666666,27.301333333333332,2250,13687.5,24000,(not validated),https://rfcx-streams-production.s3.eu-west-1.amazonaws.com/2021/05/17/81cqy10ep7pa/9611c77f-34dc-4bae-8016-3d531365697b.flac?AWSAccessKeyId=AKIA45B7YWBX7MUJ7QCX&Expires=1719836144&Signature=CXkkBOjFuwb7k7gsElBQl5kW2JA%3D,0.20167708428029688,24641
721955870,K3am-2021-05-17_08-40.WAV,2021 Kern 3,2021,5,17,8,40,sp11,Simple Call,12.288,13.034666666666666,2250,13687.5,24000,(not validated),https://rfcx-streams-production.s3.eu-west-1.amazonaws.com/2021/05/17/81cqy10ep7pa/a95a28d6-539d-4c00-b616-b05fd3de7088.flac?AWSAccessKeyId=AKIA45B7YWBX7MUJ7QCX&Expires=1719836144&Signature=Q0g%2FNPa8HWwLgzmIw3wWJ9p7fO8%3D,0.23237781515227496,24641
721955871,K3am-2021-05-17_07-20.WAV,2021 Kern 3,2021,5,17,7,20,sp11,Simple Call,1.024,1.7706666666666666,2250,13687.5,24000,(not validated),https://rfcx-streams-production.s3.eu-west-1.amazonaws.com/2021/05/17/81cqy10ep7pa/8c303ac6-0256-437b-859f-25a5ec6b6787.flac?AWSAccessKeyId=AKIA45B7YWBX7MUJ7QCX&Expires=1719836144&Signature=3tdBB6GL30%2BMQgXepGP5iBmM8aA%3D,0.24814540479932481,24641
721955872,K3am-2021-05-17_10-20.WAV,2021 Kern 3,2021,5,17,10,20,sp11,Simple Call,35.178666666666665,35.925333333333334,2250,13687.5,24000,(not validated),https://rfcx-streams-production.s3.eu-west-1.amazonaws.com/2021/05/17/81cqy10ep7pa/e4911762-4135-4068-94d8-34eed4b0ab92.flac?AWSAccessKeyId=AKIA45B7YWBX7MUJ7QCX&Expires=1719836144&Signature=5%2B4UEbISPVyG61zFsYeRHZyU36Q%3D,0.2673353422101066,24641
721955873,K3am-2021-05-17_08-00.WAV,2021 Kern 3,2021,5,17,8,0,sp11,Simple Call,47.488,48.23466666666667,2250,13687.5,24000,(not validated),https://rfcx-streams-production.s3.eu-west-1.amazonaws.com/2021/05/17/81cqy10ep7pa/7c0d620b-c9cf-4fed-b4de-e5bfd4fb8bdd.flac?AWSAccessKeyId=AKIA45B7YWBX7MUJ7QCX&Expires=1719836144&Signature=QEVh9Nbbwa5MPUhOqul%2F7ZluHjo%3D,0.22766534914684763,24641
721955874,K3am-2021-05-17_08-20.WAV,2021 Kern 3,2021,5,17,8,20,sp11,Simple Call,34.93866666666667,35.68533333333333,2250,13687.5,24000,(not validated),https://rfcx-streams-production.s3.eu-west-1.amazonaws.com/2021/05/17/81cqy10ep7pa/8af7b4c8-a1e1-486a-91c6-5ae420838a9a.flac?AWSAccessKeyId=AKIA45B7YWBX7MUJ7QCX&Expires=1719836144&Signature=qzvMz3w6LJmc%2F5PTWIOAPxq89PI%3D,0.24965035900439692,24641
721955875,K3am-2021-05-17_11-00.WAV,2021 Kern 3,2021,5,17,11,0,sp11,Simple Call,56.74666666666667,57.49333333333333,2250,13687.5,24000,(not validated),https://rfcx-streams-production.s3.eu-west-1.amazonaws.com/2021/05/17/81cqy10ep7pa/e1b9e970-8a20-4870-9872-f85b54f2a06a.flac?AWSAccessKeyId=AKIA45B7YWBX7MUJ7QCX&Expires=1719836144&Signature=TNFCiLapb2W8qZzwNFFuhu09C0M%3D,0.2944260965460483,24641
721955876,K3am-2021-05-17_10-40.WAV,2021 Kern 3,2021,5,17,10,40,sp11,Simple Call,49.78666666666667,50.53333333333333,2250,13687.5,24000,(not validated),https://rfcx-streams-production.s3.eu-west-1.amazonaws.com/2021/05/17/81cqy10ep7pa/6a5ea728-1291-4df5-ae6c-b85b86ea3fbc.flac?AWSAccessKeyId=AKIA45B7YWBX7MUJ7QCX&Expires=1719836144&Signature=JUiXMMnJdULZelohgIqbv3zvzAw%3D,0.24158329333253237,24641
721955877,K3am-2021-05-17_14-20.WAV,2021 Kern 3,2021,5,17,14,20,sp11,Simple Call,36.08533333333333,36.832,2250,13687.5,24000,(not validated),https://rfcx-streams-production.s3.eu-west-1.amazonaws.com/2021/05/17/81cqy10ep7pa/e38028ab-b750-41f6-925b-6ece94649370.flac?AWSAccessKeyId=AKIA45B7YWBX7MUJ7QCX&Expires=1719836144&Signature=FwGPHR6GKCzt96ozPM2i4kPa5bU%3D,0.20456932182966567,24641
721955878,K3am-2021-05-17_12-20.WAV,2021 Kern 3,2021,5,17,12,20,sp11,Simple Call,1.8186666666666667,2.5653333333333332,2250,13687.5,24000,(not validated),https://rfcx-streams-production.s3.eu-west-1.amazonaws.com/2021/05/17/81cqy10ep7pa/071bcc65-613c-4447-a3f4-a8e243ae7552.flac?AWSAccessKeyId=AKIA45B7YWBX7MUJ7QCX&Expires=1719836144&Signature=xjactyHOQmKi87nYsFlXwHH4gho%3D,0.24162168382542243,24641
721955879,K3am-2021-05-17_15-40.WAV,2021 Kern 3,2021,5,17,15,40,sp11,Simple Call,40.437333333333335,41.184,2250,13687.5,24000,(not validated),https://rfcx-streams-production.s3.eu-west-1.amazonaws.com/2021/05/17/81cqy10ep7pa/8533a2a5-0f95-47af-9d45-6f8dd0dc15de.flac?AWSAccessKeyId=AKIA45B7YWBX7MUJ7QCX&Expires=1719836144&Signature=AmDovrkfElW%2Bwmx6yN%2BJGBGQ0H4%3D,0.21227571242944226,24641
721955880,K3am-2021-05-17_16-20.WAV,2021 Kern 3,2021,5,17,16,20,sp11,Simple Call,40.672,41.41866666666667,2250,13687.5,24000,(not validated),https://rfcx-streams-production.s3.eu-west-1.amazonaws.com/2021/05/17/81cqy10ep7pa/f77247ed-05c1-484e-9449-63dced86693a.flac?AWSAccessKeyId=AKIA45B7YWBX7MUJ7QCX&Expires=1719836144&Signature=%2FFK%2BfaMRSPJUDLUKji8PYGpjq2w%3D,0.3014301667166149,24641
721955881,K3am-2021-05-18_05-00.WAV,2021 Kern 3,2021,5,18,5,0,sp11,Simple Call,51.04533333333333,51.792,2250,13687.5,24000,(not validated),https://rfcx-streams-production.s3.eu-west-1.amazonaws.com/2021/05/18/81cqy10ep7pa/ea2461ea-2fd4-4c12-ba4e-5c01b0f01e84.flac?AWSAccessKeyId=AKIA45B7YWBX7MUJ7QCX&Expires=1719836144&Signature=Vhx9dKLWjU1HeonWOPMmCtJF%2B8M%3D,0.2858129025318867,24641
721955882,K3am-2021-05-18_05-40.WAV,2021 Kern 3,2021,5,18,5,40,sp11,Simple Call,5.690666666666667,6.437333333333333,2250,13687.5,24000,(not validated),https://rfcx-streams-production.s3.eu-west-1.amazonaws.com/2021/05/18/81cqy10ep7pa/d549d193-3fa9-491f-b76c-92e54f02ff7f.flac?AWSAccessKeyId=AKIA45B7YWBX7MUJ7QCX&Expires=1719836144&Signature=fQ1HIu8DVyv9PWXZIapVgmNdUmo%3D,0.2574692838560888,24641
721955883,K3am-2021-05-18_06-00.WAV,2021 Kern 3,2021,5,18,6,0,sp11,Simple Call,49.14666666666667,49.89333333333333,2250,13687.5,24000,(not validated),https://rfcx-streams-production.s3.eu-west-1.amazonaws.com/2021/05/18/81cqy10ep7pa/938f0842-0581-430c-b001-39544140c0d6.flac?AWSAccessKeyId=AKIA45B7YWBX7MUJ7QCX&Expires=1719836144&Signature=Ts8iCuN1ORKa1SKXLXITfwfk4Mg%3D,0.26711946289744465,24641
721955884,K3am-2021-05-18_09-00.WAV,2021 Kern 3,2021,5,18,9,0,sp11,Simple Call,3.296,4.042666666666666,2250,13687.5,24000,(not validated),https://rfcx-streams-production.s3.eu-west-1.amazonaws.com/2021/05/18/81cqy10ep7pa/4117f385-5435-4e5e-be45-14fac925c4f1.flac?AWSAccessKeyId=AKIA45B7YWBX7MUJ7QCX&Expires=1719836144&Signature=gSzA%2B8hZ6EK9GdFdWJMV%2FCy4yVs%3D,0.2364258419109584,24641
721955885,K3am-2021-05-18_08-40.WAV,2021 Kern 3,2021,5,18,8,40,sp11,Simple Call,50.23466666666667,50.98133333333333,2250,13687.5,24000,(not validated),https://rfcx-streams-production.s3.eu-west-1.amazonaws.com/2021/05/18/81cqy10ep7pa/0016922d-e12d-47c2-a724-adb2d67a0f6b.flac?AWSAccessKeyId=AKIA45B7YWBX7MUJ7QCX&Expires=1719836144&Signature=8KfwODjf3OFOqMGZ8uUGj%2Bv3D2g%3D,0.20766421973828622,24641
721955886,K3am-2021-05-18_08-00.WAV,2021 Kern 3,2021,5,18,8,0,sp11,Simple Call,34.266666666666666,35.013333333333335,2250,13687.5,24000,(not validated),https://rfcx-streams-production.s3.eu-west-1.amazonaws.com/2021/05/18/81cqy10ep7pa/6418d566-1221-4181-93f0-314fd921932c.flac?AWSAccessKeyId=AKIA45B7YWBX7MUJ7QCX&Expires=1719836144&Signature=iva0y77TdarQ8dXYrbmo%2Bl61crE%3D,0.23468887180219739,24641
721955887,K3am-2021-05-18_10-00.WAV,2021 Kern 3,2021,5,18,10,0,sp11,Simple Call,36.42666666666667,37.17333333333333,2250,13687.5,24000,(not validated),https://rfcx-streams-production.s3.eu-west-1.amazonaws.com/2021/05/18/81cqy10ep7pa/302cef8d-fb77-4f21-828c-cc11a9a080db.flac?AWSAccessKeyId=AKIA45B7YWBX7MUJ7QCX&Expires=1719836144&Signature=%2BTT8wCPgUer63p%2FNwZWP%2FCyA%2BBo%3D,0.3042744009066417,24641
721955888,K3am-2021-05-18_17-20.WAV,2021 Kern 3,2021,5,18,17,20,sp11,Simple Call,48.70933333333333,49.456,2250,13687.5,24000,(not validated),https://rfcx-streams-production.s3.eu-west-1.amazonaws.com/2021/05/19/81cqy10ep7pa/c98c5b47-989e-417a-a860-ce13a9c856c2.flac?AWSAccessKeyId=AKIA45B7YWBX7MUJ7QCX&Expires=1719836144&Signature=pPc6aNnWqsFNH95Ohjh0oDtiQFg%3D,0.2273848045606092,24641
721955889,K3am-2021-05-19_05-20.WAV,2021 Kern 3,2021,5,19,5,20,sp11,Simple Call,35.632,36.37866666666667,2250,13687.5,24000,(not validated),https://rfcx-streams-production.s3.eu-west-1.amazonaws.com/2021/05/19/81cqy10ep7pa/d5c0d584-f9ac-42ce-b9c4-fb1eaf5918fe.flac?AWSAccessKeyId=AKIA45B7YWBX7MUJ7QCX&Expires=1719836144&Signature=HkaXuINbPU0wkkIld%2FBA1%2FcQ1%2Bc%3D,0.27116198019020454,24641
721955890,K3am-2021-05-19_09-00.WAV,2021 Kern 3,2021,5,19,9,0,sp11,Simple Call,16.362666666666666,17.109333333333332,2250,13687.5,24000,(not validated),https://rfcx-streams-production.s3.eu-west-1.amazonaws.com/2021/05/19/81cqy10ep7pa/7b5af4e3-d15d-4def-84b8-a4f191f7143a.flac?AWSAccessKeyId=AKIA45B7YWBX7MUJ7QCX&Expires=1719836144&Signature=PWBTufxEuJqVNqoyzld7ZuSeA1k%3D,0.216475631693145,24641
721955891,K3am-2021-05-19_04-40.WAV,2021 Kern 3,2021,5,19,4,40,sp11,Simple Call,4.261333333333333,5.008,2250,13687.5,24000,(not validated),https://rfcx-streams-production.s3.eu-west-1.amazonaws.com/2021/05/19/81cqy10ep7pa/45ecf072-923d-485f-bf85-4d41720640c5.flac?AWSAccessKeyId=AKIA45B7YWBX7MUJ7QCX&Expires=1719836144&Signature=ZuDW0Hmhznr3r3Jeu08bSv5crKY%3D,0.2306393897689214,24641
721955892,K3am-2021-05-19_06-40.WAV,2021 Kern 3,2021,5,19,6,40,sp11,Simple Call,45.84,46.586666666666666,2250,13687.5,24000,(not validated),https://rfcx-streams-production.s3.eu-west-1.amazonaws.com/2021/05/19/81cqy10ep7pa/d9e4f52c-4d5a-48fb-86f7-cc1290bb489f.flac?AWSAccessKeyId=AKIA45B7YWBX7MUJ7QCX&Expires=1719836144&Signature=vE7B8Lc8NFes0sNZDuOxdHTPmoc%3D,0.2088556562235204,24641
721955893,K3am-2021-05-19_07-20.WAV,2021 Kern 3,2021,5,19,7,20,sp11,Simple Call,28.816,29.562666666666665,2250,13687.5,24000,(not validated),https://rfcx-streams-production.s3.eu-west-1.amazonaws.com/2021/05/19/81cqy10ep7pa/15ff1d49-f620-4c9d-aa8f-96f212fe9741.flac?AWSAccessKeyId=AKIA45B7YWBX7MUJ7QCX&Expires=1719836144&Signature=I5zmsr%2BgHL2pkHODqLbS6Np0QQc%3D,0.28706789038231484,24641
721955894,K3am-2021-05-19_09-40.WAV,2021 Kern 3,2021,5,19,9,40,sp11,Simple Call,30.469333333333335,31.216,2250,13687.5,24000,(not validated),https://rfcx-streams-production.s3.eu-west-1.amazonaws.com/2021/05/19/81cqy10ep7pa/0bd0a8bc-c93b-4073-abae-4926858a150a.flac?AWSAccessKeyId=AKIA45B7YWBX7MUJ7QCX&Expires=1719836144&Signature=veq3JHYEfltkked3FJaK4Vmpn%2BY%3D,0.2669823178667195,24641
721955895,K3am-2021-05-19_13-20.WAV,2021 Kern 3,2021,5,19,13,20,sp11,Simple Call,20.586666666666666,21.333333333333332,2250,13687.5,24000,(not validated),https://rfcx-streams-production.s3.eu-west-1.amazonaws.com/2021/05/19/81cqy10ep7pa/a0b088a7-f862-469b-b7b2-26ceca6cd76b.flac?AWSAccessKeyId=AKIA45B7YWBX7MUJ7QCX&Expires=1719836144&Signature=x0sbp2oQ70Bg%2Bmxzz9A3rstEbuo%3D,0.20320633121414572,24641
721955896,K3am-2021-05-20_07-40.WAV,2021 Kern 3,2021,5,20,7,40,sp11,Simple Call,5.397333333333333,6.144,2250,13687.5,24000,(not validated),https://rfcx-streams-production.s3.eu-west-1.amazonaws.com/2021/05/20/81cqy10ep7pa/568b2458-5e08-4415-ae10-031248875be4.flac?AWSAccessKeyId=AKIA45B7YWBX7MUJ7QCX&Expires=1719836144&Signature=YIoWDDV6w6ghsamXqiEPdDS2w7c%3D,0.24331389479137674,24641
721958571,K3am-2021-07-11_08-40.WAV,2021 Kern 3,2021,7,11,8,40,sp11,Simple Call,49.898666666666664,50.64533333333333,2250,13687.5,24000,(not validated),https://rfcx-streams-production.s3.eu-west-1.amazonaws.com/2021/07/11/81cqy10ep7pa/6f6ce5b3-172e-4874-9ffa-4259ae68909f.flac?AWSAccessKeyId=AKIA45B7YWBX7MUJ7QCX&Expires=1719836144&Signature=tif6st1BsRpfxd6by4JaA3ENjEQ%3D,0.23524478187914416,24641
721958572,K3am-2021-07-11_17-40.WAV,2021 Kern 3,2021,7,11,17,40,sp11,Simple Call,53.72266666666667,54.46933333333333,2250,13687.5,24000,(not validated),https://rfcx-streams-production.s3.eu-west-1.amazonaws.com/2021/07/12/81cqy10ep7pa/711f9fd2-330a-4746-9ef3-15b87578b151.flac?AWSAccessKeyId=AKIA45B7YWBX7MUJ7QCX&Expires=1719836144&Signature=5ofB33liB1p%2Flf51mxYv5%2BpcO%2F8%3D,0.23763966706388728,24641
721958573,K3am-2021-07-10_09-40.WAV,2021 Kern 3,2021,7,10,9,40,sp11,Simple Call,36.346666666666664,37.093333333333334,2250,13687.5,24000,(not validated),https://rfcx-streams-production.s3.eu-west-1.amazonaws.com/2021/07/10/81cqy10ep7pa/72dd09d8-2fce-4a67-84d4-81af661aa92e.flac?AWSAccessKeyId=AKIA45B7YWBX7MUJ7QCX&Expires=1719836144&Signature=2c79TB7ARVP0JDlsUHcrYfIjN%2Bo%3D,0.20047382497870433,24641
721958574,K3am-2021-07-11_09-40.WAV,2021 Kern 3,2021,7,11,9,40,sp11,Simple Call,30.944,31.690666666666665,2250,13687.5,24000,(not validated),https://rfcx-streams-production.s3.eu-west-1.amazonaws.com/2021/07/11/81cqy10ep7pa/59adc183-961f-44ee-95d4-dc6fdbec3449.flac?AWSAccessKeyId=AKIA45B7YWBX7MUJ7QCX&Expires=1719836144&Signature=2QXWXRbkE8EiTKkyOTofRPDt96U%3D,0.20347072827261284,24641
721958575,K3am-2021-07-10_06-00.WAV,2021 Kern 3,2021,7,10,6,0,sp11,Simple Call,56.778666666666666,57.525333333333336,2250,13687.5,24000,(not validated),https://rfcx-streams-production.s3.eu-west-1.amazonaws.com/2021/07/10/81cqy10ep7pa/e81b6603-780d-47bc-901a-22daee115fac.flac?AWSAccessKeyId=AKIA45B7YWBX7MUJ7QCX&Expires=1719836144&Signature=PpxFKxP7D7Fo4KWBNJyY0oCH0Bw%3D,0.2092091246287382,24641
721958576,K3am-2021-07-11_08-20.WAV,2021 Kern 3,2021,7,11,8,20,sp11,Simple Call,15.392,16.138666666666666,2250,13687.5,24000,(not validated),https://rfcx-streams-production.s3.eu-west-1.amazonaws.com/2021/07/11/81cqy10ep7pa/4bc0185b-4003-4be9-a289-521a82c3a062.flac?AWSAccessKeyId=AKIA45B7YWBX7MUJ7QCX&Expires=1719836144&Signature=XH3nqgZnjY6kiUd6yq8Uoz%2FN%2Bds%3D,0.21195650864255255,24641
721958577,K3am-2021-07-10_10-40.WAV,2021 Kern 3,2021,7,10,10,40,sp11,Simple Call,45.81333333333333,46.56,2250,13687.5,24000,(not validated),https://rfcx-streams-production.s3.eu-west-1.amazonaws.com/2021/07/10/81cqy10ep7pa/005531a3-e67a-4bc9-bc79-12f17b315dec.flac?AWSAccessKeyId=AKIA45B7YWBX7MUJ7QCX&Expires=1719836144&Signature=8peX7dFA1FQEmWB5ru0nVDV4nd0%3D,0.21232840161998034,24641
721958578,K3am-2021-07-09_09-20.WAV,2021 Kern 3,2021,7,9,9,20,sp11,Simple Call,24.709333333333333,25.456,2250,13687.5,24000,(not validated),https://rfcx-streams-production.s3.eu-west-1.amazonaws.com/2021/07/09/81cqy10ep7pa/8cc328cf-4230-4fa4-a866-848c3d713339.flac?AWSAccessKeyId=AKIA45B7YWBX7MUJ7QCX&Expires=1719836144&Signature=rLcebnQCL2bgr73AsGsz4Xq0qHg%3D,0.2666609732025429,24641
721958579,K3am-2021-07-07_10-40.WAV,2021 Kern 3,2021,7,7,10,40,sp11,Simple Call,57.008,57.754666666666665,2250,13687.5,24000,(not validated),https://rfcx-streams-production.s3.eu-west-1.amazonaws.com/2021/07/07/81cqy10ep7pa/ebc4e795-c367-4566-b24e-9a42c834d0f3.flac?AWSAccessKeyId=AKIA45B7YWBX7MUJ7QCX&Expires=1719836144&Signature=szj52%2BHEx5sJAPRemHS4ZWiSDAE%3D,0.22467093629672172,24641
721958580,K3am-2021-07-08_14-20.WAV,2021 Kern 3,2021,7,8,14,20,sp11,Simple Call,28.784,29.530666666666665,2250,13687.5,24000,(not validated),https://rfcx-streams-production.s3.eu-west-1.amazonaws.com/2021/07/08/81cqy10ep7pa/f6c4bfe6-81fd-4685-86ae-ee2566b7f0d4.flac?AWSAccessKeyId=AKIA45B7YWBX7MUJ7QCX&Expires=1719836144&Signature=IgtHtzvDaedNXLWm%2BtP8%2FbVLu5U%3D,0.29862175985270034,24641
721958581,K3am-2021-07-06_06-00.WAV,2021 Kern 3,2021,7,6,6,0,sp11,Simple Call,17.653333333333332,18.4,2250,13687.5,24000,(not validated),https://rfcx-streams-production.s3.eu-west-1.amazonaws.com/2021/07/06/81cqy10ep7pa/b23288bd-9319-4923-8c0d-fdc590670b2c.flac?AWSAccessKeyId=AKIA45B7YWBX7MUJ7QCX&Expires=1719836144&Signature=c%2BSIPfEs%2BrisH6bHhcU8b%2FJAATA%3D,0.29688971908040906,24641
721958582,K3am-2021-07-04_05-40.WAV,2021 Kern 3,2021,7,4,5,40,sp11,Simple Call,36.34133333333333,37.088,2250,13687.5,24000,(not validated),https://rfcx-streams-production.s3.eu-west-1.amazonaws.com/2021/07/04/81cqy10ep7pa/1841f416-11de-4d1e-961c-f855b69ca9d0.flac?AWSAccessKeyId=AKIA45B7YWBX7MUJ7QCX&Expires=1719836144&Signature=BWINW6n%2FpCLNxfDN3wG7NePnV5s%3D,0.20452310288507378,24641
721958583,K3am-2021-07-07_14-00.WAV,2021 Kern 3,2021,7,7,14,0,sp11,Simple Call,6.357333333333333,7.104,2250,13687.5,24000,(not validated),https://rfcx-streams-production.s3.eu-west-1.amazonaws.com/2021/07/07/81cqy10ep7pa/8305279a-0260-4528-a661-c37e19a8f178.flac?AWSAccessKeyId=AKIA45B7YWBX7MUJ7QCX&Expires=1719836144&Signature=LY1BRMjZZUTa1NZ3g%2FTa%2BaQLvr8%3D,0.21773277713314013,24641
721958584,K3am-2021-07-05_13-40.WAV,2021 Kern 3,2021,7,5,13,40,sp11,Simple Call,31.925333333333334,32.672,2250,13687.5,24000,(not validated),https://rfcx-streams-production.s3.eu-west-1.amazonaws.com/2021/07/05/81cqy10ep7pa/0385159f-adf6-428d-9c16-96a5fe203d53.flac?AWSAccessKeyId=AKIA45B7YWBX7MUJ7QCX&Expires=1719836144&Signature=jbooLNHZAF5aPKn5hIe89Ng2Cuo%3D,0.2100121700344578,24641
721958585,K3am-2021-07-04_09-20.WAV,2021 Kern 3,2021,7,4,9,20,sp11,Simple Call,34.037333333333336,34.784,2250,13687.5,24000,(not validated),https://rfcx-streams-production.s3.eu-west-1.amazonaws.com/2021/07/04/81cqy10ep7pa/bf8178bd-9201-4866-82aa-063d9e8a1634.flac?AWSAccessKeyId=AKIA45B7YWBX7MUJ7QCX&Expires=1719836144&Signature=zmjf41wpTxJiCy6qbOxIlGxMWG0%3D,0.21092637203555348,24641
721958807,K3am-2021-07-22_08-00.WAV,2021 Kern 3,2021,7,22,8,0,sp11,Simple Call,53.936,54.68266666666667,2250,13687.5,24000,(not validated),https://rfcx-streams-production.s3.eu-west-1.amazonaws.com/2021/07/22/81cqy10ep7pa/30000341-933f-4640-a7f8-c79f95c8dc03.flac?AWSAccessKeyId=AKIA45B7YWBX7MUJ7QCX&Expires=1719836144&Signature=T13vgqseC%2BX18NGt73Z6kDVVsBk%3D,0.36046554401265124,24641
721958808,K3am-2021-07-22_08-40.WAV,2021 Kern 3,2021,7,22,8,40,sp11,Simple Call,30.709333333333333,31.456,2250,13687.5,24000,(not validated),https://rfcx-streams-production.s3.eu-west-1.amazonaws.com/2021/07/22/81cqy10ep7pa/c27a5b8d-3bf4-49b5-8325-94ad4cd5a878.flac?AWSAccessKeyId=AKIA45B7YWBX7MUJ7QCX&Expires=1719836144&Signature=xevFz0a9dWCVheme%2FKOC79q0Md0%3D,0.22503506241656462,24641
721958809,K3am-2021-07-20_07-20.WAV,2021 Kern 3,2021,7,20,7,20,sp11,Simple Call,4.416,5.1626666666666665,2250,13687.5,24000,(not validated),https://rfcx-streams-production.s3.eu-west-1.amazonaws.com/2021/07/20/81cqy10ep7pa/7b3b61a3-caee-4ae4-a6bb-71485d9c34dc.flac?AWSAccessKeyId=AKIA45B7YWBX7MUJ7QCX&Expires=1719836144&Signature=S%2BB4IbiS8JljEwt6ExIPnB2izuY%3D,0.20644915202334527,24641
721958810,K3am-2021-07-21_09-00.WAV,2021 Kern 3,2021,7,21,9,0,sp11,Simple Call,58.624,59.370666666666665,2250,13687.5,24000,(not validated),https://rfcx-streams-production.s3.eu-west-1.amazonaws.com/2021/07/21/81cqy10ep7pa/86d56e56-dcb4-4abd-9425-58edf95023c7.flac?AWSAccessKeyId=AKIA45B7YWBX7MUJ7QCX&Expires=1719836144&Signature=g8xvM%2FvoD0DQNXO8oN%2FEVyZqEVA%3D,0.21494268550144766,24641
721958811,K3am-2021-07-21_07-40.WAV,2021 Kern 3,2021,7,21,7,40,sp11,Simple Call,55.97866666666667,56.72533333333333,2250,13687.5,24000,(not validated),https://rfcx-streams-production.s3.eu-west-1.amazonaws.com/2021/07/21/81cqy10ep7pa/26ac3291-21dc-4095-a536-04644c98199f.flac?AWSAccessKeyId=AKIA45B7YWBX7MUJ7QCX&Expires=1719836144&Signature=zavrhoQslfdd%2BSVmGvOMBGXy9zY%3D,0.2426158025709047,24641
721958812,K3am-2021-07-19_12-20.WAV,2021 Kern 3,2021,7,19,12,20,sp11,Simple Call,6.9013333333333335,7.648,2250,13687.5,24000,(not validated),https://rfcx-streams-production.s3.eu-west-1.amazonaws.com/2021/07/19/81cqy10ep7pa/082a1229-88dd-4284-8663-19cced77f22d.flac?AWSAccessKeyId=AKIA45B7YWBX7MUJ7QCX&Expires=1719836144&Signature=Sg7t3GPdmqXFEtmVOI8sB2je6YM%3D,0.3292282638628321,24641
721958813,K3am-2021-07-22_16-40.WAV,2021 Kern 3,2021,7,22,16,40,sp11,Simple Call,17.925333333333334,18.672,2250,13687.5,24000,(not validated),https://rfcx-streams-production.s3.eu-west-1.amazonaws.com/2021/07/22/81cqy10ep7pa/dd5cc7e5-e35d-4828-bf0d-200e2641a7f3.flac?AWSAccessKeyId=AKIA45B7YWBX7MUJ7QCX&Expires=1719836144&Signature=kYGt3uh41yQqt0VsRKTsGBgq42M%3D,0.2499964509538518,24641
721958814,K3am-2021-07-18_19-40.WAV,2021 Kern 3,2021,7,18,19,40,sp11,Simple Call,1.824,2.570666666666667,2250,13687.5,24000,(not validated),https://rfcx-streams-production.s3.eu-west-1.amazonaws.com/2021/07/19/81cqy10ep7pa/a6f6011c-41ff-4554-a96b-540d2d11b25c.flac?AWSAccessKeyId=AKIA45B7YWBX7MUJ7QCX&Expires=1719836144&Signature=QH68y0y44EUhljXuX7fPMbhwucE%3D,0.308537541827125,24641
721958815,K3am-2021-07-16_15-40.WAV,2021 Kern 3,2021,7,16,15,40,sp11,Simple Call,51.285333333333334,52.032,2250,13687.5,24000,(not validated),https://rfcx-streams-production.s3.eu-west-1.amazonaws.com/2021/07/16/81cqy10ep7pa/bc343a18-2859-48bc-b08f-bf6288ee8231.flac?AWSAccessKeyId=AKIA45B7YWBX7MUJ7QCX&Expires=1719836144&Signature=wZgU8gn89717TFpwgZbbhNjjIdQ%3D,0.21162563403435414,24641
721958816,K3am-2021-07-15_16-00.WAV,2021 Kern 3,2021,7,15,16,0,sp11,Simple Call,56.02133333333333,56.768,2250,13687.5,24000,(not validated),https://rfcx-streams-production.s3.eu-west-1.amazonaws.com/2021/07/15/81cqy10ep7pa/bb218688-4666-4069-8b35-f1f339f6ace8.flac?AWSAccessKeyId=AKIA45B7YWBX7MUJ7QCX&Expires=1719836144&Signature=OhygZaAV4jFX4%2BTjcOYNVBqlpcc%3D,0.23532767449446892,24641
721958817,K3am-2021-07-17_08-20.WAV,2021 Kern 3,2021,7,17,8,20,sp11,Simple Call,53.392,54.138666666666666,2250,13687.5,24000,(not validated),https://rfcx-streams-production.s3.eu-west-1.amazonaws.com/2021/07/17/81cqy10ep7pa/8218e7e3-177a-434f-8917-91f3ff025fb3.flac?AWSAccessKeyId=AKIA45B7YWBX7MUJ7QCX&Expires=1719836144&Signature=QPNEZVmQhxOegw7lCkbXXWEwxkc%3D,0.21444426119023557,24641
721958818,K3am-2021-07-15_08-00.WAV,2021 Kern 3,2021,7,15,8,0,sp11,Simple Call,24.325333333333333,25.072,2250,13687.5,24000,(not validated),https://rfcx-streams-production.s3.eu-west-1.amazonaws.com/2021/07/15/81cqy10ep7pa/0d836291-7c93-4ba0-8957-3d98a196b8af.flac?AWSAccessKeyId=AKIA45B7YWBX7MUJ7QCX&Expires=1719836144&Signature=ISieb%2BmHGFflxbAPXdOswYKBH%2FA%3D,0.21929888886101812,24641
721958819,K3am-2021-07-14_07-20.WAV,2021 Kern 3,2021,7,14,7,20,sp11,Simple Call,28.245333333333335,28.992,2250,13687.5,24000,(not validated),https://rfcx-streams-production.s3.eu-west-1.amazonaws.com/2021/07/14/81cqy10ep7pa/1ceae32f-b3af-4bbc-b701-7b85914bf1f1.flac?AWSAccessKeyId=AKIA45B7YWBX7MUJ7QCX&Expires=1719836144&Signature=9WlITOHguCMcYN%2B%2BnUBQ%2FQI%2BFP4%3D,0.2349115268470453,24641
721958820,K3am-2021-07-15_01-20.WAV,2021 Kern 3,2021,7,15,1,20,sp11,Simple Call,1.7866666666666666,2.533333333333333,2250,13687.5,24000,(not validated),https://rfcx-streams-production.s3.eu-west-1.amazonaws.com/2021/07/15/81cqy10ep7pa/fba25cc8-1ace-40bc-aa0e-0e4c7606198e.flac?AWSAccessKeyId=AKIA45B7YWBX7MUJ7QCX&Expires=1719836144&Signature=b5%2BVB85CEyONVI8SaUEnp6dUNSo%3D,0.2083213747293256,24641
721958821,K3am-2021-07-14_07-00.WAV,2021 Kern 3,2021,7,14,7,0,sp11,Simple Call,37.09866666666667,37.845333333333336,2250,13687.5,24000,(not validated),https://rfcx-streams-production.s3.eu-west-1.amazonaws.com/2021/07/14/81cqy10ep7pa/ff951c70-e719-414a-ad82-adef92650139.flac?AWSAccessKeyId=AKIA45B7YWBX7MUJ7QCX&Expires=1719836144&Signature=45i8B61iJZWJl6lmJCMAzqGIaEA%3D,0.2325762850863005,24641
721959404,K3am-2021-04-30_11-00.WAV,2021 Kern 3,2021,4,30,11,0,sp11,Simple Call,22.117333333333335,22.864,2250,13687.5,24000,(not validated),https://rfcx-streams-production.s3.eu-west-1.amazonaws.com/2021/04/30/81cqy10ep7pa/7a01a530-abba-48fc-9629-8be9333d877d.flac?AWSAccessKeyId=AKIA45B7YWBX7MUJ7QCX&Expires=1719836144&Signature=J2aeH5%2FJQ8M4Rfa00CSVbt4aE0g%3D,0.2500142281634316,24641
721959405,K3am-2021-04-14_18-40.WAV,2021 Kern 3,2021,4,14,18,40,sp11,Simple Call,45.413333333333334,46.16,2250,13687.5,24000,(not validated),https://rfcx-streams-production.s3.eu-west-1.amazonaws.com/2021/04/15/81cqy10ep7pa/514e240c-a02a-4034-a1bf-009a8b606b8e.flac?AWSAccessKeyId=AKIA45B7YWBX7MUJ7QCX&Expires=1719836144&Signature=9n2MIxU2otm6V1Dv5dFteTj2q%2Fo%3D,0.22336087471932597,24641
721959406,K3am-2021-05-12_08-00.WAV,2021 Kern 3,2021,5,12,8,0,sp11,Simple Call,19.077333333333332,19.824,2250,13687.5,24000,(not validated),https://rfcx-streams-production.s3.eu-west-1.amazonaws.com/2021/05/12/81cqy10ep7pa/e9e5d41c-1e61-4463-8b87-a93c6e4ae544.flac?AWSAccessKeyId=AKIA45B7YWBX7MUJ7QCX&Expires=1719836144&Signature=GfJtVta2R2aFilUMRfx7o%2FU7Xvg%3D,0.26926582123286685,24641
721959407,K3am-2021-05-12_06-20.WAV,2021 Kern 3,2021,5,12,6,20,sp11,Simple Call,40.912,41.65866666666667,2250,13687.5,24000,(not validated),https://rfcx-streams-production.s3.eu-west-1.amazonaws.com/2021/05/12/81cqy10ep7pa/c674971e-fce3-4f14-983e-db9fed95d808.flac?AWSAccessKeyId=AKIA45B7YWBX7MUJ7QCX&Expires=1719836144&Signature=j526kRXIdYbTI5cruvGSjmIasVI%3D,0.20173614298072143,24641
721959408,K3am-2021-07-29_16-00.WAV,2021 Kern 3,2021,7,29,16,0,sp11,Simple Call,30.997333333333334,31.744,2250,13687.5,24000,(not validated),https://rfcx-streams-production.s3.eu-west-1.amazonaws.com/2021/07/29/81cqy10ep7pa/03610dbb-3532-483b-9bc4-5d00eeda7b5e.flac?AWSAccessKeyId=AKIA45B7YWBX7MUJ7QCX&Expires=1719836144&Signature=WJNQNlI1keDpk3lqu64ACBevLuA%3D,0.2765897492334428,24641
721959409,K3am-2021-04-17_20-40.WAV,2021 Kern 3,2021,4,17,20,40,sp11,Simple Call,58.965333333333334,59.712,2250,13687.5,24000,(not validated),https://rfcx-streams-production.s3.eu-west-1.amazonaws.com/2021/04/18/81cqy10ep7pa/2c66d017-eacf-439e-8909-2c3748dd242a.flac?AWSAccessKeyId=AKIA45B7YWBX7MUJ7QCX&Expires=1719836144&Signature=NXW6N8PVAVeQ8D3mAOtBHzoWYcE%3D,0.20022770662324166,24641
721959410,K3am-2021-05-24_21-00.WAV,2021 Kern 3,2021,5,24,21,0,sp11,Simple Call,56.538666666666664,57.285333333333334,2250,13687.5,24000,(not validated),https://rfcx-streams-production.s3.eu-west-1.amazonaws.com/2021/05/25/81cqy10ep7pa/10d273b0-5981-4a8b-9217-c56909d4451a.flac?AWSAccessKeyId=AKIA45B7YWBX7MUJ7QCX&Expires=1719836144&Signature=GC5LRyjN309A96E9cClkyilsutI%3D,0.21049354099328135,24641
721959411,K3am-2021-05-25_05-00.WAV,2021 Kern 3,2021,5,25,5,0,sp11,Simple Call,17.221333333333334,17.968,2250,13687.5,24000,(not validated),https://rfcx-streams-production.s3.eu-west-1.amazonaws.com/2021/05/25/81cqy10ep7pa/6478556c-228b-4e63-a48e-da59bebccb74.flac?AWSAccessKeyId=AKIA45B7YWBX7MUJ7QCX&Expires=1719836144&Signature=IuaFPbIyS1HIkgGd9dRwHPlea8s%3D,0.21227355680541624,24641
721959412,K3am-2021-05-24_19-00.WAV,2021 Kern 3,2021,5,24,19,0,sp11,Simple Call,33.44533333333333,34.192,2250,13687.5,24000,(not validated),https://rfcx-streams-production.s3.eu-west-1.amazonaws.com/2021/05/25/81cqy10ep7pa/593a9d6e-67eb-4573-944b-3162c364f241.flac?AWSAccessKeyId=AKIA45B7YWBX7MUJ7QCX&Expires=1719836144&Signature=G3kVFVfosWBg79kwA6DP%2Bq%2B4Uoo%3D,0.2890288336160501,24641
721959413,K3am-2021-05-24_17-40.WAV,2021 Kern 3,2021,5,24,17,40,sp11,Simple Call,51.184,51.93066666666667,2250,13687.5,24000,(not validated),https://rfcx-streams-production.s3.eu-west-1.amazonaws.com/2021/05/25/81cqy10ep7pa/82eac8e4-f48f-4165-a6b7-b134e445cb20.flac?AWSAccessKeyId=AKIA45B7YWBX7MUJ7QCX&Expires=1719836144&Signature=ICmkighx6rp7SdbO1nZnDobW0Qw%3D,0.24739831582646954,24641
721959414,K3am-2021-05-25_09-00.WAV,2021 Kern 3,2021,5,25,9,0,sp11,Simple Call,6.346666666666667,7.093333333333334,2250,13687.5,24000,(not validated),https://rfcx-streams-production.s3.eu-west-1.amazonaws.com/2021/05/25/81cqy10ep7pa/483f790a-6490-4a8d-b9fa-5861ed50d599.flac?AWSAccessKeyId=AKIA45B7YWBX7MUJ7QCX&Expires=1719836144&Signature=XnGcCiDRpsncmIiLK3xJ9c7Yg5c%3D,0.24579633372229914,24641
721959415,K3am-2021-05-26_06-20.WAV,2021 Kern 3,2021,5,26,6,20,sp11,Simple Call,6.522666666666667,7.269333333333333,2250,13687.5,24000,(not validated),https://rfcx-streams-production.s3.eu-west-1.amazonaws.com/2021/05/26/81cqy10ep7pa/c5b06435-6929-4731-aa25-76be07998444.flac?AWSAccessKeyId=AKIA45B7YWBX7MUJ7QCX&Expires=1719836144&Signature=niTZeO3xVSGrZ5UDu0lJTFPrQJ8%3D,0.2900062202574943,24641
721959416,K3am-2021-05-30_20-20.WAV,2021 Kern 3,2021,5,30,20,20,sp11,Simple Call,14.869333333333334,15.616,2250,13687.5,24000,(not validated),https://rfcx-streams-production.s3.eu-west-1.amazonaws.com/2021/05/31/81cqy10ep7pa/8d4d1fe6-cdbe-45f3-915a-16024245c178.flac?AWSAccessKeyId=AKIA45B7YWBX7MUJ7QCX&Expires=1719836144&Signature=efxpd2M%2B1GhO4GFyNFzd0B3bzq8%3D,0.3045847358313863,24641
721959417,K3am-2021-05-30_05-20.WAV,2021 Kern 3,2021,5,30,5,20,sp11,Simple Call,36.416,37.16266666666667,2250,13687.5,24000,(not validated),https://rfcx-streams-production.s3.eu-west-1.amazonaws.com/2021/05/30/81cqy10ep7pa/fbf3a36f-b535-4420-a73a-1cc71596949c.flac?AWSAccessKeyId=AKIA45B7YWBX7MUJ7QCX&Expires=1719836144&Signature=JXFlZZ1U0yrHVxsEK7IZhLyvh9g%3D,0.24488622642783855,24641
721959418,K3am-2021-05-30_11-40.WAV,2021 Kern 3,2021,5,30,11,40,sp11,Simple Call,12.901333333333334,13.648,2250,13687.5,24000,(not validated),https://rfcx-streams-production.s3.eu-west-1.amazonaws.com/2021/05/30/81cqy10ep7pa/e6eeb730-1068-48ee-a831-633114185681.flac?AWSAccessKeyId=AKIA45B7YWBX7MUJ7QCX&Expires=1719836144&Signature=uWPDZgpANkRtqqZ5JYfRMu3X%2FRw%3D,0.24125918450191933,24641
721959419,K3am-2021-06-06_09-20.WAV,2021 Kern 3,2021,6,6,9,20,sp11,Simple Call,7.408,8.154666666666667,2250,13687.5,24000,(not validated),https://rfcx-streams-production.s3.eu-west-1.amazonaws.com/2021/06/06/81cqy10ep7pa/1f754536-b7b2-47dc-bc5a-130bda0252e3.flac?AWSAccessKeyId=AKIA45B7YWBX7MUJ7QCX&Expires=1719836144&Signature=UpAJ2w81xfHuOadRQPxLhAs3GDM%3D,0.20614099966885058,24641
721959420,K3am-2021-06-03_05-00.WAV,2021 Kern 3,2021,6,3,5,0,sp11,Simple Call,48.064,48.81066666666667,2250,13687.5,24000,(not validated),https://rfcx-streams-production.s3.eu-west-1.amazonaws.com/2021/06/03/81cqy10ep7pa/62706ed6-65e3-4e49-b784-c20db3151c8a.flac?AWSAccessKeyId=AKIA45B7YWBX7MUJ7QCX&Expires=1719836144&Signature=69CJh7yf0SPAgNzxU4ol%2BU1F%2BbI%3D,0.2174614645663443,24641
721959421,K3am-2021-06-06_09-40.WAV,2021 Kern 3,2021,6,6,9,40,sp11,Simple Call,57.52,58.266666666666666,2250,13687.5,24000,(not validated),https://rfcx-streams-production.s3.eu-west-1.amazonaws.com/2021/06/06/81cqy10ep7pa/e25dfe12-164b-4bca-9c5d-97d41171800b.flac?AWSAccessKeyId=AKIA45B7YWBX7MUJ7QCX&Expires=1719836144&Signature=zdaQ%2FzvcnN2aQJ%2BULIuUs6Sc3rg%3D,0.20041290741182652,24641
721959422,K3am-2021-06-06_07-40.WAV,2021 Kern 3,2021,6,6,7,40,sp11,Simple Call,35.99466666666667,36.74133333333333,2250,13687.5,24000,(not validated),https://rfcx-streams-production.s3.eu-west-1.amazonaws.com/2021/06/06/81cqy10ep7pa/6e585841-9dd4-4284-9ae3-151df3ed8c93.flac?AWSAccessKeyId=AKIA45B7YWBX7MUJ7QCX&Expires=1719836144&Signature=DjQDixq7%2FJrpeqKJwrY6C1DSL38%3D,0.23664785921147735,24641
721959423,K3am-2021-06-06_08-40.WAV,2021 Kern 3,2021,6,6,8,40,sp11,Simple Call,8.245333333333333,8.992,2250,13687.5,24000,(not validated),https://rfcx-streams-production.s3.eu-west-1.amazonaws.com/2021/06/06/81cqy10ep7pa/c9eb64a8-84b1-419b-ba4d-f4f0f9703081.flac?AWSAccessKeyId=AKIA45B7YWBX7MUJ7QCX&Expires=1719836144&Signature=EAUZCPmj%2FMOz97Mwughyas4FFbo%3D,0.22142001584734242,24641
721959424,K3am-2021-06-07_05-40.WAV,2021 Kern 3,2021,6,7,5,40,sp11,Simple Call,22.213333333333335,22.96,2250,13687.5,24000,(not validated),https://rfcx-streams-production.s3.eu-west-1.amazonaws.com/2021/06/07/81cqy10ep7pa/3a17246e-6612-47e0-92b8-da043eef0766.flac?AWSAccessKeyId=AKIA45B7YWBX7MUJ7QCX&Expires=1719836144&Signature=dkGOrqJMVWL7yJXGWoLr0PLOPwo%3D,0.26288329865407406,24641
721959425,K3am-2021-06-06_06-00.WAV,2021 Kern 3,2021,6,6,6,0,sp11,Simple Call,48.8,49.54666666666667,2250,13687.5,24000,(not validated),https://rfcx-streams-production.s3.eu-west-1.amazonaws.com/2021/06/06/81cqy10ep7pa/21e2220e-678a-448f-8b5e-d04a053a3284.flac?AWSAccessKeyId=AKIA45B7YWBX7MUJ7QCX&Expires=1719836144&Signature=zm0VOTDpVzhUXuCy8ZGyYdR6Q4s%3D,0.21528291617411405,24641
721959426,K3am-2021-06-07_20-00.WAV,2021 Kern 3,2021,6,7,20,0,sp11,Simple Call,27.557333333333332,28.304,2250,13687.5,24000,(not validated),https://rfcx-streams-production.s3.eu-west-1.amazonaws.com/2021/06/08/81cqy10ep7pa/fd3e719c-45ba-440e-ae5b-02bb5ca8d27e.flac?AWSAccessKeyId=AKIA45B7YWBX7MUJ7QCX&Expires=1719836144&Signature=c%2FFCpYm50NIvAUw1dg4lKGfIHbg%3D,0.23710316892629013,24641
721959427,K3am-2021-06-08_08-40.WAV,2021 Kern 3,2021,6,8,8,40,sp11,Simple Call,11.754666666666667,12.501333333333333,2250,13687.5,24000,(not validated),https://rfcx-streams-production.s3.eu-west-1.amazonaws.com/2021/06/08/81cqy10ep7pa/f46bd034-7e71-473c-9158-a4bf894d5a91.flac?AWSAccessKeyId=AKIA45B7YWBX7MUJ7QCX&Expires=1719836144&Signature=PknApdvwXo4%2FjBV%2Fi%2Fze6oVeQxE%3D,0.28707445841914475,24641
721959428,K3am-2021-06-08_17-40.WAV,2021 Kern 3,2021,6,8,17,40,sp11,Simple Call,51.91466666666667,52.66133333333333,2250,13687.5,24000,(not validated),https://rfcx-streams-production.s3.eu-west-1.amazonaws.com/2021/06/09/81cqy10ep7pa/5ad247c1-e707-455d-adb6-d4d30f2e96a1.flac?AWSAccessKeyId=AKIA45B7YWBX7MUJ7QCX&Expires=1719836144&Signature=4lzC0PxNGE%2FED5rI%2FIxBqtXvNYI%3D,0.2750476921360305,24641
721959429,K3am-2021-06-10_10-40.WAV,2021 Kern 3,2021,6,10,10,40,sp11,Simple Call,44.13333333333333,44.88,2250,13687.5,24000,(not validated),https://rfcx-streams-production.s3.eu-west-1.amazonaws.com/2021/06/10/81cqy10ep7pa/4a216ab1-410f-4a3c-89b2-a489ffdd6ea1.flac?AWSAccessKeyId=AKIA45B7YWBX7MUJ7QCX&Expires=1719836144&Signature=WQPVI1IkPOes4td4ADtCRctrl4A%3D,0.21826018836090882,24641
721959430,K3am-2021-06-09_11-40.WAV,2021 Kern 3,2021,6,9,11,40,sp11,Simple Call,29.754666666666665,30.501333333333335,2250,13687.5,24000,(not validated),https://rfcx-streams-production.s3.eu-west-1.amazonaws.com/2021/06/09/81cqy10ep7pa/8ba91f1b-8573-4866-a30e-8c9171f959c6.flac?AWSAccessKeyId=AKIA45B7YWBX7MUJ7QCX&Expires=1719836144&Signature=25ks3X3N7VlkzwcEC4x7ylZ7FMw%3D,0.2245736516538139,24641
721959431,K3am-2021-06-10_08-20.WAV,2021 Kern 3,2021,6,10,8,20,sp11,Simple Call,40.00533333333333,40.752,2250,13687.5,24000,(not validated),https://rfcx-streams-production.s3.eu-west-1.amazonaws.com/2021/06/10/81cqy10ep7pa/e885d4ca-b1d6-4541-9aad-90802c714be4.flac?AWSAccessKeyId=AKIA45B7YWBX7MUJ7QCX&Expires=1719836144&Signature=p78YkUzglLGgNwTXnG8JIFs0TzA%3D,0.20629889965093667,24641
721959432,K3am-2021-06-12_07-00.WAV,2021 Kern 3,2021,6,12,7,0,sp11,Simple Call,23.749333333333333,24.496,2250,13687.5,24000,(not validated),https://rfcx-streams-production.s3.eu-west-1.amazonaws.com/2021/06/12/81cqy10ep7pa/c55d1923-f335-491d-a312-27e7b34a4e8f.flac?AWSAccessKeyId=AKIA45B7YWBX7MUJ7QCX&Expires=1719836144&Signature=OASzFSnDBgDO00PXMRB1G%2FTQ0sg%3D,0.25382521454670015,24641
721959433,K3am-2021-06-11_13-00.WAV,2021 Kern 3,2021,6,11,13,0,sp11,Simple Call,5.925333333333334,6.672,2250,13687.5,24000,(not validated),https://rfcx-streams-production.s3.eu-west-1.amazonaws.com/2021/06/11/81cqy10ep7pa/4dd80e11-e5da-4033-9635-fb64a442e754.flac?AWSAccessKeyId=AKIA45B7YWBX7MUJ7QCX&Expires=1719836144&Signature=iHgmpoW6lK43yPpfa55dcLpBe%2F0%3D,0.21965200382071237,24641
721959434,K3am-2021-06-08_06-40.WAV,2021 Kern 3,2021,6,8,6,40,sp11,Simple Call,56.544,57.29066666666667,2250,13687.5,24000,(not validated),https://rfcx-streams-production.s3.eu-west-1.amazonaws.com/2021/06/08/81cqy10ep7pa/ae020681-a5fd-4f07-b294-6c39825df888.flac?AWSAccessKeyId=AKIA45B7YWBX7MUJ7QCX&Expires=1719836144&Signature=%2B2ZPCzX579eJOLIHp2dEtWvatyk%3D,0.24332522307180623,24641
721959435,K3am-2021-06-10_08-40.WAV,2021 Kern 3,2021,6,10,8,40,sp11,Simple Call,54.624,55.370666666666665,2250,13687.5,24000,(not validated),https://rfcx-streams-production.s3.eu-west-1.amazonaws.com/2021/06/10/81cqy10ep7pa/c52bc2f2-c06c-4964-9b2e-13091f541b31.flac?AWSAccessKeyId=AKIA45B7YWBX7MUJ7QCX&Expires=1719836144&Signature=naRwB2GOmkFtKR15JRyKQVCuRzM%3D,0.2734270702288407,24641
721959436,K3am-2021-06-11_20-00.WAV,2021 Kern 3,2021,6,11,20,0,sp11,Simple Call,47.024,47.77066666666666,2250,13687.5,24000,(not validated),https://rfcx-streams-production.s3.eu-west-1.amazonaws.com/2021/06/12/81cqy10ep7pa/601609f0-2cc5-4791-8f00-8edaff53027a.flac?AWSAccessKeyId=AKIA45B7YWBX7MUJ7QCX&Expires=1719836144&Signature=otUA0bXDm5Wspqccw5xNX4PwCi4%3D,0.21016488815751322,24641
721959437,K3am-2021-06-24_09-00.WAV,2021 Kern 3,2021,6,24,9,0,sp11,Simple Call,46.821333333333335,47.568,2250,13687.5,24000,(not validated),https://rfcx-streams-production.s3.eu-west-1.amazonaws.com/2021/06/24/81cqy10ep7pa/8293ba71-e11f-430c-b478-33571a95c5db.flac?AWSAccessKeyId=AKIA45B7YWBX7MUJ7QCX&Expires=1719836144&Signature=uT1rZZzae4ah6R4JW63ru6MqjSU%3D,0.28857569048977216,24641
721959438,K3am-2021-06-12_10-00.WAV,2021 Kern 3,2021,6,12,10,0,sp11,Simple Call,13.141333333333334,13.888,2250,13687.5,24000,(not validated),https://rfcx-streams-production.s3.eu-west-1.amazonaws.com/2021/06/12/81cqy10ep7pa/23d0a676-390e-4fef-b371-934688ebfaa8.flac?AWSAccessKeyId=AKIA45B7YWBX7MUJ7QCX&Expires=1719836144&Signature=%2FQPOVvsH%2F7hi75VMDqyDuFQX8to%3D,0.21558537186107993,24641
721959439,K3am-2021-06-23_08-00.WAV,2021 Kern 3,2021,6,23,8,0,sp11,Simple Call,39.70133333333333,40.448,2250,13687.5,24000,(not validated),https://rfcx-streams-production.s3.eu-west-1.amazonaws.com/2021/06/23/81cqy10ep7pa/dee09365-d975-4cc1-a7fe-abc4e60c0947.flac?AWSAccessKeyId=AKIA45B7YWBX7MUJ7QCX&Expires=1719836144&Signature=HSXmwm4kTHKmagwicZaLzWZqwlI%3D,0.22760435125995498,24641
721959440,K3am-2021-06-24_09-40.WAV,2021 Kern 3,2021,6,24,9,40,sp11,Simple Call,43.344,44.090666666666664,2250,13687.5,24000,(not validated),https://rfcx-streams-production.s3.eu-west-1.amazonaws.com/2021/06/24/81cqy10ep7pa/f1fd05ec-b973-40c0-b97d-f14763872cde.flac?AWSAccessKeyId=AKIA45B7YWBX7MUJ7QCX&Expires=1719836144&Signature=S843JRcgz90iH2XHgRqrvygxMOU%3D,0.2741243154636986,24641
721959441,K3am-2021-06-24_06-40.WAV,2021 Kern 3,2021,6,24,6,40,sp11,Simple Call,11.984,12.730666666666666,2250,13687.5,24000,(not validated),https://rfcx-streams-production.s3.eu-west-1.amazonaws.com/2021/06/24/81cqy10ep7pa/a419cdbd-14a4-460f-9a01-e918cbf7c19a.flac?AWSAccessKeyId=AKIA45B7YWBX7MUJ7QCX&Expires=1719836144&Signature=w2QBnT1OKcEMAMyfWLaVQuhG3Po%3D,0.24812886112820465,24641
721959747,K3am-2021-06-17_06-00.WAV,2021 Kern 3,2021,6,17,6,0,sp11,Simple Call,43.024,43.77066666666666,2250,13687.5,24000,(not validated),https://rfcx-streams-production.s3.eu-west-1.amazonaws.com/2021/06/17/81cqy10ep7pa/0d5972e4-9023-40af-b735-7be6181ebad5.flac?AWSAccessKeyId=AKIA45B7YWBX7MUJ7QCX&Expires=1719836144&Signature=7XF0rxAugdoS5YTaY8z61BJ3ln0%3D,0.2242379576354159,24641
721959748,K3am-2021-06-18_11-20.WAV,2021 Kern 3,2021,6,18,11,20,sp11,Simple Call,30.976,31.722666666666665,2250,13687.5,24000,(not validated),https://rfcx-streams-production.s3.eu-west-1.amazonaws.com/2021/06/18/81cqy10ep7pa/d44c170a-352d-48ea-a265-29e41b31035e.flac?AWSAccessKeyId=AKIA45B7YWBX7MUJ7QCX&Expires=1719836144&Signature=XQBl%2Bg288jxvwAsS4exhSAruK8A%3D,0.2393220574202235,24641
721959749,K3am-2021-06-18_09-00.WAV,2021 Kern 3,2021,6,18,9,0,sp11,Simple Call,0.16533333333333333,0.912,2250,13687.5,24000,(not validated),https://rfcx-streams-production.s3.eu-west-1.amazonaws.com/2021/06/18/81cqy10ep7pa/aa1b948a-7227-4f14-8afa-357283c78e1c.flac?AWSAccessKeyId=AKIA45B7YWBX7MUJ7QCX&Expires=1719836144&Signature=iwphc6SI829GH1z0%2FI6b3zjpVmA%3D,0.22444221258077482,24641
721959750,K3am-2021-06-18_20-40.WAV,2021 Kern 3,2021,6,18,20,40,sp11,Simple Call,2.304,3.050666666666667,2250,13687.5,24000,(not validated),https://rfcx-streams-production.s3.eu-west-1.amazonaws.com/2021/06/19/81cqy10ep7pa/4346e3ca-dcef-468b-baba-352a681288b3.flac?AWSAccessKeyId=AKIA45B7YWBX7MUJ7QCX&Expires=1719836144&Signature=HMchOMfLo5EvLA%2Ble5HbRwZ63BU%3D,0.20068844906973354,24641
721959751,K3am-2021-06-18_16-00.WAV,2021 Kern 3,2021,6,18,16,0,sp11,Simple Call,18.437333333333335,19.184,2250,13687.5,24000,(not validated),https://rfcx-streams-production.s3.eu-west-1.amazonaws.com/2021/06/18/81cqy10ep7pa/4d892815-a86d-4458-8cae-f8e2d7ac136c.flac?AWSAccessKeyId=AKIA45B7YWBX7MUJ7QCX&Expires=1719836144&Signature=vAi6Oq0P4rUowdrjMqQVciSIgvM%3D,0.21240940546039522,24641
721959752,K3am-2021-06-18_19-40.WAV,2021 Kern 3,2021,6,18,19,40,sp11,Simple Call,27.936,28.682666666666666,2250,13687.5,24000,(not validated),https://rfcx-streams-production.s3.eu-west-1.amazonaws.com/2021/06/19/81cqy10ep7pa/ac7b9fcf-1b5d-4810-b250-6608a9cbcd38.flac?AWSAccessKeyId=AKIA45B7YWBX7MUJ7QCX&Expires=1719836144&Signature=Xi1xwNXi9D6JT%2Be7%2F5hRQNX3aYo%3D,0.20416180488917463,24641
721959753,K3am-2021-06-18_17-20.WAV,2021 Kern 3,2021,6,18,17,20,sp11,Simple Call,22,22.746666666666666,2250,13687.5,24000,(not validated),https://rfcx-streams-production.s3.eu-west-1.amazonaws.com/2021/06/19/81cqy10ep7pa/15df385e-22ee-4975-a0f5-e1f2f06c4d8e.flac?AWSAccessKeyId=AKIA45B7YWBX7MUJ7QCX&Expires=1719836144&Signature=DUmVd6nmNGXUnBXDp3n3bPVQF8A%3D,0.21577775065243543,24641
721959754,K3am-2021-06-18_18-00.WAV,2021 Kern 3,2021,6,18,18,0,sp11,Simple Call,2.7306666666666666,3.477333333333333,2250,13687.5,24000,(not validated),https://rfcx-streams-production.s3.eu-west-1.amazonaws.com/2021/06/19/81cqy10ep7pa/c9e9e5f8-05f7-4a7e-a8d3-5970a6681cd8.flac?AWSAccessKeyId=AKIA45B7YWBX7MUJ7QCX&Expires=1719836144&Signature=hNuSnohno%2Bzc6JeO59HmXDOOpS8%3D,0.22514614237548292,24641
721959755,K3am-2021-06-17_20-00.WAV,2021 Kern 3,2021,6,17,20,0,sp11,Simple Call,19.194666666666667,19.941333333333333,2250,13687.5,24000,(not validated),https://rfcx-streams-production.s3.eu-west-1.amazonaws.com/2021/06/18/81cqy10ep7pa/1a232914-ebaf-452a-a5e7-16d4c41c7328.flac?AWSAccessKeyId=AKIA45B7YWBX7MUJ7QCX&Expires=1719836144&Signature=85doc4mrG%2FjzogShKx8%2BGOnRI8I%3D,0.21664060535585178,24641
721959756,K3am-2021-06-19_03-20.WAV,2021 Kern 3,2021,6,19,3,20,sp11,Simple Call,24.218666666666667,24.965333333333334,2250,13687.5,24000,(not validated),https://rfcx-streams-production.s3.eu-west-1.amazonaws.com/2021/06/19/81cqy10ep7pa/3b901d59-e71e-487d-bb17-27f375b22615.flac?AWSAccessKeyId=AKIA45B7YWBX7MUJ7QCX&Expires=1719836144&Signature=NSgXkaU1QpQm0heOjxKVxaKR830%3D,0.210673913161255,24641
721959757,K3am-2021-06-19_08-00.WAV,2021 Kern 3,2021,6,19,8,0,sp11,Simple Call,38.101333333333336,38.848,2250,13687.5,24000,(not validated),https://rfcx-streams-production.s3.eu-west-1.amazonaws.com/2021/06/19/81cqy10ep7pa/688f2b7a-38e6-434a-b4f9-dc79fab14485.flac?AWSAccessKeyId=AKIA45B7YWBX7MUJ7QCX&Expires=1719836144&Signature=I%2FGxJR0USKi6KLi3VsjdNiM5AqE%3D,0.22993826919604693,24641
721959758,K3am-2021-06-19_09-00.WAV,2021 Kern 3,2021,6,19,9,0,sp11,Simple Call,41.968,42.714666666666666,2250,13687.5,24000,(not validated),https://rfcx-streams-production.s3.eu-west-1.amazonaws.com/2021/06/19/81cqy10ep7pa/860613ac-1170-4d4f-b5fd-d21982772100.flac?AWSAccessKeyId=AKIA45B7YWBX7MUJ7QCX&Expires=1719836144&Signature=QlRX9SHAxkz9NfBxDbusHMzXbSQ%3D,0.2346808498668973,24641
721959759,K3am-2021-06-19_17-40.WAV,2021 Kern 3,2021,6,19,17,40,sp11,Simple Call,12.528,13.274666666666667,2250,13687.5,24000,(not validated),https://rfcx-streams-production.s3.eu-west-1.amazonaws.com/2021/06/20/81cqy10ep7pa/63d2b239-9c30-4ddf-9436-a3adb69c8fe4.flac?AWSAccessKeyId=AKIA45B7YWBX7MUJ7QCX&Expires=1719836144&Signature=JwAqeytNzhAlwslTELgN%2BKzacDU%3D,0.2244605301097,24641
721959760,K3am-2021-06-18_08-00.WAV,2021 Kern 3,2021,6,18,8,0,sp11,Simple Call,31.664,32.410666666666664,2250,13687.5,24000,(not validated),https://rfcx-streams-production.s3.eu-west-1.amazonaws.com/2021/06/18/81cqy10ep7pa/b23bc9e6-d868-4449-84ca-5a7a8f7e568d.flac?AWSAccessKeyId=AKIA45B7YWBX7MUJ7QCX&Expires=1719836144&Signature=p0whUTonKYjtJnrGvUeTuXnu99M%3D,0.21911311423755764,24641
721959761,K3am-2021-06-18_06-40.WAV,2021 Kern 3,2021,6,18,6,40,sp11,Simple Call,54.896,55.64266666666666,2250,13687.5,24000,(not validated),https://rfcx-streams-production.s3.eu-west-1.amazonaws.com/2021/06/18/81cqy10ep7pa/a8c3c02d-82f6-4f05-90f4-192c53841f0b.flac?AWSAccessKeyId=AKIA45B7YWBX7MUJ7QCX&Expires=1719836144&Signature=tRkAYnw791MhCXl7lpVAFvkzAy0%3D,0.28647019167021626,24641
721959762,K3am-2021-06-19_16-40.WAV,2021 Kern 3,2021,6,19,16,40,sp11,Simple Call,45.17333333333333,45.92,2250,13687.5,24000,(not validated),https://rfcx-streams-production.s3.eu-west-1.amazonaws.com/2021/06/19/81cqy10ep7pa/2d16a835-f85f-462d-9c98-d122567ad98c.flac?AWSAccessKeyId=AKIA45B7YWBX7MUJ7QCX&Expires=1719836144&Signature=LuZ5B%2BQOCj6YOXFL66%2F5Snnm6cw%3D,0.25354161430664823,24641
721959763,K3am-2021-06-19_15-00.WAV,2021 Kern 3,2021,6,19,15,0,sp11,Simple Call,51.968,52.714666666666666,2250,13687.5,24000,(not validated),https://rfcx-streams-production.s3.eu-west-1.amazonaws.com/2021/06/19/81cqy10ep7pa/b4cd0bcd-762f-4dd0-8798-908768127787.flac?AWSAccessKeyId=AKIA45B7YWBX7MUJ7QCX&Expires=1719836144&Signature=63SZ4bkJ8OIqwbdq7H%2FJn9UKTAs%3D,0.25204735525644834,24641
721959764,K3am-2021-06-19_14-00.WAV,2021 Kern 3,2021,6,19,14,0,sp11,Simple Call,7.12,7.866666666666666,2250,13687.5,24000,(not validated),https://rfcx-streams-production.s3.eu-west-1.amazonaws.com/2021/06/19/81cqy10ep7pa/754dbb6a-c01c-49ff-8806-4ddc11281999.flac?AWSAccessKeyId=AKIA45B7YWBX7MUJ7QCX&Expires=1719836144&Signature=ZbZg98y8Z4USkFpg7iOxECkpNjg%3D,0.20218448864618552,24641
721959765,K3am-2021-06-19_20-20.WAV,2021 Kern 3,2021,6,19,20,20,sp11,Simple Call,38.05866666666667,38.80533333333333,2250,13687.5,24000,(not validated),https://rfcx-streams-production.s3.eu-west-1.amazonaws.com/2021/06/20/81cqy10ep7pa/ea8b9034-1e23-4827-890b-d467b5265dfc.flac?AWSAccessKeyId=AKIA45B7YWBX7MUJ7QCX&Expires=1719836144&Signature=jrq%2FfbZF8b9jZCnFDFuvhf6ZjZA%3D,0.2314586754413572,24641
721959766,K3am-2021-06-19_05-20.WAV,2021 Kern 3,2021,6,19,5,20,sp11,Simple Call,17.546666666666667,18.293333333333333,2250,13687.5,24000,(not validated),https://rfcx-streams-production.s3.eu-west-1.amazonaws.com/2021/06/19/81cqy10ep7pa/47c19cb1-dff2-40bb-8af5-6661a8b74acb.flac?AWSAccessKeyId=AKIA45B7YWBX7MUJ7QCX&Expires=1719836144&Signature=sFz0XotptSI5QKHp3kYd1SpfjRI%3D,0.3086991714651429,24641
721959767,K3am-2021-06-20_06-20.WAV,2021 Kern 3,2021,6,20,6,20,sp11,Simple Call,54.256,55.00266666666667,2250,13687.5,24000,(not validated),https://rfcx-streams-production.s3.eu-west-1.amazonaws.com/2021/06/20/81cqy10ep7pa/f6dca143-ba22-419f-97e3-f941c88b3964.flac?AWSAccessKeyId=AKIA45B7YWBX7MUJ7QCX&Expires=1719836144&Signature=RLLlf%2FqzwwFi3G%2BJHYgfovv9WDs%3D,0.22962626458934818,24641
721959768,K3am-2021-06-20_08-40.WAV,2021 Kern 3,2021,6,20,8,40,sp11,Simple Call,30.032,30.778666666666666,2250,13687.5,24000,(not validated),https://rfcx-streams-production.s3.eu-west-1.amazonaws.com/2021/06/20/81cqy10ep7pa/56e06c39-c34b-4846-ad0e-e634606592b6.flac?AWSAccessKeyId=AKIA45B7YWBX7MUJ7QCX&Expires=1719836144&Signature=yGC9a3EIiTx5IExp9%2FsxcaJyzyU%3D,0.23293903570439511,24641
721959769,K3am-2021-06-19_10-20.WAV,2021 Kern 3,2021,6,19,10,20,sp11,Simple Call,53.989333333333335,54.736,2250,13687.5,24000,(not validated),https://rfcx-streams-production.s3.eu-west-1.amazonaws.com/2021/06/19/81cqy10ep7pa/006eb369-5655-4c78-abd6-f10733913e9b.flac?AWSAccessKeyId=AKIA45B7YWBX7MUJ7QCX&Expires=1719836144&Signature=rKsKcnbxKnIP8nKqC%2F5z3pEjSKw%3D,0.23774884928130696,24641
721959770,K3am-2021-06-20_07-00.WAV,2021 Kern 3,2021,6,20,7,0,sp11,Simple Call,40.112,40.858666666666664,2250,13687.5,24000,(not validated),https://rfcx-streams-production.s3.eu-west-1.amazonaws.com/2021/06/20/81cqy10ep7pa/8178bd36-a1bd-4b2d-838c-37783718c376.flac?AWSAccessKeyId=AKIA45B7YWBX7MUJ7QCX&Expires=1719836144&Signature=XvEzcfH4DNOZCKq1HMb0AS3IX%2BY%3D,0.2373686318484276,24641
721959771,K3am-2021-06-20_06-00.WAV,2021 Kern 3,2021,6,20,6,0,sp11,Simple Call,58.00533333333333,58.752,2250,13687.5,24000,(not validated),https://rfcx-streams-production.s3.eu-west-1.amazonaws.com/2021/06/20/81cqy10ep7pa/dffb4c7a-f29a-4154-9f45-b7517aa62a11.flac?AWSAccessKeyId=AKIA45B7YWBX7MUJ7QCX&Expires=1719836144&Signature=%2BpUJlZqReK6cpaPOoQnlu%2BpP6wE%3D,0.2365521332722059,24641
721959772,K3am-2021-06-20_18-00.WAV,2021 Kern 3,2021,6,20,18,0,sp11,Simple Call,2.5493333333333332,3.296,2250,13687.5,24000,(not validated),https://rfcx-streams-production.s3.eu-west-1.amazonaws.com/2021/06/21/81cqy10ep7pa/950d476d-0fb0-4be7-9d51-fb2d5b14c611.flac?AWSAccessKeyId=AKIA45B7YWBX7MUJ7QCX&Expires=1719836144&Signature=euv3vBdW0NHVoZLqX2WqmACofcM%3D,0.20117421123736626,24641
721959773,K3am-2021-06-20_16-00.WAV,2021 Kern 3,2021,6,20,16,0,sp11,Simple Call,38.565333333333335,39.312,2250,13687.5,24000,(not validated),https://rfcx-streams-production.s3.eu-west-1.amazonaws.com/2021/06/20/81cqy10ep7pa/8bd67f24-484a-4edc-a3c9-e2a00847bd03.flac?AWSAccessKeyId=AKIA45B7YWBX7MUJ7QCX&Expires=1719836144&Signature=OKfmJpGVgifU%2Fs40oIPWHPpP%2BHI%3D,0.22899534965953455,24641
721959774,K3am-2021-06-20_19-40.WAV,2021 Kern 3,2021,6,20,19,40,sp11,Simple Call,13.834666666666667,14.581333333333333,2250,13687.5,24000,(not validated),https://rfcx-streams-production.s3.eu-west-1.amazonaws.com/2021/06/21/81cqy10ep7pa/fe8f711f-0017-40d0-8a5f-40d91a74904e.flac?AWSAccessKeyId=AKIA45B7YWBX7MUJ7QCX&Expires=1719836144&Signature=DdPDkv2bT%2B7HQrpl6olxsdjWc1o%3D,0.23985350516656148,24641
721959775,K3am-2021-06-20_08-20.WAV,2021 Kern 3,2021,6,20,8,20,sp11,Simple Call,22.576,23.322666666666667,2250,13687.5,24000,(not validated),https://rfcx-streams-production.s3.eu-west-1.amazonaws.com/2021/06/20/81cqy10ep7pa/76c66ca3-9a1a-4e89-bbda-41d6d260ffcb.flac?AWSAccessKeyId=AKIA45B7YWBX7MUJ7QCX&Expires=1719836144&Signature=Nru679flZx7GdcFP8TFH6wzeyL4%3D,0.2134968100577405,24641
721959776,K3am-2021-06-20_05-20.WAV,2021 Kern 3,2021,6,20,5,20,sp11,Simple Call,10.154666666666667,10.901333333333334,2250,13687.5,24000,(not validated),https://rfcx-streams-production.s3.eu-west-1.amazonaws.com/2021/06/20/81cqy10ep7pa/e358c2c9-dffa-4b94-a49d-b510dae111a5.flac?AWSAccessKeyId=AKIA45B7YWBX7MUJ7QCX&Expires=1719836144&Signature=%2Fkn1KY13%2B5WFqn4LWGGYY6e9O5w%3D,0.20764043504753552,24641
721959777,K3am-2021-06-21_09-20.WAV,2021 Kern 3,2021,6,21,9,20,sp11,Simple Call,6.394666666666667,7.141333333333334,2250,13687.5,24000,(not validated),https://rfcx-streams-production.s3.eu-west-1.amazonaws.com/2021/06/21/81cqy10ep7pa/eb231365-e873-4581-9f89-46c666a65ff4.flac?AWSAccessKeyId=AKIA45B7YWBX7MUJ7QCX&Expires=1719836144&Signature=bnlFCaY9e5CcWmnosHnq15Rm%2Bvk%3D,0.28935273035108416,24641
721959778,K3am-2021-06-21_07-40.WAV,2021 Kern 3,2021,6,21,7,40,sp11,Simple Call,15.914666666666667,16.661333333333335,2250,13687.5,24000,(not validated),https://rfcx-streams-production.s3.eu-west-1.amazonaws.com/2021/06/21/81cqy10ep7pa/fc241ec2-ec99-4798-8f89-8676c70e60b6.flac?AWSAccessKeyId=AKIA45B7YWBX7MUJ7QCX&Expires=1719836144&Signature=9kC%2B%2FVg2%2B80Zl5i7NWEEu46mdcY%3D,0.23784897880341394,24641
721959779,K3am-2021-06-21_05-20.WAV,2021 Kern 3,2021,6,21,5,20,sp11,Simple Call,22.986666666666668,23.733333333333334,2250,13687.5,24000,(not validated),https://rfcx-streams-production.s3.eu-west-1.amazonaws.com/2021/06/21/81cqy10ep7pa/b12929b0-ab5e-4b3c-8748-acd0e9c41f12.flac?AWSAccessKeyId=AKIA45B7YWBX7MUJ7QCX&Expires=1719836144&Signature=RImuT44ha95Mn%2BQZsnuiHquAv6w%3D,0.22635930169051116,24641
721959780,K3am-2021-06-21_06-40.WAV,2021 Kern 3,2021,6,21,6,40,sp11,Simple Call,2.4266666666666667,3.1733333333333333,2250,13687.5,24000,(not validated),https://rfcx-streams-production.s3.eu-west-1.amazonaws.com/2021/06/21/81cqy10ep7pa/6927d45f-fd24-4075-b70f-c27d0b3071c4.flac?AWSAccessKeyId=AKIA45B7YWBX7MUJ7QCX&Expires=1719836144&Signature=%2BBVLTOVJWT7FUD9PO%2Bmg6chCObg%3D,0.2304042417096003,24641
721959781,K3am-2021-06-21_07-20.WAV,2021 Kern 3,2021,6,21,7,20,sp11,Simple Call,57.70133333333333,58.448,2250,13687.5,24000,(not validated),https://rfcx-streams-production.s3.eu-west-1.amazonaws.com/2021/06/21/81cqy10ep7pa/116b1bb4-60e4-467a-abf6-f132be825e37.flac?AWSAccessKeyId=AKIA45B7YWBX7MUJ7QCX&Expires=1719836144&Signature=S1CDH62KW%2F7Rh6SIDz2BQzqJYEk%3D,0.21328745556263987,24641
721959782,K3am-2021-06-22_08-00.WAV,2021 Kern 3,2021,6,22,8,0,sp11,Simple Call,7.509333333333333,8.256,2250,13687.5,24000,(not validated),https://rfcx-streams-production.s3.eu-west-1.amazonaws.com/2021/06/22/81cqy10ep7pa/7b00efe5-1b18-4cf2-ae6f-b6c883667384.flac?AWSAccessKeyId=AKIA45B7YWBX7MUJ7QCX&Expires=1719836144&Signature=s4bYNWEbow8e4Owj%2Bp%2B0WrPz5JQ%3D,0.21473407328718364,24641
721959783,K3am-2021-06-22_09-40.WAV,2021 Kern 3,2021,6,22,9,40,sp11,Simple Call,7.818666666666667,8.565333333333333,2250,13687.5,24000,(not validated),https://rfcx-streams-production.s3.eu-west-1.amazonaws.com/2021/06/22/81cqy10ep7pa/36e5884c-bb45-4b74-94a6-6ea49fc7d585.flac?AWSAccessKeyId=AKIA45B7YWBX7MUJ7QCX&Expires=1719836144&Signature=kU2GRwpi7UQ61azo7A2i3IkdPJ4%3D,0.2079899953581379,24641
721959784,K3am-2021-06-22_08-20.WAV,2021 Kern 3,2021,6,22,8,20,sp11,Simple Call,22.096,22.842666666666666,2250,13687.5,24000,(not validated),https://rfcx-streams-production.s3.eu-west-1.amazonaws.com/2021/06/22/81cqy10ep7pa/9bbb4d81-3560-41c1-8e49-0ae92b85efdd.flac?AWSAccessKeyId=AKIA45B7YWBX7MUJ7QCX&Expires=1719836144&Signature=YOlOeWC%2BLtbu0q4vB0U2vNifOmM%3D,0.22132391489251899,24641
721959785,K3am-2021-06-22_08-40.WAV,2021 Kern 3,2021,6,22,8,40,sp11,Simple Call,46.85333333333333,47.6,2250,13687.5,24000,(not validated),https://rfcx-streams-production.s3.eu-west-1.amazonaws.com/2021/06/22/81cqy10ep7pa/047b6506-abe2-4799-9dd1-044a961522c5.flac?AWSAccessKeyId=AKIA45B7YWBX7MUJ7QCX&Expires=1719836144&Signature=sYyjakmp9jc0yafZzSQs2UPQiDU%3D,0.20933655703178694,24641
721959786,K3am-2021-06-22_07-00.WAV,2021 Kern 3,2021,6,22,7,0,sp11,Simple Call,28.949333333333332,29.696,2250,13687.5,24000,(not validated),https://rfcx-streams-production.s3.eu-west-1.amazonaws.com/2021/06/22/81cqy10ep7pa/9623f6b3-8ac7-4422-b5fc-004b34f09415.flac?AWSAccessKeyId=AKIA45B7YWBX7MUJ7QCX&Expires=1719836144&Signature=iEPqAFVnaCs3zYmkW%2BtXsD9A93Q%3D,0.31558776816333445,24641
721959787,K3am-2021-06-22_11-20.WAV,2021 Kern 3,2021,6,22,11,20,sp11,Simple Call,55.589333333333336,56.336,2250,13687.5,24000,(not validated),https://rfcx-streams-production.s3.eu-west-1.amazonaws.com/2021/06/22/81cqy10ep7pa/1ff572a8-e88a-422e-be15-9743fc703345.flac?AWSAccessKeyId=AKIA45B7YWBX7MUJ7QCX&Expires=1719836144&Signature=Rlnh2IQc8gJxIxADnZ2yLQ4kW%2F4%3D,0.23844619936198497,24641
721959788,K3am-2021-06-22_12-20.WAV,2021 Kern 3,2021,6,22,12,20,sp11,Simple Call,13.098666666666666,13.845333333333333,2250,13687.5,24000,(not validated),https://rfcx-streams-production.s3.eu-west-1.amazonaws.com/2021/06/22/81cqy10ep7pa/51fdc4cf-8b51-485e-acfb-2b550f095f19.flac?AWSAccessKeyId=AKIA45B7YWBX7MUJ7QCX&Expires=1719836144&Signature=gqqFZd50UC7RqvWYpdmDj2j5XFM%3D,0.2401094062208323,24641
721959789,K3am-2021-06-22_10-00.WAV,2021 Kern 3,2021,6,22,10,0,sp11,Simple Call,27.184,27.930666666666667,2250,13687.5,24000,(not validated),https://rfcx-streams-production.s3.eu-west-1.amazonaws.com/2021/06/22/81cqy10ep7pa/f523b89d-ce97-466d-a7bb-02c121567571.flac?AWSAccessKeyId=AKIA45B7YWBX7MUJ7QCX&Expires=1719836144&Signature=8Zk7fpO4OYzPyM3iLIWR9Lk2v70%3D,0.26889111883835004,24641
721959790,K3am-2021-06-22_09-00.WAV,2021 Kern 3,2021,6,22,9,0,sp11,Simple Call,21.24266666666667,21.989333333333335,2250,13687.5,24000,(not validated),https://rfcx-streams-production.s3.eu-west-1.amazonaws.com/2021/06/22/81cqy10ep7pa/1b20d148-e386-48c8-ac85-97c0b4b2a060.flac?AWSAccessKeyId=AKIA45B7YWBX7MUJ7QCX&Expires=1719836144&Signature=ZnXAJilLPZC%2FxfHAisZanNEYaV8%3D,0.22350219696559404,24641
721959791,K3am-2021-06-22_20-40.WAV,2021 Kern 3,2021,6,22,20,40,sp11,Simple Call,43.605333333333334,44.352,2250,13687.5,24000,(not validated),https://rfcx-streams-production.s3.eu-west-1.amazonaws.com/2021/06/23/81cqy10ep7pa/bbb6be70-6498-4151-a846-8081623438e3.flac?AWSAccessKeyId=AKIA45B7YWBX7MUJ7QCX&Expires=1719836144&Signature=FiSbxV8wPPkDLb52iZHULGwu8zc%3D,0.21155931162619926,24641
721959792,K3am-2021-06-22_05-20.WAV,2021 Kern 3,2021,6,22,5,20,sp11,Simple Call,27.456,28.202666666666666,2250,13687.5,24000,(not validated),https://rfcx-streams-production.s3.eu-west-1.amazonaws.com/2021/06/22/81cqy10ep7pa/d1e05653-8b7c-4303-9ae6-ee42752c5fe3.flac?AWSAccessKeyId=AKIA45B7YWBX7MUJ7QCX&Expires=1719836144&Signature=47J%2Fe8wIQzO%2FVYV1oa0L9EXtw5g%3D,0.3017152726515009,24641
721959793,K3am-2021-06-23_06-00.WAV,2021 Kern 3,2021,6,23,6,0,sp11,Simple Call,26.688,27.434666666666665,2250,13687.5,24000,(not validated),https://rfcx-streams-production.s3.eu-west-1.amazonaws.com/2021/06/23/81cqy10ep7pa/5d19ed95-2e3f-4a74-8a4e-f9aa8871fe47.flac?AWSAccessKeyId=AKIA45B7YWBX7MUJ7QCX&Expires=1719836144&Signature=Y1cdlMzhrCVb3FhnxgX9v0HufZ8%3D,0.2981160767798304,24641
721959794,K3am-2021-06-22_10-20.WAV,2021 Kern 3,2021,6,22,10,20,sp11,Simple Call,16.565333333333335,17.312,2250,13687.5,24000,(not validated),https://rfcx-streams-production.s3.eu-west-1.amazonaws.com/2021/06/22/81cqy10ep7pa/f5eec51c-03ab-48bb-9e4d-cd5b0ea352d6.flac?AWSAccessKeyId=AKIA45B7YWBX7MUJ7QCX&Expires=1719836144&Signature=eezhGOP22FJ7pHDjg4T30Yw9QVk%3D,0.2394045604302132,24641
721959795,K3am-2021-06-23_07-00.WAV,2021 Kern 3,2021,6,23,7,0,sp11,Simple Call,2.533333333333333,3.28,2250,13687.5,24000,(not validated),https://rfcx-streams-production.s3.eu-west-1.amazonaws.com/2021/06/23/81cqy10ep7pa/ebf201d2-864e-430f-b64a-ae82f5c0139c.flac?AWSAccessKeyId=AKIA45B7YWBX7MUJ7QCX&Expires=1719836144&Signature=GFHzIHf2i8xV7sVaEiH%2F%2F6CgBv0%3D,0.21035650271796122,24641
721959796,K3am-2021-06-23_15-40.WAV,2021 Kern 3,2021,6,23,15,40,sp11,Simple Call,50.24,50.986666666666665,2250,13687.5,24000,(not validated),https://rfcx-streams-production.s3.eu-west-1.amazonaws.com/2021/06/23/81cqy10ep7pa/63f72961-c3ff-4874-b27e-85470c8a6513.flac?AWSAccessKeyId=AKIA45B7YWBX7MUJ7QCX&Expires=1719836144&Signature=ePwZTjv1WuyAp4jGqTQ%2FjLP9MDw%3D,0.2165136042690815,24641
721960022,K3am-2021-04-26_07-00.WAV,2021 Kern 3,2021,4,26,7,0,sp11,Simple Call,34.29333333333334,35.04,2250,13687.5,24000,(not validated),https://rfcx-streams-production.s3.eu-west-1.amazonaws.com/2021/04/26/81cqy10ep7pa/cb6f8db8-410e-45ce-af67-7ac7c8e43c64.flac?AWSAccessKeyId=AKIA45B7YWBX7MUJ7QCX&Expires=1719836144&Signature=g%2BGdpcV5gFZgXpOnt6Zzend0b3Y%3D,0.2332848971165817,24641
721960023,K3am-2021-04-27_01-20.WAV,2021 Kern 3,2021,4,27,1,20,sp11,Simple Call,50.949333333333335,51.696,2250,13687.5,24000,(not validated),https://rfcx-streams-production.s3.eu-west-1.amazonaws.com/2021/04/27/81cqy10ep7pa/e074c558-ffd5-4e36-b3b5-bde71e3bdd59.flac?AWSAccessKeyId=AKIA45B7YWBX7MUJ7QCX&Expires=1719836144&Signature=inRVrD66e1E%2BPm%2B%2FcmRGnKvv5RQ%3D,0.2255442101227343,24641
721960024,K3am-2021-04-26_05-40.WAV,2021 Kern 3,2021,4,26,5,40,sp11,Simple Call,47.552,48.29866666666667,2250,13687.5,24000,(not validated),https://rfcx-streams-production.s3.eu-west-1.amazonaws.com/2021/04/26/81cqy10ep7pa/d31b7bb0-9f0a-4cb4-945c-c623c95c3d2e.flac?AWSAccessKeyId=AKIA45B7YWBX7MUJ7QCX&Expires=1719836144&Signature=f0mLfzb6vdeaakNQlE077SQS2sI%3D,0.21691951426082026,24641
721960025,K3am-2021-04-26_07-40.WAV,2021 Kern 3,2021,4,26,7,40,sp11,Simple Call,8.949333333333334,9.696,2250,13687.5,24000,(not validated),https://rfcx-streams-production.s3.eu-west-1.amazonaws.com/2021/04/26/81cqy10ep7pa/cf46516e-3e80-471a-8fe6-154095aaea6c.flac?AWSAccessKeyId=AKIA45B7YWBX7MUJ7QCX&Expires=1719836144&Signature=Za2ypgcAt%2BccV%2FyPaqeiKwFX27o%3D,0.2671346849078485,24641
721960026,K3am-2021-04-27_07-20.WAV,2021 Kern 3,2021,4,27,7,20,sp11,Simple Call,1.7013333333333334,2.448,2250,13687.5,24000,(not validated),https://rfcx-streams-production.s3.eu-west-1.amazonaws.com/2021/04/27/81cqy10ep7pa/0af370c7-40ce-48a0-a3eb-7b918a093c35.flac?AWSAccessKeyId=AKIA45B7YWBX7MUJ7QCX&Expires=1719836144&Signature=JIt2%2FVgb3nzcOJrqudkIhPHD0uA%3D,0.23158092541420483,24641
721960027,K3am-2021-04-27_01-00.WAV,2021 Kern 3,2021,4,27,1,0,sp11,Simple Call,49.76533333333333,50.512,2250,13687.5,24000,(not validated),https://rfcx-streams-production.s3.eu-west-1.amazonaws.com/2021/04/27/81cqy10ep7pa/cac93fb8-f9ad-4b50-a463-d2dd8a4296b7.flac?AWSAccessKeyId=AKIA45B7YWBX7MUJ7QCX&Expires=1719836144&Signature=sJ43oy2RH%2F3oJ0g6%2FPDHFs%2B9%2BBs%3D,0.20820958984626545,24641
721960028,K3am-2021-04-27_07-00.WAV,2021 Kern 3,2021,4,27,7,0,sp11,Simple Call,17.002666666666666,17.749333333333333,2250,13687.5,24000,(not validated),https://rfcx-streams-production.s3.eu-west-1.amazonaws.com/2021/04/27/81cqy10ep7pa/203d040e-a865-4457-a7d0-cd22f7c3bbdb.flac?AWSAccessKeyId=AKIA45B7YWBX7MUJ7QCX&Expires=1719836144&Signature=B0d%2FNX8uhfGZSKai4JyYGVKsrN8%3D,0.22741379754423788,24641
721960029,K3am-2021-04-26_18-20.WAV,2021 Kern 3,2021,4,26,18,20,sp11,Simple Call,8.997333333333334,9.744,2250,13687.5,24000,(not validated),https://rfcx-streams-production.s3.eu-west-1.amazonaws.com/2021/04/27/81cqy10ep7pa/58a160ed-5ee8-4545-b1f1-7451a0a123a6.flac?AWSAccessKeyId=AKIA45B7YWBX7MUJ7QCX&Expires=1719836144&Signature=zV4X39bl7a5JMfP2c7K4KSkQ%2FFw%3D,0.2065499511119471,24641
721960030,K3am-2021-04-27_17-20.WAV,2021 Kern 3,2021,4,27,17,20,sp11,Simple Call,42.85333333333333,43.6,2250,13687.5,24000,(not validated),https://rfcx-streams-production.s3.eu-west-1.amazonaws.com/2021/04/28/81cqy10ep7pa/70771db4-c501-4aa7-9587-db608932d729.flac?AWSAccessKeyId=AKIA45B7YWBX7MUJ7QCX&Expires=1719836144&Signature=fc6qf92sG71zJMBZPZLK2%2BgwD50%3D,0.2220771631296068,24641
721960031,K3am-2021-04-27_19-00.WAV,2021 Kern 3,2021,4,27,19,0,sp11,Simple Call,53.808,54.55466666666667,2250,13687.5,24000,(not validated),https://rfcx-streams-production.s3.eu-west-1.amazonaws.com/2021/04/28/81cqy10ep7pa/783ec000-4356-45a4-96aa-fca50c765e9e.flac?AWSAccessKeyId=AKIA45B7YWBX7MUJ7QCX&Expires=1719836144&Signature=Np6cxSjrNr%2FCqCHJAe0m7NcSlcs%3D,0.2529850507990559,24641
721960032,K3am-2021-04-27_00-20.WAV,2021 Kern 3,2021,4,27,0,20,sp11,Simple Call,45.904,46.650666666666666,2250,13687.5,24000,(not validated),https://rfcx-streams-production.s3.eu-west-1.amazonaws.com/2021/04/27/81cqy10ep7pa/3c22bce3-8daa-4c71-ba4f-1f0b0d0457e9.flac?AWSAccessKeyId=AKIA45B7YWBX7MUJ7QCX&Expires=1719836144&Signature=d3naWcYXK6Yr3EmTT%2B9fDWSYaZU%3D,0.20495128416473218,24641
721960033,K3am-2021-04-27_08-40.WAV,2021 Kern 3,2021,4,27,8,40,sp11,Simple Call,14.128,14.874666666666666,2250,13687.5,24000,(not validated),https://rfcx-streams-production.s3.eu-west-1.amazonaws.com/2021/04/27/81cqy10ep7pa/77098c2f-1a73-4f99-bd10-04ecac69b154.flac?AWSAccessKeyId=AKIA45B7YWBX7MUJ7QCX&Expires=1719836144&Signature=p524Gr0CRtx2IeUCleLR%2BTVDvtw%3D,0.2103685654842624,24641
721960034,K3am-2021-04-27_10-40.WAV,2021 Kern 3,2021,4,27,10,40,sp11,Simple Call,10.688,11.434666666666667,2250,13687.5,24000,(not validated),https://rfcx-streams-production.s3.eu-west-1.amazonaws.com/2021/04/27/81cqy10ep7pa/5b504e74-4faa-463a-8630-e7f38e084622.flac?AWSAccessKeyId=AKIA45B7YWBX7MUJ7QCX&Expires=1719836144&Signature=YsV%2F%2FNaKtJWZCsqxjJ6pLrXT3oY%3D,0.2106434950732399,24641
721960035,K3am-2021-04-27_15-20.WAV,2021 Kern 3,2021,4,27,15,20,sp11,Simple Call,9.616,10.362666666666666,2250,13687.5,24000,(not validated),https://rfcx-streams-production.s3.eu-west-1.amazonaws.com/2021/04/27/81cqy10ep7pa/a18e4e01-03e9-48a6-a396-e823b04be228.flac?AWSAccessKeyId=AKIA45B7YWBX7MUJ7QCX&Expires=1719836144&Signature=vixvLauTDNRS%2FTeW4or4%2FTfRfZA%3D,0.26203184875049845,24641
721960036,K3am-2021-04-27_10-20.WAV,2021 Kern 3,2021,4,27,10,20,sp11,Simple Call,45.114666666666665,45.861333333333334,2250,13687.5,24000,(not validated),https://rfcx-streams-production.s3.eu-west-1.amazonaws.com/2021/04/27/81cqy10ep7pa/72d51409-ab9b-4955-b0b3-9770a7331b6a.flac?AWSAccessKeyId=AKIA45B7YWBX7MUJ7QCX&Expires=1719836144&Signature=Z0h6Dy%2F22mKNUQZVlsIfdjxmshk%3D,0.2020766707848253,24641
721960037,K3am-2021-04-28_05-40.WAV,2021 Kern 3,2021,4,28,5,40,sp11,Simple Call,40.55466666666667,41.30133333333333,2250,13687.5,24000,(not validated),https://rfcx-streams-production.s3.eu-west-1.amazonaws.com/2021/04/28/81cqy10ep7pa/c61b091e-4d2b-453f-8892-99d44dd9b698.flac?AWSAccessKeyId=AKIA45B7YWBX7MUJ7QCX&Expires=1719836144&Signature=Oh7DhlXIoG2NbunMNTsGNOxgcNc%3D,0.22324287272274226,24641
721960038,K3am-2021-04-28_08-00.WAV,2021 Kern 3,2021,4,28,8,0,sp11,Simple Call,35.984,36.730666666666664,2250,13687.5,24000,(not validated),https://rfcx-streams-production.s3.eu-west-1.amazonaws.com/2021/04/28/81cqy10ep7pa/aec10d29-ab3d-4823-800f-4f3e96c79ed0.flac?AWSAccessKeyId=AKIA45B7YWBX7MUJ7QCX&Expires=1719836144&Signature=6BaJb4ofhBvcD60B2h51DT5V3Fo%3D,0.22315759789606376,24641
721960039,K3am-2021-04-27_11-00.WAV,2021 Kern 3,2021,4,27,11,0,sp11,Simple Call,32,32.74666666666667,2250,13687.5,24000,(not validated),https://rfcx-streams-production.s3.eu-west-1.amazonaws.com/2021/04/27/81cqy10ep7pa/3399d6c4-3719-48e0-8cd1-fcaa3c1df480.flac?AWSAccessKeyId=AKIA45B7YWBX7MUJ7QCX&Expires=1719836144&Signature=F%2BBbf5%2BKutqd%2Bb2VogtqnfqqCDM%3D,0.2145579518622798,24641
721960040,K3am-2021-04-27_05-40.WAV,2021 Kern 3,2021,4,27,5,40,sp11,Simple Call,44.18666666666667,44.93333333333333,2250,13687.5,24000,(not validated),https://rfcx-streams-production.s3.eu-west-1.amazonaws.com/2021/04/27/81cqy10ep7pa/e25a7762-ff67-405d-ba1f-66c80db03180.flac?AWSAccessKeyId=AKIA45B7YWBX7MUJ7QCX&Expires=1719836144&Signature=XF38EKedo2rcW%2FCHUzxRIg5EVgs%3D,0.25181107062329633,24641
721960041,K3am-2021-04-27_08-20.WAV,2021 Kern 3,2021,4,27,8,20,sp11,Simple Call,5.2,5.946666666666666,2250,13687.5,24000,(not validated),https://rfcx-streams-production.s3.eu-west-1.amazonaws.com/2021/04/27/81cqy10ep7pa/3282763e-eaec-4c79-bbe5-bd36614cc7af.flac?AWSAccessKeyId=AKIA45B7YWBX7MUJ7QCX&Expires=1719836144&Signature=yOxL4EcGFq2ICRT5XAmT0%2FdHGlU%3D,0.30010423623796345,24641
721960042,K3am-2021-04-28_08-20.WAV,2021 Kern 3,2021,4,28,8,20,sp11,Simple Call,44.586666666666666,45.333333333333336,2250,13687.5,24000,(not validated),https://rfcx-streams-production.s3.eu-west-1.amazonaws.com/2021/04/28/81cqy10ep7pa/8eca72ef-cb7b-445e-9523-91b8583c1901.flac?AWSAccessKeyId=AKIA45B7YWBX7MUJ7QCX&Expires=1719836144&Signature=cPNqGO3WJudk36g6Udckk221K%2FA%3D,0.22709758070153863,24641
721960043,K3am-2021-04-27_12-20.WAV,2021 Kern 3,2021,4,27,12,20,sp11,Simple Call,42.848,43.59466666666667,2250,13687.5,24000,(not validated),https://rfcx-streams-production.s3.eu-west-1.amazonaws.com/2021/04/27/81cqy10ep7pa/6962d977-6bce-4cb0-b773-370219cf756a.flac?AWSAccessKeyId=AKIA45B7YWBX7MUJ7QCX&Expires=1719836144&Signature=3Xlryp0QJO9FfT8M9o3NDKtcb6s%3D,0.2240805958582145,24641
721960044,K3am-2021-04-28_18-40.WAV,2021 Kern 3,2021,4,28,18,40,sp11,Simple Call,37.952,38.69866666666667,2250,13687.5,24000,(not validated),https://rfcx-streams-production.s3.eu-west-1.amazonaws.com/2021/04/29/81cqy10ep7pa/844dc815-82a0-4b78-b147-281a63a6e0f9.flac?AWSAccessKeyId=AKIA45B7YWBX7MUJ7QCX&Expires=1719836144&Signature=fHxMJKvMSeIzyO1c925qS9phekk%3D,0.29312154846089633,24641
721960045,K3am-2021-04-29_05-40.WAV,2021 Kern 3,2021,4,29,5,40,sp11,Simple Call,9.701333333333332,10.448,2250,13687.5,24000,(not validated),https://rfcx-streams-production.s3.eu-west-1.amazonaws.com/2021/04/29/81cqy10ep7pa/835304f5-1609-46ec-974e-2d097c44fe19.flac?AWSAccessKeyId=AKIA45B7YWBX7MUJ7QCX&Expires=1719836144&Signature=d5TKovuRkuq6%2FMUSiBn7vDpSqgA%3D,0.21492122510848646,24641
721960046,K3am-2021-04-29_08-40.WAV,2021 Kern 3,2021,4,29,8,40,sp11,Simple Call,50.714666666666666,51.461333333333336,2250,13687.5,24000,(not validated),https://rfcx-streams-production.s3.eu-west-1.amazonaws.com/2021/04/29/81cqy10ep7pa/e985d592-5a4a-45c5-a07b-21deb30156aa.flac?AWSAccessKeyId=AKIA45B7YWBX7MUJ7QCX&Expires=1719836144&Signature=GzLm9JIhjiD7hXNu9why3VyO2yo%3D,0.21754383880318515,24641
721960047,K3am-2021-04-29_10-00.WAV,2021 Kern 3,2021,4,29,10,0,sp11,Simple Call,31.050666666666668,31.797333333333334,2250,13687.5,24000,(not validated),https://rfcx-streams-production.s3.eu-west-1.amazonaws.com/2021/04/29/81cqy10ep7pa/2f2d7f3c-5244-4854-8894-26edc6d0d4a0.flac?AWSAccessKeyId=AKIA45B7YWBX7MUJ7QCX&Expires=1719836144&Signature=NgmiwDAYcnvuo0SGXxK88UFLQu8%3D,0.2732260351287484,24641
721960048,K3am-2021-04-29_09-40.WAV,2021 Kern 3,2021,4,29,9,40,sp11,Simple Call,6.458666666666667,7.205333333333333,2250,13687.5,24000,(not validated),https://rfcx-streams-production.s3.eu-west-1.amazonaws.com/2021/04/29/81cqy10ep7pa/6d1df635-ad73-403e-9021-a01dcbd306ed.flac?AWSAccessKeyId=AKIA45B7YWBX7MUJ7QCX&Expires=1719836144&Signature=KgO8BLN%2BsiUV1TfPtq3YztSNxl4%3D,0.26818202838658983,24641
721960049,K3am-2021-04-29_06-20.WAV,2021 Kern 3,2021,4,29,6,20,sp11,Simple Call,11.733333333333333,12.48,2250,13687.5,24000,(not validated),https://rfcx-streams-production.s3.eu-west-1.amazonaws.com/2021/04/29/81cqy10ep7pa/d16ff833-88ad-48af-a765-e94fd501e3d3.flac?AWSAccessKeyId=AKIA45B7YWBX7MUJ7QCX&Expires=1719836144&Signature=98kc4Bn5aE4MzDS%2F8dnfQYyx%2FTc%3D,0.21002648142101352,24641
721960050,K3am-2021-04-28_08-40.WAV,2021 Kern 3,2021,4,28,8,40,sp11,Simple Call,14.789333333333333,15.536,2250,13687.5,24000,(not validated),https://rfcx-streams-production.s3.eu-west-1.amazonaws.com/2021/04/28/81cqy10ep7pa/8dbe9aa2-6aee-4e28-814b-7eb4104866f9.flac?AWSAccessKeyId=AKIA45B7YWBX7MUJ7QCX&Expires=1719836144&Signature=3DUEu4GgV5BcmGXEiANwGPVrhrk%3D,0.24983851644443955,24641
721960051,K3am-2021-04-28_17-40.WAV,2021 Kern 3,2021,4,28,17,40,sp11,Simple Call,42.208,42.95466666666667,2250,13687.5,24000,(not validated),https://rfcx-streams-production.s3.eu-west-1.amazonaws.com/2021/04/29/81cqy10ep7pa/457ef811-e8af-4631-b212-7042fe69dec3.flac?AWSAccessKeyId=AKIA45B7YWBX7MUJ7QCX&Expires=1719836144&Signature=WwJ57i2tyrel8HmggQ7ARISmOFo%3D,0.22368191508428956,24641
721960052,K3am-2021-04-29_20-00.WAV,2021 Kern 3,2021,4,29,20,0,sp11,Simple Call,38.14933333333333,38.896,2250,13687.5,24000,(not validated),https://rfcx-streams-production.s3.eu-west-1.amazonaws.com/2021/04/30/81cqy10ep7pa/358938a3-6f47-4759-8c69-bde189e4c569.flac?AWSAccessKeyId=AKIA45B7YWBX7MUJ7QCX&Expires=1719836144&Signature=J3asoznscsNNdjfVswhTxwToN8s%3D,0.20480020218058498,24641
721960053,K3am-2021-04-29_07-00.WAV,2021 Kern 3,2021,4,29,7,0,sp11,Simple Call,41.81333333333333,42.56,2250,13687.5,24000,(not validated),https://rfcx-streams-production.s3.eu-west-1.amazonaws.com/2021/04/29/81cqy10ep7pa/3e56bab5-a423-4b41-9610-b835eb150e25.flac?AWSAccessKeyId=AKIA45B7YWBX7MUJ7QCX&Expires=1719836144&Signature=bIolzfc3%2FdcLtbe1UOHcG%2Ft4MDU%3D,0.2202943424275607,24641
721960054,K3am-2021-04-29_10-20.WAV,2021 Kern 3,2021,4,29,10,20,sp11,Simple Call,30.949333333333332,31.696,2250,13687.5,24000,(not validated),https://rfcx-streams-production.s3.eu-west-1.amazonaws.com/2021/04/29/81cqy10ep7pa/add1f116-bc70-4d6e-ba56-de789366945c.flac?AWSAccessKeyId=AKIA45B7YWBX7MUJ7QCX&Expires=1719836144&Signature=H6Argwww1QBHwcAA%2BU8%2F6E6QY%2BY%3D,0.24763426301258934,24641
721960055,K3am-2021-04-29_18-40.WAV,2021 Kern 3,2021,4,29,18,40,sp11,Simple Call,1.552,2.2986666666666666,2250,13687.5,24000,(not validated),https://rfcx-streams-production.s3.eu-west-1.amazonaws.com/2021/04/30/81cqy10ep7pa/83b6e4c2-6eb3-435a-9713-130cfdf0e8ab.flac?AWSAccessKeyId=AKIA45B7YWBX7MUJ7QCX&Expires=1719836144&Signature=Ik9mDbi4gt%2BkPQYvXei3LU1dqV0%3D,0.22618431420410054,24641
721960056,K3am-2021-04-29_18-00.WAV,2021 Kern 3,2021,4,29,18,0,sp11,Simple Call,14.058666666666667,14.805333333333333,2250,13687.5,24000,(not validated),https://rfcx-streams-production.s3.eu-west-1.amazonaws.com/2021/04/30/81cqy10ep7pa/a4c1a2e5-daad-4080-9b2c-dae57c8f3c47.flac?AWSAccessKeyId=AKIA45B7YWBX7MUJ7QCX&Expires=1719836144&Signature=Jhvlg2dd%2BrA8gh1ATp4YxkY5KtY%3D,0.27057653330980114,24641
721960057,K3am-2021-04-29_19-20.WAV,2021 Kern 3,2021,4,29,19,20,sp11,Simple Call,53.18933333333333,53.936,2250,13687.5,24000,(not validated),https://rfcx-streams-production.s3.eu-west-1.amazonaws.com/2021/04/30/81cqy10ep7pa/08ae03b6-0f49-4de0-928a-3110a770278f.flac?AWSAccessKeyId=AKIA45B7YWBX7MUJ7QCX&Expires=1719836144&Signature=4nt%2B7fpC0fJ5zeAP3ZHoBm2v83g%3D,0.276416904117491,24641
721960058,K3am-2021-04-30_06-00.WAV,2021 Kern 3,2021,4,30,6,0,sp11,Simple Call,18.816,19.562666666666665,2250,13687.5,24000,(not validated),https://rfcx-streams-production.s3.eu-west-1.amazonaws.com/2021/04/30/81cqy10ep7pa/082056fd-e8b9-4113-b015-6caf8514f9c2.flac?AWSAccessKeyId=AKIA45B7YWBX7MUJ7QCX&Expires=1719836144&Signature=fXnWNVqUvzhhTLVdMVgXbpslNos%3D,0.27822126834267275,24641
721960059,K3am-2021-04-30_08-00.WAV,2021 Kern 3,2021,4,30,8,0,sp11,Simple Call,15.92,16.666666666666668,2250,13687.5,24000,(not validated),https://rfcx-streams-production.s3.eu-west-1.amazonaws.com/2021/04/30/81cqy10ep7pa/b26c2f6f-76fb-44a0-a93f-269240664d7a.flac?AWSAccessKeyId=AKIA45B7YWBX7MUJ7QCX&Expires=1719836144&Signature=zoSMuTNtdui0OTk0je7SEy7HxIM%3D,0.2843903463602352,24641
721960060,K3am-2021-04-30_12-00.WAV,2021 Kern 3,2021,4,30,12,0,sp11,Simple Call,56.026666666666664,56.77333333333333,2250,13687.5,24000,(not validated),https://rfcx-streams-production.s3.eu-west-1.amazonaws.com/2021/04/30/81cqy10ep7pa/08134c39-bc3a-4678-8175-9ef4f5b1968a.flac?AWSAccessKeyId=AKIA45B7YWBX7MUJ7QCX&Expires=1719836144&Signature=%2FkawmWdwri5vbAhVI7CA6uUUd%2FA%3D,0.2450408517872615,24641
721960061,K3am-2021-04-30_12-20.WAV,2021 Kern 3,2021,4,30,12,20,sp11,Simple Call,20.373333333333335,21.12,2250,13687.5,24000,(not validated),https://rfcx-streams-production.s3.eu-west-1.amazonaws.com/2021/04/30/81cqy10ep7pa/9aed7d51-50a6-49ac-9559-0e5649b96017.flac?AWSAccessKeyId=AKIA45B7YWBX7MUJ7QCX&Expires=1719836144&Signature=mCm4G3Mnd5W2dFIS93Y%2F8c6MERk%3D,0.20184015912386535,24641
721960062,K3am-2021-04-30_05-40.WAV,2021 Kern 3,2021,4,30,5,40,sp11,Simple Call,7.450666666666667,8.197333333333333,2250,13687.5,24000,(not validated),https://rfcx-streams-production.s3.eu-west-1.amazonaws.com/2021/04/30/81cqy10ep7pa/ea43b86c-677e-4c9e-86ca-ef445afb56a8.flac?AWSAccessKeyId=AKIA45B7YWBX7MUJ7QCX&Expires=1719836144&Signature=eSGkdVHngfAjlKWPsbMyjg14py8%3D,0.22544675333720468,24641
721960063,K3am-2021-04-30_09-00.WAV,2021 Kern 3,2021,4,30,9,0,sp11,Simple Call,47.904,48.650666666666666,2250,13687.5,24000,(not validated),https://rfcx-streams-production.s3.eu-west-1.amazonaws.com/2021/04/30/81cqy10ep7pa/7514b20f-a8fb-465d-8a9f-cef28b7c9f9b.flac?AWSAccessKeyId=AKIA45B7YWBX7MUJ7QCX&Expires=1719836144&Signature=ANaoAWtk5XvvkG%2FebMfHQKHOhSE%3D,0.23376640545937247,24641
721960064,K3am-2021-04-30_18-00.WAV,2021 Kern 3,2021,4,30,18,0,sp11,Simple Call,56.14933333333333,56.896,2250,13687.5,24000,(not validated),https://rfcx-streams-production.s3.eu-west-1.amazonaws.com/2021/05/01/81cqy10ep7pa/5c15106d-98c9-4a41-9750-731abbbc2ee3.flac?AWSAccessKeyId=AKIA45B7YWBX7MUJ7QCX&Expires=1719836144&Signature=vQ0qWxuabKOcySPNm4PBKdo8VIQ%3D,0.2172574114763282,24641
721960065,K3am-2021-04-30_19-00.WAV,2021 Kern 3,2021,4,30,19,0,sp11,Simple Call,10.992,11.738666666666667,2250,13687.5,24000,(not validated),https://rfcx-streams-production.s3.eu-west-1.amazonaws.com/2021/05/01/81cqy10ep7pa/6b7a9a72-d367-41b0-988d-b57fb64c0a09.flac?AWSAccessKeyId=AKIA45B7YWBX7MUJ7QCX&Expires=1719836144&Signature=oRLXko4kqlDUK0O1%2FslhqUjc5MI%3D,0.31091616146803447,24641
721960066,K3am-2021-04-30_09-20.WAV,2021 Kern 3,2021,4,30,9,20,sp11,Simple Call,45.296,46.04266666666667,2250,13687.5,24000,(not validated),https://rfcx-streams-production.s3.eu-west-1.amazonaws.com/2021/04/30/81cqy10ep7pa/3d24b0c5-5365-45a2-8292-637857d6ad20.flac?AWSAccessKeyId=AKIA45B7YWBX7MUJ7QCX&Expires=1719836144&Signature=AKBO6qqOqjX3O2Ho7%2BINU5XbfTk%3D,0.20612892711004854,24641
721960067,K3am-2021-04-30_19-20.WAV,2021 Kern 3,2021,4,30,19,20,sp11,Simple Call,23.317333333333334,24.064,2250,13687.5,24000,(not validated),https://rfcx-streams-production.s3.eu-west-1.amazonaws.com/2021/05/01/81cqy10ep7pa/0928b9e7-8511-4477-9cde-ec29618432a7.flac?AWSAccessKeyId=AKIA45B7YWBX7MUJ7QCX&Expires=1719836144&Signature=CHtJi8JJbxq%2FMDyqVL%2BfdSPCywE%3D,0.24574521514431388,24641
721960068,K3am-2021-04-30_19-40.WAV,2021 Kern 3,2021,4,30,19,40,sp11,Simple Call,50.629333333333335,51.376,2250,13687.5,24000,(not validated),https://rfcx-streams-production.s3.eu-west-1.amazonaws.com/2021/05/01/81cqy10ep7pa/61cde040-348e-4f51-94b7-43e9e6aba4e3.flac?AWSAccessKeyId=AKIA45B7YWBX7MUJ7QCX&Expires=1719836144&Signature=Jh%2F4EqoZWe7c5CpR0956Cwlp1IY%3D,0.21581379115017446,24641
721961725,K3am-2021-04-17_06-40.WAV,2021 Kern 3,2021,4,17,6,40,sp11,Simple Call,34.576,35.32266666666667,2250,13687.5,24000,(not validated),https://rfcx-streams-production.s3.eu-west-1.amazonaws.com/2021/04/17/81cqy10ep7pa/6afa3733-4010-4b3b-9881-e81b086d0cd7.flac?AWSAccessKeyId=AKIA45B7YWBX7MUJ7QCX&Expires=1719836144&Signature=wZ%2FPkOpXcBYIrvY0HZ3fSjk3to0%3D,0.24085266764791077,24641
721961726,K3am-2021-04-17_07-20.WAV,2021 Kern 3,2021,4,17,7,20,sp11,Simple Call,23.84,24.586666666666666,2250,13687.5,24000,(not validated),https://rfcx-streams-production.s3.eu-west-1.amazonaws.com/2021/04/17/81cqy10ep7pa/d50cd87f-4a48-43ca-9689-7dbec727fe4a.flac?AWSAccessKeyId=AKIA45B7YWBX7MUJ7QCX&Expires=1719836145&Signature=NfXAXGcoSMu%2B%2B2e9EcdqJdBGckY%3D,0.24601395459965242,24641
721961727,K3am-2021-04-17_04-40.WAV,2021 Kern 3,2021,4,17,4,40,sp11,Simple Call,36.23466666666667,36.98133333333333,2250,13687.5,24000,(not validated),https://rfcx-streams-production.s3.eu-west-1.amazonaws.com/2021/04/17/81cqy10ep7pa/f87840d2-76ff-4d5e-a524-4e1a974a40a4.flac?AWSAccessKeyId=AKIA45B7YWBX7MUJ7QCX&Expires=1719836145&Signature=g5YfBaH8U5qL%2B1qoC%2FSU501UoyA%3D,0.23664346288841417,24641
721961728,K3am-2021-04-17_06-20.WAV,2021 Kern 3,2021,4,17,6,20,sp11,Simple Call,16.074666666666666,16.82133333333333,2250,13687.5,24000,(not validated),https://rfcx-streams-production.s3.eu-west-1.amazonaws.com/2021/04/17/81cqy10ep7pa/b7fd7ac9-8ecd-4292-856d-57ff5e8972d6.flac?AWSAccessKeyId=AKIA45B7YWBX7MUJ7QCX&Expires=1719836145&Signature=MzC6%2BACfp6C1ZHdN1X8Nf5S3xbw%3D,0.21450507521355083,24641
721961729,K3am-2021-04-17_18-40.WAV,2021 Kern 3,2021,4,17,18,40,sp11,Simple Call,35.797333333333334,36.544,2250,13687.5,24000,(not validated),https://rfcx-streams-production.s3.eu-west-1.amazonaws.com/2021/04/18/81cqy10ep7pa/c8a7582e-b421-470f-8727-6ac9a77d4054.flac?AWSAccessKeyId=AKIA45B7YWBX7MUJ7QCX&Expires=1719836145&Signature=AQ0NX0L3t5eD00fLIU9L90N%2BSuI%3D,0.2304608434502041,24641
721961730,K3am-2021-04-17_19-00.WAV,2021 Kern 3,2021,4,17,19,0,sp11,Simple Call,43.54666666666667,44.29333333333334,2250,13687.5,24000,(not validated),https://rfcx-streams-production.s3.eu-west-1.amazonaws.com/2021/04/18/81cqy10ep7pa/dce14907-5c34-42a5-a9f2-ecbd762c950e.flac?AWSAccessKeyId=AKIA45B7YWBX7MUJ7QCX&Expires=1719836145&Signature=5fKX0Knae2WNx4dMSVCvZOlkDSw%3D,0.2560825015082316,24641
721961731,K3am-2021-04-16_19-40.WAV,2021 Kern 3,2021,4,16,19,40,sp11,Simple Call,40.432,41.178666666666665,2250,13687.5,24000,(not validated),https://rfcx-streams-production.s3.eu-west-1.amazonaws.com/2021/04/17/81cqy10ep7pa/287b7027-7a7c-42be-9292-7d17ac3e853f.flac?AWSAccessKeyId=AKIA45B7YWBX7MUJ7QCX&Expires=1719836145&Signature=INkaCjxjk5Pc8qGrdeTXTbXEXOk%3D,0.22617159545099733,24641
721961732,K3am-2021-04-17_18-20.WAV,2021 Kern 3,2021,4,17,18,20,sp11,Simple Call,52.752,53.498666666666665,2250,13687.5,24000,(not validated),https://rfcx-streams-production.s3.eu-west-1.amazonaws.com/2021/04/18/81cqy10ep7pa/0106ec26-3c04-4e5c-a5f3-ca783388a1c6.flac?AWSAccessKeyId=AKIA45B7YWBX7MUJ7QCX&Expires=1719836145&Signature=vCCmyr1ei9waB2v4e0WcE%2BEa6tQ%3D,0.21255624757635547,24641
721961733,K3am-2021-04-18_07-20.WAV,2021 Kern 3,2021,4,18,7,20,sp11,Simple Call,50.93866666666667,51.68533333333333,2250,13687.5,24000,(not validated),https://rfcx-streams-production.s3.eu-west-1.amazonaws.com/2021/04/18/81cqy10ep7pa/f11c6d80-9dfe-404a-8acf-43dadad4a3f5.flac?AWSAccessKeyId=AKIA45B7YWBX7MUJ7QCX&Expires=1719836145&Signature=SmTmEblAkHPWnel5QxRzTXdTPQw%3D,0.20489045338248182,24641
721961734,K3am-2021-04-18_05-40.WAV,2021 Kern 3,2021,4,18,5,40,sp11,Simple Call,4.986666666666666,5.733333333333333,2250,13687.5,24000,(not validated),https://rfcx-streams-production.s3.eu-west-1.amazonaws.com/2021/04/18/81cqy10ep7pa/d9803e85-b1d9-423c-b8b5-79547cc83a6a.flac?AWSAccessKeyId=AKIA45B7YWBX7MUJ7QCX&Expires=1719836145&Signature=NOEsBtZjMesVTkXc1%2BWv4Wm7ybw%3D,0.2113501965702012,24641
721961735,K3am-2021-04-18_09-20.WAV,2021 Kern 3,2021,4,18,9,20,sp11,Simple Call,6.234666666666667,6.981333333333334,2250,13687.5,24000,(not validated),https://rfcx-streams-production.s3.eu-west-1.amazonaws.com/2021/04/18/81cqy10ep7pa/5e81edb5-4f8a-41ed-b961-198bc246267e.flac?AWSAccessKeyId=AKIA45B7YWBX7MUJ7QCX&Expires=1719836145&Signature=nLGTSoL8fcTQqv9H6mvoHBWhHi8%3D,0.23389745268918363,24641
721961736,K3am-2021-04-18_13-00.WAV,2021 Kern 3,2021,4,18,13,0,sp11,Simple Call,56.50666666666667,57.25333333333333,2250,13687.5,24000,(not validated),https://rfcx-streams-production.s3.eu-west-1.amazonaws.com/2021/04/18/81cqy10ep7pa/6a6ec42b-4c56-4056-9ded-2204147ab56c.flac?AWSAccessKeyId=AKIA45B7YWBX7MUJ7QCX&Expires=1719836145&Signature=sREfp6EDH6yT6oHj1FDDENwV3ZU%3D,0.20483569383464775,24641
721961737,K3am-2021-04-17_07-00.WAV,2021 Kern 3,2021,4,17,7,0,sp11,Simple Call,13.072,13.818666666666667,2250,13687.5,24000,(not validated),https://rfcx-streams-production.s3.eu-west-1.amazonaws.com/2021/04/17/81cqy10ep7pa/9e9a78ff-100d-4e62-bf71-5e6c3bf02fb2.flac?AWSAccessKeyId=AKIA45B7YWBX7MUJ7QCX&Expires=1719836145&Signature=oOq75T2CvZXjEOaqSjeMJCfSKa0%3D,0.21238345419884133,24641
721961738,K3am-2021-04-17_11-40.WAV,2021 Kern 3,2021,4,17,11,40,sp11,Simple Call,56.44266666666667,57.18933333333333,2250,13687.5,24000,(not validated),https://rfcx-streams-production.s3.eu-west-1.amazonaws.com/2021/04/17/81cqy10ep7pa/5538a33a-f936-498a-9a94-26835c78e43d.flac?AWSAccessKeyId=AKIA45B7YWBX7MUJ7QCX&Expires=1719836145&Signature=bHo2oqlb%2BLT5QswMjMQCTuXxpVQ%3D,0.2124078078272321,24641
721961739,K3am-2021-04-17_16-40.WAV,2021 Kern 3,2021,4,17,16,40,sp11,Simple Call,24.741333333333333,25.488,2250,13687.5,24000,(not validated),https://rfcx-streams-production.s3.eu-west-1.amazonaws.com/2021/04/17/81cqy10ep7pa/089fc698-b810-4dcc-9a07-aac72c29766b.flac?AWSAccessKeyId=AKIA45B7YWBX7MUJ7QCX&Expires=1719836145&Signature=qwJyadBu8LpsLxKvOuvnUdp2hy4%3D,0.26674176595145077,24641
721961740,K3am-2021-04-17_08-20.WAV,2021 Kern 3,2021,4,17,8,20,sp11,Simple Call,26.373333333333335,27.12,2250,13687.5,24000,(not validated),https://rfcx-streams-production.s3.eu-west-1.amazonaws.com/2021/04/17/81cqy10ep7pa/0a602b1c-5fbe-4d91-8f83-60a1a99cb065.flac?AWSAccessKeyId=AKIA45B7YWBX7MUJ7QCX&Expires=1719836145&Signature=%2FCvEco4079y6RJHJ2wVLAmdoeRU%3D,0.24776848694962356,24641
721961741,K3am-2021-04-18_19-00.WAV,2021 Kern 3,2021,4,18,19,0,sp11,Simple Call,5.312,6.058666666666666,2250,13687.5,24000,(not validated),https://rfcx-streams-production.s3.eu-west-1.amazonaws.com/2021/04/19/81cqy10ep7pa/cb4d3dd9-aa27-4af8-a694-750c5b0b2f9b.flac?AWSAccessKeyId=AKIA45B7YWBX7MUJ7QCX&Expires=1719836145&Signature=cbeWlQCnvl06gsQMGdbhw4JmLaY%3D,0.25029235886649587,24641
721961742,K3am-2021-04-18_06-00.WAV,2021 Kern 3,2021,4,18,6,0,sp11,Simple Call,40.373333333333335,41.12,2250,13687.5,24000,(not validated),https://rfcx-streams-production.s3.eu-west-1.amazonaws.com/2021/04/18/81cqy10ep7pa/6f7ee29a-cf2d-48e8-9e7b-469da73466bb.flac?AWSAccessKeyId=AKIA45B7YWBX7MUJ7QCX&Expires=1719836145&Signature=Hog7wBFCVeCrareh2Lh7Box%2FF%2F8%3D,0.21610366843505047,24641
721961743,K3am-2021-04-18_19-20.WAV,2021 Kern 3,2021,4,18,19,20,sp11,Simple Call,50.384,51.13066666666667,2250,13687.5,24000,(not validated),https://rfcx-streams-production.s3.eu-west-1.amazonaws.com/2021/04/19/81cqy10ep7pa/c65d70f3-c68c-48dc-90a6-94f7e2bc2624.flac?AWSAccessKeyId=AKIA45B7YWBX7MUJ7QCX&Expires=1719836145&Signature=vfJhE50KPrnxjMamjEbXdWuLu8A%3D,0.24675410418085467,24641
721961744,K3am-2021-04-19_06-40.WAV,2021 Kern 3,2021,4,19,6,40,sp11,Simple Call,14.794666666666666,15.541333333333334,2250,13687.5,24000,(not validated),https://rfcx-streams-production.s3.eu-west-1.amazonaws.com/2021/04/19/81cqy10ep7pa/9e25dd60-d1eb-4039-a230-2c0d28ae6778.flac?AWSAccessKeyId=AKIA45B7YWBX7MUJ7QCX&Expires=1719836145&Signature=HTOgNnIL2vH4o6wVh%2BTmdtEmdEE%3D,0.24498322943730544,24641
721961745,K3am-2021-04-19_07-20.WAV,2021 Kern 3,2021,4,19,7,20,sp11,Simple Call,18.288,19.034666666666666,2250,13687.5,24000,(not validated),https://rfcx-streams-production.s3.eu-west-1.amazonaws.com/2021/04/19/81cqy10ep7pa/a7778e4d-e9dc-4197-9888-077ab5780950.flac?AWSAccessKeyId=AKIA45B7YWBX7MUJ7QCX&Expires=1719836145&Signature=IGjP7WmQbCNcWGqLxWtshM%2FwPbA%3D,0.24442149880724776,24641
721961746,K3am-2021-04-19_08-40.WAV,2021 Kern 3,2021,4,19,8,40,sp11,Simple Call,2.672,3.4186666666666667,2250,13687.5,24000,(not validated),https://rfcx-streams-production.s3.eu-west-1.amazonaws.com/2021/04/19/81cqy10ep7pa/5eda8ec6-dfd4-49f1-a45b-73ea6507184d.flac?AWSAccessKeyId=AKIA45B7YWBX7MUJ7QCX&Expires=1719836145&Signature=WlniF0oxpF6xEL5fXEvn8pP8AgE%3D,0.2151901824220768,24641
721961747,K3am-2021-04-19_12-00.WAV,2021 Kern 3,2021,4,19,12,0,sp11,Simple Call,38.37866666666667,39.12533333333333,2250,13687.5,24000,(not validated),https://rfcx-streams-production.s3.eu-west-1.amazonaws.com/2021/04/19/81cqy10ep7pa/4d55408c-c1c1-4e5d-bbb3-7b3ea74b315c.flac?AWSAccessKeyId=AKIA45B7YWBX7MUJ7QCX&Expires=1719836145&Signature=qO7IAueUteh6aSzgzcd1Fc4PKEU%3D,0.2567034663264139,24641
721961748,K3am-2021-04-19_20-20.WAV,2021 Kern 3,2021,4,19,20,20,sp11,Simple Call,19.050666666666668,19.797333333333334,2250,13687.5,24000,(not validated),https://rfcx-streams-production.s3.eu-west-1.amazonaws.com/2021/04/20/81cqy10ep7pa/b23d580e-bdf1-47cc-87b3-f17fe0ff55f4.flac?AWSAccessKeyId=AKIA45B7YWBX7MUJ7QCX&Expires=1719836145&Signature=hY1OMQnHVXrh9HUrTasv%2BUe5ev0%3D,0.22062952863302987,24641
721961749,K3am-2021-04-20_09-00.WAV,2021 Kern 3,2021,4,20,9,0,sp11,Simple Call,31.685333333333332,32.432,2250,13687.5,24000,(not validated),https://rfcx-streams-production.s3.eu-west-1.amazonaws.com/2021/04/20/81cqy10ep7pa/dc6b6977-e942-4adb-b9dd-6115f56fdb5e.flac?AWSAccessKeyId=AKIA45B7YWBX7MUJ7QCX&Expires=1719836145&Signature=NBH0mVCFCEoYKxR10EwHxZuyZO8%3D,0.2923068303132741,24641
721961750,K3am-2021-04-20_05-40.WAV,2021 Kern 3,2021,4,20,5,40,sp11,Simple Call,40.266666666666666,41.013333333333335,2250,13687.5,24000,(not validated),https://rfcx-streams-production.s3.eu-west-1.amazonaws.com/2021/04/20/81cqy10ep7pa/94dd68f7-a243-4257-b5df-6765755b561d.flac?AWSAccessKeyId=AKIA45B7YWBX7MUJ7QCX&Expires=1719836145&Signature=TCLjYaa5iBERLzAYVUx4w6JFEgo%3D,0.24262231938562354,24641
721961751,K3am-2021-04-20_10-20.WAV,2021 Kern 3,2021,4,20,10,20,sp11,Simple Call,51.21066666666667,51.95733333333333,2250,13687.5,24000,(not validated),https://rfcx-streams-production.s3.eu-west-1.amazonaws.com/2021/04/20/81cqy10ep7pa/3e800f85-5228-44b6-a928-b9c4510ea02e.flac?AWSAccessKeyId=AKIA45B7YWBX7MUJ7QCX&Expires=1719836145&Signature=chXMft2tYA3KaRG5j0dRnn30Eak%3D,0.23163091230118257,24641
721961752,K3am-2021-04-20_10-40.WAV,2021 Kern 3,2021,4,20,10,40,sp11,Simple Call,12.048,12.794666666666666,2250,13687.5,24000,(not validated),https://rfcx-streams-production.s3.eu-west-1.amazonaws.com/2021/04/20/81cqy10ep7pa/37809b95-ab89-4bd5-8093-c2cb9eb0ad54.flac?AWSAccessKeyId=AKIA45B7YWBX7MUJ7QCX&Expires=1719836145&Signature=s7kIufRzbmoYLtVm4jOArfcf3VE%3D,0.23575481614560434,24641
721961753,K3am-2021-04-20_06-00.WAV,2021 Kern 3,2021,4,20,6,0,sp11,Simple Call,26.762666666666668,27.509333333333334,2250,13687.5,24000,(not validated),https://rfcx-streams-production.s3.eu-west-1.amazonaws.com/2021/04/20/81cqy10ep7pa/cf41b4db-2644-4841-b875-b5f1648dc8e4.flac?AWSAccessKeyId=AKIA45B7YWBX7MUJ7QCX&Expires=1719836145&Signature=DNzq2VYYi4YrTbY0NS%2FUG8cSkP4%3D,0.20654725885204683,24641
721961754,K3am-2021-04-20_18-40.WAV,2021 Kern 3,2021,4,20,18,40,sp11,Simple Call,44.192,44.93866666666667,2250,13687.5,24000,(not validated),https://rfcx-streams-production.s3.eu-west-1.amazonaws.com/2021/04/21/81cqy10ep7pa/6061a342-c931-43af-a6a7-362d7e17251b.flac?AWSAccessKeyId=AKIA45B7YWBX7MUJ7QCX&Expires=1719836145&Signature=oFrX3kL77YWtb7xWoVVKB1djMXk%3D,0.20848364147096635,24641
721961755,K3am-2021-04-20_08-20.WAV,2021 Kern 3,2021,4,20,8,20,sp11,Simple Call,7.52,8.266666666666667,2250,13687.5,24000,(not validated),https://rfcx-streams-production.s3.eu-west-1.amazonaws.com/2021/04/20/81cqy10ep7pa/a3bb563e-01cd-4945-b951-01fb85c1efd2.flac?AWSAccessKeyId=AKIA45B7YWBX7MUJ7QCX&Expires=1719836145&Signature=F1fxBObpLUjDsfpI3HbviE3HFNc%3D,0.25213825177975674,24641
721961756,K3am-2021-04-20_08-00.WAV,2021 Kern 3,2021,4,20,8,0,sp11,Simple Call,54.55466666666667,55.30133333333333,2250,13687.5,24000,(not validated),https://rfcx-streams-production.s3.eu-west-1.amazonaws.com/2021/04/20/81cqy10ep7pa/62534334-c920-4aec-abe3-fe61ac491065.flac?AWSAccessKeyId=AKIA45B7YWBX7MUJ7QCX&Expires=1719836145&Signature=4GKnuoe2Vx6AnZDWhpjPlZzfm6I%3D,0.21970807547605148,24641
721961757,K3am-2021-04-20_11-20.WAV,2021 Kern 3,2021,4,20,11,20,sp11,Simple Call,16,16.746666666666666,2250,13687.5,24000,(not validated),https://rfcx-streams-production.s3.eu-west-1.amazonaws.com/2021/04/20/81cqy10ep7pa/95144dd6-f719-404e-b36c-9aff1ce64e62.flac?AWSAccessKeyId=AKIA45B7YWBX7MUJ7QCX&Expires=1719836145&Signature=4MQKw91%2Bk2tstBx6qWwqD3Xx3kU%3D,0.20719483131895175,24641
721961758,K3am-2021-04-20_08-40.WAV,2021 Kern 3,2021,4,20,8,40,sp11,Simple Call,8.266666666666667,9.013333333333334,2250,13687.5,24000,(not validated),https://rfcx-streams-production.s3.eu-west-1.amazonaws.com/2021/04/20/81cqy10ep7pa/b6c392b5-b070-4a9c-a8ab-4cc535a6fb21.flac?AWSAccessKeyId=AKIA45B7YWBX7MUJ7QCX&Expires=1719836145&Signature=m%2Fxs7n3HqCeEjp47Fag0MQCtVVk%3D,0.20272739440598092,24641
721961759,K3am-2021-04-21_06-40.WAV,2021 Kern 3,2021,4,21,6,40,sp11,Simple Call,13.738666666666667,14.485333333333333,2250,13687.5,24000,(not validated),https://rfcx-streams-production.s3.eu-west-1.amazonaws.com/2021/04/21/81cqy10ep7pa/cf239e41-3cec-4a60-974b-47b1a39f2041.flac?AWSAccessKeyId=AKIA45B7YWBX7MUJ7QCX&Expires=1719836145&Signature=O3zuPdzgVaXRqSGYT8K3wRKf%2ByA%3D,0.20396648193606234,24641
721962478,K3am-2021-06-21_08-20.WAV,2021 Kern 3,2021,6,21,8,20,sp11,Simple Call,20.917333333333332,21.664,2250,13687.5,24000,(not validated),https://rfcx-streams-production.s3.eu-west-1.amazonaws.com/2021/06/21/81cqy10ep7pa/0462fa4c-891a-42a8-bdff-0cf4629e3a70.flac?AWSAccessKeyId=AKIA45B7YWBX7MUJ7QCX&Expires=1719836145&Signature=tHxPLYzX1DThjInWsudy44xHw1w%3D,0.23270124741116457,24641
721962479,K3am-2021-06-20_10-20.WAV,2021 Kern 3,2021,6,20,10,20,sp11,Simple Call,52.112,52.858666666666664,2250,13687.5,24000,(not validated),https://rfcx-streams-production.s3.eu-west-1.amazonaws.com/2021/06/20/81cqy10ep7pa/2318c29b-0072-4592-98ae-37982950648a.flac?AWSAccessKeyId=AKIA45B7YWBX7MUJ7QCX&Expires=1719836145&Signature=dxl3pT1h7obmEyW%2BHJO3DQNGyZ4%3D,0.28323054281158716,24641
721962480,K3am-2021-06-19_05-40.WAV,2021 Kern 3,2021,6,19,5,40,sp11,Simple Call,56.512,57.25866666666667,2250,13687.5,24000,(not validated),https://rfcx-streams-production.s3.eu-west-1.amazonaws.com/2021/06/19/81cqy10ep7pa/5cd9d412-afde-418b-b088-bcd2bf6e46bb.flac?AWSAccessKeyId=AKIA45B7YWBX7MUJ7QCX&Expires=1719836145&Signature=ZTjcSYRLuXEoJj9kq2KUCC5lX44%3D,0.28615408414899596,24641
721962481,K3am-2021-06-18_19-20.WAV,2021 Kern 3,2021,6,18,19,20,sp11,Simple Call,29.408,30.154666666666667,2250,13687.5,24000,(not validated),https://rfcx-streams-production.s3.eu-west-1.amazonaws.com/2021/06/19/81cqy10ep7pa/21e8b960-14a5-4a77-9119-6560b37f13ae.flac?AWSAccessKeyId=AKIA45B7YWBX7MUJ7QCX&Expires=1719836145&Signature=4kHLUDKep7Rtut5yINa0x1ZDnAQ%3D,0.21313275618256208,24641
721962482,K3am-2021-06-20_12-20.WAV,2021 Kern 3,2021,6,20,12,20,sp11,Simple Call,50.25066666666667,50.99733333333333,2250,13687.5,24000,(not validated),https://rfcx-streams-production.s3.eu-west-1.amazonaws.com/2021/06/20/81cqy10ep7pa/60efa217-08a7-455e-9900-a65f473e8140.flac?AWSAccessKeyId=AKIA45B7YWBX7MUJ7QCX&Expires=1719836145&Signature=IWItwDn1c13%2FhQKWB2C%2B4l4d9sY%3D,0.24613497284970504,24641
721962483,K3am-2021-06-19_06-00.WAV,2021 Kern 3,2021,6,19,6,0,sp11,Simple Call,49.392,50.138666666666666,2250,13687.5,24000,(not validated),https://rfcx-streams-production.s3.eu-west-1.amazonaws.com/2021/06/19/81cqy10ep7pa/715e0995-6188-4a7a-b5f2-cdcf83cb78cb.flac?AWSAccessKeyId=AKIA45B7YWBX7MUJ7QCX&Expires=1719836145&Signature=scrcp2t%2FTfG6LtmFCZDMoU9DiFE%3D,0.23678378461846888,24641
721962484,K3am-2021-06-18_20-00.WAV,2021 Kern 3,2021,6,18,20,0,sp11,Simple Call,17.429333333333332,18.176,2250,13687.5,24000,(not validated),https://rfcx-streams-production.s3.eu-west-1.amazonaws.com/2021/06/19/81cqy10ep7pa/97e84ab2-99ab-47a8-bb4c-5990a7b4d0aa.flac?AWSAccessKeyId=AKIA45B7YWBX7MUJ7QCX&Expires=1719836145&Signature=NhMN5vsJ%2BITzPs%2BjrPLZGqgu%2Fo8%3D,0.2024133079352895,24641
721962485,K3am-2021-06-19_11-00.WAV,2021 Kern 3,2021,6,19,11,0,sp11,Simple Call,8.138666666666667,8.885333333333334,2250,13687.5,24000,(not validated),https://rfcx-streams-production.s3.eu-west-1.amazonaws.com/2021/06/19/81cqy10ep7pa/09b8325c-4691-4440-aca7-a6f1dea05c79.flac?AWSAccessKeyId=AKIA45B7YWBX7MUJ7QCX&Expires=1719836145&Signature=rKDlpebGciJZTLjDmX8V8c427rc%3D,0.20370968517278099,24641
721962486,K3am-2021-06-18_07-40.WAV,2021 Kern 3,2021,6,18,7,40,sp11,Simple Call,39.2,39.946666666666665,2250,13687.5,24000,(not validated),https://rfcx-streams-production.s3.eu-west-1.amazonaws.com/2021/06/18/81cqy10ep7pa/f734c190-11cb-448e-be3f-2ac4a172808c.flac?AWSAccessKeyId=AKIA45B7YWBX7MUJ7QCX&Expires=1719836145&Signature=d6%2Fv%2B52VDfJ0CbF0i%2B9DJ0MqTl8%3D,0.22302398291352712,24641
721962487,K3am-2021-06-19_06-20.WAV,2021 Kern 3,2021,6,19,6,20,sp11,Simple Call,6.517333333333333,7.264,2250,13687.5,24000,(not validated),https://rfcx-streams-production.s3.eu-west-1.amazonaws.com/2021/06/19/81cqy10ep7pa/533f5418-6ffe-486b-bf2c-74e72c7038c3.flac?AWSAccessKeyId=AKIA45B7YWBX7MUJ7QCX&Expires=1719836145&Signature=CWkil610VVOTeQKUfSqpR%2F2yCus%3D,0.2378314053675351,24641
721962488,K3am-2021-06-18_08-20.WAV,2021 Kern 3,2021,6,18,8,20,sp11,Simple Call,24.048,24.794666666666668,2250,13687.5,24000,(not validated),https://rfcx-streams-production.s3.eu-west-1.amazonaws.com/2021/06/18/81cqy10ep7pa/af22eb93-abd0-4e2e-93da-8db9458f48f4.flac?AWSAccessKeyId=AKIA45B7YWBX7MUJ7QCX&Expires=1719836145&Signature=vyk5zbFCFmz7r2lccrassrpMbKY%3D,0.28245947994284853,24641
721962489,K3am-2021-06-16_20-20.WAV,2021 Kern 3,2021,6,16,20,20,sp11,Simple Call,1.9786666666666666,2.7253333333333334,2250,13687.5,24000,(not validated),https://rfcx-streams-production.s3.eu-west-1.amazonaws.com/2021/06/17/81cqy10ep7pa/7036d608-619a-43c3-b2b2-b8f900f14a02.flac?AWSAccessKeyId=AKIA45B7YWBX7MUJ7QCX&Expires=1719836145&Signature=sX%2FaBcS9zPXRT3rpXuzO9QzqFi4%3D,0.22466655177833558,24641
721962490,K3am-2021-06-20_08-00.WAV,2021 Kern 3,2021,6,20,8,0,sp11,Simple Call,22.101333333333333,22.848,2250,13687.5,24000,(not validated),https://rfcx-streams-production.s3.eu-west-1.amazonaws.com/2021/06/20/81cqy10ep7pa/1820aa3b-12f6-467a-a84b-da7fe3b0f301.flac?AWSAccessKeyId=AKIA45B7YWBX7MUJ7QCX&Expires=1719836145&Signature=XZ6mm%2Bcj55448HhenB8fMI5gW4E%3D,0.23122035641936245,24641
721962491,K3am-2021-06-18_07-20.WAV,2021 Kern 3,2021,6,18,7,20,sp11,Simple Call,45.63733333333333,46.384,2250,13687.5,24000,(not validated),https://rfcx-streams-production.s3.eu-west-1.amazonaws.com/2021/06/18/81cqy10ep7pa/4638c695-2ff5-4123-b2c3-6e7868593fb7.flac?AWSAccessKeyId=AKIA45B7YWBX7MUJ7QCX&Expires=1719836145&Signature=B2NUWh4zZZddf13%2FODNy18soFuA%3D,0.25510189934775546,24641
721962492,K3am-2021-06-16_07-40.WAV,2021 Kern 3,2021,6,16,7,40,sp11,Simple Call,17.834666666666667,18.581333333333333,2250,13687.5,24000,(not validated),https://rfcx-streams-production.s3.eu-west-1.amazonaws.com/2021/06/16/81cqy10ep7pa/ee224979-233d-4bc0-92c5-0bfccafe59e4.flac?AWSAccessKeyId=AKIA45B7YWBX7MUJ7QCX&Expires=1719836145&Signature=fHUhbEZEKv8Cv4tG25daR0Opmp4%3D,0.20792691840532515,24641
721962493,K3am-2021-06-16_08-40.WAV,2021 Kern 3,2021,6,16,8,40,sp11,Simple Call,44.112,44.858666666666664,2250,13687.5,24000,(not validated),https://rfcx-streams-production.s3.eu-west-1.amazonaws.com/2021/06/16/81cqy10ep7pa/4dad4895-5da1-4127-bc22-2d7888fcef11.flac?AWSAccessKeyId=AKIA45B7YWBX7MUJ7QCX&Expires=1719836145&Signature=iIuVeeTq1hK%2F1nJJWgmxQFLklIw%3D,0.22118927206405323,24641
721962494,K3am-2021-06-15_08-00.WAV,2021 Kern 3,2021,6,15,8,0,sp11,Simple Call,47.424,48.17066666666667,2250,13687.5,24000,(not validated),https://rfcx-streams-production.s3.eu-west-1.amazonaws.com/2021/06/15/81cqy10ep7pa/3cb3959f-be9d-4c91-9351-9ef5f065122e.flac?AWSAccessKeyId=AKIA45B7YWBX7MUJ7QCX&Expires=1719836145&Signature=Sn70fBPKNLvE5BXOkam5uolycNs%3D,0.22513218008573788,24641
721962495,K3am-2021-06-16_09-20.WAV,2021 Kern 3,2021,6,16,9,20,sp11,Simple Call,25.344,26.090666666666667,2250,13687.5,24000,(not validated),https://rfcx-streams-production.s3.eu-west-1.amazonaws.com/2021/06/16/81cqy10ep7pa/aae17acf-fa18-4595-91b3-26135dd1e882.flac?AWSAccessKeyId=AKIA45B7YWBX7MUJ7QCX&Expires=1719836145&Signature=aO31Frnw30haZkUDH29PYFAaz8w%3D,0.20741363295394635,24641
721962496,K3am-2021-06-15_13-00.WAV,2021 Kern 3,2021,6,15,13,0,sp11,Simple Call,47.06133333333333,47.808,2250,13687.5,24000,(not validated),https://rfcx-streams-production.s3.eu-west-1.amazonaws.com/2021/06/15/81cqy10ep7pa/d446d86b-13d8-4ce8-b706-a7716e391c68.flac?AWSAccessKeyId=AKIA45B7YWBX7MUJ7QCX&Expires=1719836145&Signature=ebCiHOAbPBn8vVyxDnZ1GiPxZqU%3D,0.20945669367775557,24641
721962497,K3am-2021-06-14_20-20.WAV,2021 Kern 3,2021,6,14,20,20,sp11,Simple Call,27.52,28.266666666666666,2250,13687.5,24000,(not validated),https://rfcx-streams-production.s3.eu-west-1.amazonaws.com/2021/06/15/81cqy10ep7pa/222f2089-19ec-48da-8e19-4752af773a5d.flac?AWSAccessKeyId=AKIA45B7YWBX7MUJ7QCX&Expires=1719836145&Signature=FSbBcLhWoMNJdriFB%2FPahdqiBRs%3D,0.20284905608919596,24641
721962498,K3am-2021-06-13_07-40.WAV,2021 Kern 3,2021,6,13,7,40,sp11,Simple Call,53.80266666666667,54.54933333333334,2250,13687.5,24000,(not validated),https://rfcx-streams-production.s3.eu-west-1.amazonaws.com/2021/06/13/81cqy10ep7pa/34d6d030-775a-44f2-8817-886b1e106505.flac?AWSAccessKeyId=AKIA45B7YWBX7MUJ7QCX&Expires=1719836145&Signature=MY3ICPyDDPSq2wrqiaNSqcP%2F5lA%3D,0.21219303435734427,24641
721962499,K3am-2021-06-15_19-20.WAV,2021 Kern 3,2021,6,15,19,20,sp11,Simple Call,47.424,48.17066666666667,2250,13687.5,24000,(not validated),https://rfcx-streams-production.s3.eu-west-1.amazonaws.com/2021/06/16/81cqy10ep7pa/9c1af086-01ff-4246-a529-33bb00dac372.flac?AWSAccessKeyId=AKIA45B7YWBX7MUJ7QCX&Expires=1719836145&Signature=uy9sgg3O4RI%2B%2Fnab9gFSasXNids%3D,0.2982345606601351,24641
721962500,K3am-2021-06-15_16-00.WAV,2021 Kern 3,2021,6,15,16,0,sp11,Simple Call,24.82133333333333,25.568,2250,13687.5,24000,(not validated),https://rfcx-streams-production.s3.eu-west-1.amazonaws.com/2021/06/15/81cqy10ep7pa/a4260165-7650-40e3-a83d-1bc557d00214.flac?AWSAccessKeyId=AKIA45B7YWBX7MUJ7QCX&Expires=1719836145&Signature=xyMuMWXXldiHwbV1fbGNTT7dVro%3D,0.24179500800911707,24641
721962501,K3am-2021-06-12_11-00.WAV,2021 Kern 3,2021,6,12,11,0,sp11,Simple Call,44.101333333333336,44.848,2250,13687.5,24000,(not validated),https://rfcx-streams-production.s3.eu-west-1.amazonaws.com/2021/06/12/81cqy10ep7pa/651a67d8-554d-4964-8d58-21962a427c53.flac?AWSAccessKeyId=AKIA45B7YWBX7MUJ7QCX&Expires=1719836145&Signature=OF6%2Fi%2B6HRn9A4v%2FzTnB0LUVZZhs%3D,0.2330764123102097,24641
721962502,K3am-2021-06-13_10-40.WAV,2021 Kern 3,2021,6,13,10,40,sp11,Simple Call,56.89066666666667,57.63733333333333,2250,13687.5,24000,(not validated),https://rfcx-streams-production.s3.eu-west-1.amazonaws.com/2021/06/13/81cqy10ep7pa/4110717d-ed6c-4bb1-a181-023dcba65e53.flac?AWSAccessKeyId=AKIA45B7YWBX7MUJ7QCX&Expires=1719836145&Signature=TkTu73RnWP83yFF%2FJGo7znnuYlc%3D,0.2152935774314321,24641
721962503,K3am-2021-06-11_06-40.WAV,2021 Kern 3,2021,6,11,6,40,sp11,Simple Call,5.226666666666667,5.973333333333334,2250,13687.5,24000,(not validated),https://rfcx-streams-production.s3.eu-west-1.amazonaws.com/2021/06/11/81cqy10ep7pa/3294241a-b0b0-4bbc-a86c-dbe4f84630ad.flac?AWSAccessKeyId=AKIA45B7YWBX7MUJ7QCX&Expires=1719836145&Signature=TL6hKcLjFR3ZKUOMYLVDM3PbxLM%3D,0.34167352131657763,24641
721962504,K3am-2021-06-11_09-00.WAV,2021 Kern 3,2021,6,11,9,0,sp11,Simple Call,49.717333333333336,50.464,2250,13687.5,24000,(not validated),https://rfcx-streams-production.s3.eu-west-1.amazonaws.com/2021/06/11/81cqy10ep7pa/047a2222-573f-47da-8e32-6e4857944c6d.flac?AWSAccessKeyId=AKIA45B7YWBX7MUJ7QCX&Expires=1719836145&Signature=eAGvzE82DrVcnDfZrXPxMfgBTc0%3D,0.22241436099174988,24641
721962505,K3am-2021-06-12_13-00.WAV,2021 Kern 3,2021,6,12,13,0,sp11,Simple Call,39.029333333333334,39.776,2250,13687.5,24000,(not validated),https://rfcx-streams-production.s3.eu-west-1.amazonaws.com/2021/06/12/81cqy10ep7pa/4cbc7dee-04bd-4c0f-92b4-24dbdbdd4a67.flac?AWSAccessKeyId=AKIA45B7YWBX7MUJ7QCX&Expires=1719836145&Signature=6V15xVFSPtCrY9Mu2jln3%2F64y6k%3D,0.2028367709971788,24641
721962506,K3am-2021-06-10_08-00.WAV,2021 Kern 3,2021,6,10,8,0,sp11,Simple Call,57.397333333333336,58.144,2250,13687.5,24000,(not validated),https://rfcx-streams-production.s3.eu-west-1.amazonaws.com/2021/06/10/81cqy10ep7pa/f9971c6a-cf81-4de7-8d13-692849da566f.flac?AWSAccessKeyId=AKIA45B7YWBX7MUJ7QCX&Expires=1719836145&Signature=Xc6ltW2F1w2yakhJzwLdoqJvZHM%3D,0.20955963349771642,24641
721962507,K3am-2021-06-11_07-40.WAV,2021 Kern 3,2021,6,11,7,40,sp11,Simple Call,36.25066666666667,36.99733333333333,2250,13687.5,24000,(not validated),https://rfcx-streams-production.s3.eu-west-1.amazonaws.com/2021/06/11/81cqy10ep7pa/0212123d-f7c3-463a-acae-f89f80ceb713.flac?AWSAccessKeyId=AKIA45B7YWBX7MUJ7QCX&Expires=1719836145&Signature=AZK5Dfp1mJ%2FG1iN78MpChq2mTXA%3D,0.21940512906854825,24641
721962508,K3am-2021-06-10_15-20.WAV,2021 Kern 3,2021,6,10,15,20,sp11,Simple Call,19.434666666666665,20.181333333333335,2250,13687.5,24000,(not validated),https://rfcx-streams-production.s3.eu-west-1.amazonaws.com/2021/06/10/81cqy10ep7pa/4c762f71-ae28-48c3-8b64-ca6c83e610a0.flac?AWSAccessKeyId=AKIA45B7YWBX7MUJ7QCX&Expires=1719836145&Signature=brZ8eq4jKvJaszQwlDb%2BSWp6DX0%3D,0.24736929348813017,24641
721962509,K3am-2021-06-10_07-00.WAV,2021 Kern 3,2021,6,10,7,0,sp11,Simple Call,51.32266666666667,52.06933333333333,2250,13687.5,24000,(not validated),https://rfcx-streams-production.s3.eu-west-1.amazonaws.com/2021/06/10/81cqy10ep7pa/88868aa1-ab22-49ff-a214-0179db5a57bb.flac?AWSAccessKeyId=AKIA45B7YWBX7MUJ7QCX&Expires=1719836145&Signature=nqJoa924zZA5MNeYMzzNfbbMk4Q%3D,0.2334387392070592,24641
721962510,K3am-2021-06-11_17-40.WAV,2021 Kern 3,2021,6,11,17,40,sp11,Simple Call,34.256,35.00266666666667,2250,13687.5,24000,(not validated),https://rfcx-streams-production.s3.eu-west-1.amazonaws.com/2021/06/12/81cqy10ep7pa/eef89e1f-9b3a-4375-b1f0-c71a08316122.flac?AWSAccessKeyId=AKIA45B7YWBX7MUJ7QCX&Expires=1719836145&Signature=lIqAxEOZp%2BJcFKSK2Hs9BgJQEOY%3D,0.22593649430261764,24641
721962511,K3am-2021-06-09_05-40.WAV,2021 Kern 3,2021,6,9,5,40,sp11,Simple Call,46.784,47.53066666666667,2250,13687.5,24000,(not validated),https://rfcx-streams-production.s3.eu-west-1.amazonaws.com/2021/06/09/81cqy10ep7pa/7e2054c7-423b-4e8c-83f5-5cf17c3d0667.flac?AWSAccessKeyId=AKIA45B7YWBX7MUJ7QCX&Expires=1719836145&Signature=49ZQ0fStgTYzYJtYg3BcFfZ7b48%3D,0.28195540276309033,24641
721962512,K3am-2021-06-09_17-00.WAV,2021 Kern 3,2021,6,9,17,0,sp11,Simple Call,3.445333333333333,4.192,2250,13687.5,24000,(not validated),https://rfcx-streams-production.s3.eu-west-1.amazonaws.com/2021/06/10/81cqy10ep7pa/4d2d7343-7659-470d-b60b-18fdf3c02440.flac?AWSAccessKeyId=AKIA45B7YWBX7MUJ7QCX&Expires=1719836145&Signature=v01rNmoqSvYX46A43Duv0PTVgB8%3D,0.31631069453433075,24641
721962513,K3am-2021-06-11_18-00.WAV,2021 Kern 3,2021,6,11,18,0,sp11,Simple Call,6.133333333333334,6.88,2250,13687.5,24000,(not validated),https://rfcx-streams-production.s3.eu-west-1.amazonaws.com/2021/06/12/81cqy10ep7pa/aa4fe29c-478e-471c-a4e3-470057ac4d82.flac?AWSAccessKeyId=AKIA45B7YWBX7MUJ7QCX&Expires=1719836145&Signature=M7WO5mdeRe1K%2BBHdJNaQ5OYUqEk%3D,0.29152467255918374,24641
721962514,K3am-2021-06-10_05-40.WAV,2021 Kern 3,2021,6,10,5,40,sp11,Simple Call,46.70933333333333,47.456,2250,13687.5,24000,(not validated),https://rfcx-streams-production.s3.eu-west-1.amazonaws.com/2021/06/10/81cqy10ep7pa/f2d5e824-aeeb-45aa-b5d4-3a47256e94f2.flac?AWSAccessKeyId=AKIA45B7YWBX7MUJ7QCX&Expires=1719836145&Signature=02LFTb3vMbk475lklMVcyf6ehJk%3D,0.21290870990723804,24641
721962515,K3am-2021-06-09_05-00.WAV,2021 Kern 3,2021,6,9,5,0,sp11,Simple Call,53.306666666666665,54.053333333333335,2250,13687.5,24000,(not validated),https://rfcx-streams-production.s3.eu-west-1.amazonaws.com/2021/06/09/81cqy10ep7pa/ca2e8545-9e15-43dc-8e75-ee14bdaeef3e.flac?AWSAccessKeyId=AKIA45B7YWBX7MUJ7QCX&Expires=1719836145&Signature=sw8ecbI%2BQylouham9ZPRoeHtJ7Y%3D,0.26092662353007295,24641
721962827,K3am-2021-06-29_08-40.WAV,2021 Kern 3,2021,6,29,8,40,sp11,Simple Call,47.67466666666667,48.42133333333334,2250,13687.5,24000,(not validated),https://rfcx-streams-production.s3.eu-west-1.amazonaws.com/2021/06/29/81cqy10ep7pa/f8c8eb1d-a337-4708-834c-7235bd0c248e.flac?AWSAccessKeyId=AKIA45B7YWBX7MUJ7QCX&Expires=1719836145&Signature=ABNEO2flPAYh642qYSnPccIzu3A%3D,0.2560224041728344,24641
721962828,K3am-2021-06-24_07-20.WAV,2021 Kern 3,2021,6,24,7,20,sp11,Simple Call,0.9013333333333333,1.648,2250,13687.5,24000,(not validated),https://rfcx-streams-production.s3.eu-west-1.amazonaws.com/2021/06/24/81cqy10ep7pa/2cc6cdc0-b96f-48cc-87d9-253ae34fb1c9.flac?AWSAccessKeyId=AKIA45B7YWBX7MUJ7QCX&Expires=1719836145&Signature=iEtLBkynqhC80lBmkoIJ1rp07AM%3D,0.2169733697492219,24641
721962829,K3am-2021-06-24_14-20.WAV,2021 Kern 3,2021,6,24,14,20,sp11,Simple Call,57.248,57.99466666666667,2250,13687.5,24000,(not validated),https://rfcx-streams-production.s3.eu-west-1.amazonaws.com/2021/06/24/81cqy10ep7pa/b51c82d3-53e2-4def-84d6-0ce16053e664.flac?AWSAccessKeyId=AKIA45B7YWBX7MUJ7QCX&Expires=1719836145&Signature=D4PdKtbng18eTSgDcu1vv%2BlAWlU%3D,0.20880444484436558,24641
721962830,K3am-2021-06-30_16-20.WAV,2021 Kern 3,2021,6,30,16,20,sp11,Simple Call,52.46933333333333,53.216,2250,13687.5,24000,(not validated),https://rfcx-streams-production.s3.eu-west-1.amazonaws.com/2021/06/30/81cqy10ep7pa/36c68398-277b-45f9-ae53-35d4fa0ae7ae.flac?AWSAccessKeyId=AKIA45B7YWBX7MUJ7QCX&Expires=1719836145&Signature=MlgxbZuWrqx1yUguA3N8ehqPsKs%3D,0.20884415424184474,24641
721962831,K3am-2021-06-29_07-40.WAV,2021 Kern 3,2021,6,29,7,40,sp11,Simple Call,41.12,41.86666666666667,2250,13687.5,24000,(not validated),https://rfcx-streams-production.s3.eu-west-1.amazonaws.com/2021/06/29/81cqy10ep7pa/e88248f6-17a4-4d30-9e5e-a36287f920d1.flac?AWSAccessKeyId=AKIA45B7YWBX7MUJ7QCX&Expires=1719836145&Signature=2HW8IEmzO%2FeY%2FcAi9CUKSr2VLNo%3D,0.20238708433711766,24641
721962832,K3am-2021-07-18_06-20.WAV,2021 Kern 3,2021,7,18,6,20,sp11,Simple Call,7.1466666666666665,7.8933333333333335,2250,13687.5,24000,(not validated),https://rfcx-streams-production.s3.eu-west-1.amazonaws.com/2021/07/18/81cqy10ep7pa/ecb39985-aae2-4963-bf26-7f7794084b08.flac?AWSAccessKeyId=AKIA45B7YWBX7MUJ7QCX&Expires=1719836145&Signature=9glPpy41%2Bym78r5ryrFp6lXpgQQ%3D,0.20549976790910673,24641
721962833,K3am-2021-05-23_17-00.WAV,2021 Kern 3,2021,5,23,17,0,sp11,Simple Call,5.856,6.602666666666667,2250,13687.5,24000,(not validated),https://rfcx-streams-production.s3.eu-west-1.amazonaws.com/2021/05/24/81cqy10ep7pa/435bb9fe-8dd0-486c-889b-5fc218c89e93.flac?AWSAccessKeyId=AKIA45B7YWBX7MUJ7QCX&Expires=1719836145&Signature=dzssShpbCt%2BfLgtGuRJ50TURFUw%3D,0.2188275994791051,24641
721962834,K3am-2021-07-18_07-00.WAV,2021 Kern 3,2021,7,18,7,0,sp11,Simple Call,27.397333333333332,28.144,2250,13687.5,24000,(not validated),https://rfcx-streams-production.s3.eu-west-1.amazonaws.com/2021/07/18/81cqy10ep7pa/21fee6ba-b9e6-49e5-be18-634533a1eeb6.flac?AWSAccessKeyId=AKIA45B7YWBX7MUJ7QCX&Expires=1719836145&Signature=keVSeiQzpkWHdGDcIpiIDxLtzDo%3D,0.20019211934118056,24641
721962835,K3am-2021-07-18_12-40.WAV,2021 Kern 3,2021,7,18,12,40,sp11,Simple Call,50.91733333333333,51.664,2250,13687.5,24000,(not validated),https://rfcx-streams-production.s3.eu-west-1.amazonaws.com/2021/07/18/81cqy10ep7pa/9675fd50-67d6-4a28-bb3f-47c6bc4e7505.flac?AWSAccessKeyId=AKIA45B7YWBX7MUJ7QCX&Expires=1719836145&Signature=sEMDIUfY5vo8C3WuCtG60ELUigs%3D,0.26372173840041974,24641
721962836,K3am-2021-05-24_21-20.WAV,2021 Kern 3,2021,5,24,21,20,sp11,Simple Call,57.472,58.218666666666664,2250,13687.5,24000,(not validated),https://rfcx-streams-production.s3.eu-west-1.amazonaws.com/2021/05/25/81cqy10ep7pa/12f6c901-71e7-4a19-a40c-30268412401f.flac?AWSAccessKeyId=AKIA45B7YWBX7MUJ7QCX&Expires=1719836145&Signature=TbvAkrUJba1TVAYdP%2Bzq1GXLaEE%3D,0.20194900090245152,24641
721962837,K3am-2021-05-24_19-40.WAV,2021 Kern 3,2021,5,24,19,40,sp11,Simple Call,18.864,19.610666666666667,2250,13687.5,24000,(not validated),https://rfcx-streams-production.s3.eu-west-1.amazonaws.com/2021/05/25/81cqy10ep7pa/f9285682-0fcf-4c35-b56c-9b90645167a2.flac?AWSAccessKeyId=AKIA45B7YWBX7MUJ7QCX&Expires=1719836145&Signature=9PSrE2xp6%2FdRkgNT%2BqY3uMZ%2BFqY%3D,0.23176959188501753,24641
721962838,K3am-2021-05-23_21-00.WAV,2021 Kern 3,2021,5,23,21,0,sp11,Simple Call,46.55466666666667,47.30133333333333,2250,13687.5,24000,(not validated),https://rfcx-streams-production.s3.eu-west-1.amazonaws.com/2021/05/24/81cqy10ep7pa/314a35ca-b858-4f5c-8b5d-88c19d2c57b1.flac?AWSAccessKeyId=AKIA45B7YWBX7MUJ7QCX&Expires=1719836145&Signature=q9luiJpNV%2BDM5PonHaU5l8N1Nvk%3D,0.2371658768540241,24641
721962839,K3am-2021-05-23_06-40.WAV,2021 Kern 3,2021,5,23,6,40,sp11,Simple Call,38.08,38.82666666666667,2250,13687.5,24000,(not validated),https://rfcx-streams-production.s3.eu-west-1.amazonaws.com/2021/05/23/81cqy10ep7pa/774f97ac-cb23-4edf-9306-3be2479b0eb4.flac?AWSAccessKeyId=AKIA45B7YWBX7MUJ7QCX&Expires=1719836145&Signature=JsJWAfsVPAgK9HVGA4Rsrr66CaA%3D,0.2370998851747832,24641
721962840,K3am-2021-06-11_12-20.WAV,2021 Kern 3,2021,6,11,12,20,sp11,Simple Call,46.06933333333333,46.816,2250,13687.5,24000,(not validated),https://rfcx-streams-production.s3.eu-west-1.amazonaws.com/2021/06/11/81cqy10ep7pa/438bee6a-a627-4471-af9a-36194d902566.flac?AWSAccessKeyId=AKIA45B7YWBX7MUJ7QCX&Expires=1719836145&Signature=WJJZ7sEfr8Ah4E6q05ioUOSfAXs%3D,0.20721282478024078,24641
721962841,K3am-2021-06-06_05-00.WAV,2021 Kern 3,2021,6,6,5,0,sp11,Simple Call,43.818666666666665,44.565333333333335,2250,13687.5,24000,(not validated),https://rfcx-streams-production.s3.eu-west-1.amazonaws.com/2021/06/06/81cqy10ep7pa/6fa7fb3c-267e-4cad-ac48-bb303f6ed268.flac?AWSAccessKeyId=AKIA45B7YWBX7MUJ7QCX&Expires=1719836145&Signature=0k8WNBaGxlnzUNjb2F0EFUew8C4%3D,0.21340387411832526,24641
721962842,K3am-2021-06-07_13-20.WAV,2021 Kern 3,2021,6,7,13,20,sp11,Simple Call,17.754666666666665,18.501333333333335,2250,13687.5,24000,(not validated),https://rfcx-streams-production.s3.eu-west-1.amazonaws.com/2021/06/07/81cqy10ep7pa/33eeea01-8172-4e17-926b-97a87347b722.flac?AWSAccessKeyId=AKIA45B7YWBX7MUJ7QCX&Expires=1719836145&Signature=ipoutsyJG%2BAawJWGzt4K1Vu7VXw%3D,0.2673809588533227,24641
721962843,K3am-2021-06-09_07-40.WAV,2021 Kern 3,2021,6,9,7,40,sp11,Simple Call,32.208,32.95466666666667,2250,13687.5,24000,(not validated),https://rfcx-streams-production.s3.eu-west-1.amazonaws.com/2021/06/09/81cqy10ep7pa/657161e8-ae3b-4f75-b9a2-a4722dc6ac59.flac?AWSAccessKeyId=AKIA45B7YWBX7MUJ7QCX&Expires=1719836145&Signature=EItHrDu5kSJjfYigv9eLDNlnZ0A%3D,0.23636673896658852,24641
721962844,K3am-2021-06-05_12-00.WAV,2021 Kern 3,2021,6,5,12,0,sp11,Simple Call,41.29066666666667,42.037333333333336,2250,13687.5,24000,(not validated),https://rfcx-streams-production.s3.eu-west-1.amazonaws.com/2021/06/05/81cqy10ep7pa/51225ac9-f644-4004-805b-cdaffcd836ba.flac?AWSAccessKeyId=AKIA45B7YWBX7MUJ7QCX&Expires=1719836145&Signature=qgkC7tnWk59T6ji4mvGa209z%2BY0%3D,0.291417618558139,24641
721962845,K3am-2021-06-01_18-40.WAV,2021 Kern 3,2021,6,1,18,40,sp11,Simple Call,16.656,17.402666666666665,2250,13687.5,24000,(not validated),https://rfcx-streams-production.s3.eu-west-1.amazonaws.com/2021/06/02/81cqy10ep7pa/c0c68793-8011-4d17-b966-89dd06451c87.flac?AWSAccessKeyId=AKIA45B7YWBX7MUJ7QCX&Expires=1719836145&Signature=pLVlHSUMX5%2Bj%2BhaqJc4GrKsC13M%3D,0.20602873418055456,24641
721962846,K3am-2021-06-08_05-00.WAV,2021 Kern 3,2021,6,8,5,0,sp11,Simple Call,23.408,24.154666666666667,2250,13687.5,24000,(not validated),https://rfcx-streams-production.s3.eu-west-1.amazonaws.com/2021/06/08/81cqy10ep7pa/528d0e67-5a88-4bcb-be51-766c9a34416c.flac?AWSAccessKeyId=AKIA45B7YWBX7MUJ7QCX&Expires=1719836145&Signature=iSovBlFXJtL2oJ%2BqsGqDPqzlTrY%3D,0.21951888191881577,24641
721962847,K3am-2021-06-21_20-20.WAV,2021 Kern 3,2021,6,21,20,20,sp11,Simple Call,52.93866666666667,53.68533333333333,2250,13687.5,24000,(not validated),https://rfcx-streams-production.s3.eu-west-1.amazonaws.com/2021/06/22/81cqy10ep7pa/b2505375-2b8c-460b-a676-14a707a856d8.flac?AWSAccessKeyId=AKIA45B7YWBX7MUJ7QCX&Expires=1719836145&Signature=mE%2FzzCp%2BGtHPHQDrATkC2ORD1Hc%3D,0.23152703454479284,24641
721962848,K3am-2021-06-13_20-20.WAV,2021 Kern 3,2021,6,13,20,20,sp11,Simple Call,42.96,43.70666666666666,2250,13687.5,24000,(not validated),https://rfcx-streams-production.s3.eu-west-1.amazonaws.com/2021/06/14/81cqy10ep7pa/201290bb-4d39-4eb4-846c-0f867a24dd01.flac?AWSAccessKeyId=AKIA45B7YWBX7MUJ7QCX&Expires=1719836145&Signature=IADv9YdiJdLFeWhmcos6uNO%2BDMc%3D,0.21120541074513358,24641
721962849,K3am-2021-06-23_06-40.WAV,2021 Kern 3,2021,6,23,6,40,sp11,Simple Call,52.922666666666665,53.669333333333334,2250,13687.5,24000,(not validated),https://rfcx-streams-production.s3.eu-west-1.amazonaws.com/2021/06/23/81cqy10ep7pa/5d709987-3ea7-402e-abfc-8359ec24b9b8.flac?AWSAccessKeyId=AKIA45B7YWBX7MUJ7QCX&Expires=1719836145&Signature=xQeiusyQyqX3ECYfCjQeJCY%2Fe%2FA%3D,0.2326316629867528,24641
721962850,K3am-2021-06-23_07-20.WAV,2021 Kern 3,2021,6,23,7,20,sp11,Simple Call,4.826666666666667,5.573333333333333,2250,13687.5,24000,(not validated),https://rfcx-streams-production.s3.eu-west-1.amazonaws.com/2021/06/23/81cqy10ep7pa/4e3421a4-da59-4f5d-91ef-768893c8df0e.flac?AWSAccessKeyId=AKIA45B7YWBX7MUJ7QCX&Expires=1719836145&Signature=ujI7nWvQf50%2Bg5ldSmyRyLx27UA%3D,0.21568284536789314,24641
721962851,K3am-2021-06-15_18-20.WAV,2021 Kern 3,2021,6,15,18,20,sp11,Simple Call,54.757333333333335,55.504,2250,13687.5,24000,(not validated),https://rfcx-streams-production.s3.eu-west-1.amazonaws.com/2021/06/16/81cqy10ep7pa/0aa68a18-7253-4e82-ba4c-1ec392061ddc.flac?AWSAccessKeyId=AKIA45B7YWBX7MUJ7QCX&Expires=1719836145&Signature=S%2Figfpo%2FwJbENQjrILlPwAEJQXs%3D,0.27783033520652495,24641
721962852,K3am-2021-06-10_19-40.WAV,2021 Kern 3,2021,6,10,19,40,sp11,Simple Call,4.421333333333333,5.168,2250,13687.5,24000,(not validated),https://rfcx-streams-production.s3.eu-west-1.amazonaws.com/2021/06/11/81cqy10ep7pa/672f92a0-382e-4954-bdd1-eae540f19734.flac?AWSAccessKeyId=AKIA45B7YWBX7MUJ7QCX&Expires=1719836145&Signature=lAFzyqD10wb%2BWFcFcRSyMxgxG0c%3D,0.2072955349937034,24641
721962853,K3am-2021-05-28_06-40.WAV,2021 Kern 3,2021,5,28,6,40,sp11,Simple Call,12.650666666666666,13.397333333333334,2250,13687.5,24000,(not validated),https://rfcx-streams-production.s3.eu-west-1.amazonaws.com/2021/05/28/81cqy10ep7pa/7b0f0f81-4224-4bec-86cf-474d0ba2889a.flac?AWSAccessKeyId=AKIA45B7YWBX7MUJ7QCX&Expires=1719836145&Signature=Dq9hoJRAGk6RbQ%2Fqim8h79heGoo%3D,0.2167181917658221,24641
721964408,K3am-2021-05-10_20-40.WAV,2021 Kern 3,2021,5,10,20,40,sp11,Simple Call,22.794666666666668,23.541333333333334,2250,13687.5,24000,(not validated),https://rfcx-streams-production.s3.eu-west-1.amazonaws.com/2021/05/11/81cqy10ep7pa/254b30fe-b6c3-4de4-8c94-6954b15284fd.flac?AWSAccessKeyId=AKIA45B7YWBX7MUJ7QCX&Expires=1719836145&Signature=1jcmv%2BvpXbszAwNnLMK%2F5k2jtjo%3D,0.2312006048166969,24641
721964409,K3am-2021-05-11_06-20.WAV,2021 Kern 3,2021,5,11,6,20,sp11,Simple Call,7.36,8.106666666666667,2250,13687.5,24000,(not validated),https://rfcx-streams-production.s3.eu-west-1.amazonaws.com/2021/05/11/81cqy10ep7pa/4db34a08-4f60-4a83-9a23-60241087597d.flac?AWSAccessKeyId=AKIA45B7YWBX7MUJ7QCX&Expires=1719836145&Signature=ecPRzPPqfY5lg8kKLnHjDyT2uN8%3D,0.2203398182973714,24641
721964410,K3am-2021-05-10_19-00.WAV,2021 Kern 3,2021,5,10,19,0,sp11,Simple Call,46.42133333333334,47.168,2250,13687.5,24000,(not validated),https://rfcx-streams-production.s3.eu-west-1.amazonaws.com/2021/05/11/81cqy10ep7pa/6a4405f0-d86c-424e-91a3-4b5891ccefc6.flac?AWSAccessKeyId=AKIA45B7YWBX7MUJ7QCX&Expires=1719836145&Signature=GbVlJ3jxTPeYAvoXvAn9Vdb28Lo%3D,0.20506247839878194,24641
721964411,K3am-2021-05-11_13-20.WAV,2021 Kern 3,2021,5,11,13,20,sp11,Simple Call,53.76533333333333,54.512,2250,13687.5,24000,(not validated),https://rfcx-streams-production.s3.eu-west-1.amazonaws.com/2021/05/11/81cqy10ep7pa/8b95ea6e-35e3-48ee-9dee-c65541e1e4e2.flac?AWSAccessKeyId=AKIA45B7YWBX7MUJ7QCX&Expires=1719836145&Signature=RJ3ljZj7TmhXgPmKsZKGW8xDgXU%3D,0.20621108960126744,24641
721964412,K3am-2021-05-11_19-20.WAV,2021 Kern 3,2021,5,11,19,20,sp11,Simple Call,32.66133333333333,33.408,2250,13687.5,24000,(not validated),https://rfcx-streams-production.s3.eu-west-1.amazonaws.com/2021/05/12/81cqy10ep7pa/0804f79b-c8c2-4c45-93a6-148012d3e7aa.flac?AWSAccessKeyId=AKIA45B7YWBX7MUJ7QCX&Expires=1719836145&Signature=R0F8wiXjiA3v2NWqYoVbv0UuNVA%3D,0.21845007112814563,24641
721964413,K3am-2021-05-11_14-20.WAV,2021 Kern 3,2021,5,11,14,20,sp11,Simple Call,2.4,3.1466666666666665,2250,13687.5,24000,(not validated),https://rfcx-streams-production.s3.eu-west-1.amazonaws.com/2021/05/11/81cqy10ep7pa/c4249648-40c1-4fe2-a44e-af7ce83f454c.flac?AWSAccessKeyId=AKIA45B7YWBX7MUJ7QCX&Expires=1719836145&Signature=BDWdwg1u6q4sUq76lvz%2FkLMbniQ%3D,0.20530443759873981,24641
721964414,K3am-2021-05-12_09-20.WAV,2021 Kern 3,2021,5,12,9,20,sp11,Simple Call,41.781333333333336,42.528,2250,13687.5,24000,(not validated),https://rfcx-streams-production.s3.eu-west-1.amazonaws.com/2021/05/12/81cqy10ep7pa/1ef9cc4a-33b4-4608-9fe2-22424191d44e.flac?AWSAccessKeyId=AKIA45B7YWBX7MUJ7QCX&Expires=1719836145&Signature=ETzTs4%2FoQ8r%2F%2B63kzGvMc74zSsU%3D,0.2304229791223309,24641
721964415,K3am-2021-05-11_07-20.WAV,2021 Kern 3,2021,5,11,7,20,sp11,Simple Call,2.2773333333333334,3.024,2250,13687.5,24000,(not validated),https://rfcx-streams-production.s3.eu-west-1.amazonaws.com/2021/05/11/81cqy10ep7pa/0c0ba9e9-2ff7-4ec0-bda3-1a6f70f3231d.flac?AWSAccessKeyId=AKIA45B7YWBX7MUJ7QCX&Expires=1719836145&Signature=pGQQknTl7aXIfE4%2FK01DDeosT6E%3D,0.20785398308078532,24641
721964416,K3am-2021-05-12_02-00.WAV,2021 Kern 3,2021,5,12,2,0,sp11,Simple Call,28.88,29.626666666666665,2250,13687.5,24000,(not validated),https://rfcx-streams-production.s3.eu-west-1.amazonaws.com/2021/05/12/81cqy10ep7pa/3469bc85-fda7-45c3-ba73-dd2bb32cc58d.flac?AWSAccessKeyId=AKIA45B7YWBX7MUJ7QCX&Expires=1719836145&Signature=biAV579OWmgBWS5On2Au23eva6c%3D,0.22415337923181441,24641
721964417,K3am-2021-05-12_04-20.WAV,2021 Kern 3,2021,5,12,4,20,sp11,Simple Call,0.544,1.2906666666666666,2250,13687.5,24000,(not validated),https://rfcx-streams-production.s3.eu-west-1.amazonaws.com/2021/05/12/81cqy10ep7pa/f0a7b21e-b4a9-4f46-9e3a-303e3d395087.flac?AWSAccessKeyId=AKIA45B7YWBX7MUJ7QCX&Expires=1719836145&Signature=COw4BlSEz4cYXr52XO9QIreW1iE%3D,0.2063652951829245,24641
721964418,K3am-2021-05-12_05-00.WAV,2021 Kern 3,2021,5,12,5,0,sp11,Simple Call,36.074666666666666,36.821333333333335,2250,13687.5,24000,(not validated),https://rfcx-streams-production.s3.eu-west-1.amazonaws.com/2021/05/12/81cqy10ep7pa/3d7a53bf-4688-4d55-99cc-2e8335b02fdc.flac?AWSAccessKeyId=AKIA45B7YWBX7MUJ7QCX&Expires=1719836145&Signature=E2bOwXfE9c1%2BhCjbTcrSiZ5GvAc%3D,0.23701066040591848,24641
721964419,K3am-2021-05-12_06-40.WAV,2021 Kern 3,2021,5,12,6,40,sp11,Simple Call,17.482666666666667,18.229333333333333,2250,13687.5,24000,(not validated),https://rfcx-streams-production.s3.eu-west-1.amazonaws.com/2021/05/12/81cqy10ep7pa/3b90bf8f-4dec-44ac-8265-3e083bc86998.flac?AWSAccessKeyId=AKIA45B7YWBX7MUJ7QCX&Expires=1719836145&Signature=HvRMo8BFhPkM0y0jwDGam4XpruI%3D,0.23569642398479906,24641
721964420,K3am-2021-05-12_08-40.WAV,2021 Kern 3,2021,5,12,8,40,sp11,Simple Call,46.037333333333336,46.784,2250,13687.5,24000,(not validated),https://rfcx-streams-production.s3.eu-west-1.amazonaws.com/2021/05/12/81cqy10ep7pa/84232a83-1484-40af-ace1-3f6173b512a0.flac?AWSAccessKeyId=AKIA45B7YWBX7MUJ7QCX&Expires=1719836145&Signature=tUUPQIVFyfMN5TeElKVeep%2BpnJU%3D,0.2114598319671345,24641
721964421,K3am-2021-05-12_18-40.WAV,2021 Kern 3,2021,5,12,18,40,sp11,Simple Call,24.938666666666666,25.685333333333332,2250,13687.5,24000,(not validated),https://rfcx-streams-production.s3.eu-west-1.amazonaws.com/2021/05/13/81cqy10ep7pa/8e6e54f7-3ce5-4966-bfb2-594c52448aa4.flac?AWSAccessKeyId=AKIA45B7YWBX7MUJ7QCX&Expires=1719836145&Signature=mOl5asbqEzKU1cJjnMH3bfXAvM4%3D,0.2859901291026509,24641
721964422,K3am-2021-05-12_20-00.WAV,2021 Kern 3,2021,5,12,20,0,sp11,Simple Call,32.608,33.35466666666667,2250,13687.5,24000,(not validated),https://rfcx-streams-production.s3.eu-west-1.amazonaws.com/2021/05/13/81cqy10ep7pa/f7d24a42-3d17-433c-9151-c926372eca60.flac?AWSAccessKeyId=AKIA45B7YWBX7MUJ7QCX&Expires=1719836145&Signature=PBrq98SCo9X82yzYtb%2FRfGF6lWg%3D,0.20360590458992647,24641
721964423,K3am-2021-05-13_08-00.WAV,2021 Kern 3,2021,5,13,8,0,sp11,Simple Call,27.205333333333332,27.952,2250,13687.5,24000,(not validated),https://rfcx-streams-production.s3.eu-west-1.amazonaws.com/2021/05/13/81cqy10ep7pa/e35c06a4-d160-4185-b11b-a2469a2df459.flac?AWSAccessKeyId=AKIA45B7YWBX7MUJ7QCX&Expires=1719836145&Signature=pSLS55mYqarn1ZkcxpZJ8Qa944I%3D,0.25164150064419616,24641
721964424,K3am-2021-05-13_09-20.WAV,2021 Kern 3,2021,5,13,9,20,sp11,Simple Call,53.898666666666664,54.64533333333333,2250,13687.5,24000,(not validated),https://rfcx-streams-production.s3.eu-west-1.amazonaws.com/2021/05/13/81cqy10ep7pa/de6b23d7-b6fb-4811-b2b5-4d13c5f4a4b4.flac?AWSAccessKeyId=AKIA45B7YWBX7MUJ7QCX&Expires=1719836145&Signature=%2Fs%2Bt1%2FDHQd0DS1abIVTBT44FyK4%3D,0.2550959832947007,24641
721964425,K3am-2021-05-12_07-40.WAV,2021 Kern 3,2021,5,12,7,40,sp11,Simple Call,38.010666666666665,38.757333333333335,2250,13687.5,24000,(not validated),https://rfcx-streams-production.s3.eu-west-1.amazonaws.com/2021/05/12/81cqy10ep7pa/0c4543d6-8ab5-4a5c-a994-089219512601.flac?AWSAccessKeyId=AKIA45B7YWBX7MUJ7QCX&Expires=1719836145&Signature=dH%2BPRYdDTL9r3%2FIVEckkWra8RBE%3D,0.20334302496896098,24641
721964426,K3am-2021-05-12_06-00.WAV,2021 Kern 3,2021,5,12,6,0,sp11,Simple Call,4.629333333333333,5.376,2250,13687.5,24000,(not validated),https://rfcx-streams-production.s3.eu-west-1.amazonaws.com/2021/05/12/81cqy10ep7pa/6eb29562-2602-40ee-aac8-41ca0a5e8aae.flac?AWSAccessKeyId=AKIA45B7YWBX7MUJ7QCX&Expires=1719836145&Signature=Hcdy%2FClnnEKKYcjCCp37tN%2FMclI%3D,0.20790801978860377,24641
721964427,K3am-2021-05-13_07-00.WAV,2021 Kern 3,2021,5,13,7,0,sp11,Simple Call,35.00266666666667,35.74933333333333,2250,13687.5,24000,(not validated),https://rfcx-streams-production.s3.eu-west-1.amazonaws.com/2021/05/13/81cqy10ep7pa/40ad1019-970b-4a10-b93f-0beba4058a1a.flac?AWSAccessKeyId=AKIA45B7YWBX7MUJ7QCX&Expires=1719836145&Signature=Q%2F2PizPGFEbDM%2Fya%2FfAgR91q%2BdY%3D,0.3101764018574881,24641
721964428,K3am-2021-05-13_07-20.WAV,2021 Kern 3,2021,5,13,7,20,sp11,Simple Call,37.00266666666667,37.74933333333333,2250,13687.5,24000,(not validated),https://rfcx-streams-production.s3.eu-west-1.amazonaws.com/2021/05/13/81cqy10ep7pa/a5b2ea5f-2073-4b9a-9a7e-e4e1be58bc3c.flac?AWSAccessKeyId=AKIA45B7YWBX7MUJ7QCX&Expires=1719836145&Signature=N00CpmH7ewp1vS0YWD8f94FqInI%3D,0.24068122642593362,24641
721964429,K3am-2021-05-13_18-20.WAV,2021 Kern 3,2021,5,13,18,20,sp11,Simple Call,31.776,32.522666666666666,2250,13687.5,24000,(not validated),https://rfcx-streams-production.s3.eu-west-1.amazonaws.com/2021/05/14/81cqy10ep7pa/3b31de37-d9bf-41dd-83ac-79c685b775db.flac?AWSAccessKeyId=AKIA45B7YWBX7MUJ7QCX&Expires=1719836145&Signature=hLiOvolr5ELFiee6ckVeuEc24Xs%3D,0.20577864149099953,24641
721964430,K3am-2021-05-14_07-40.WAV,2021 Kern 3,2021,5,14,7,40,sp11,Simple Call,48.66133333333333,49.408,2250,13687.5,24000,(not validated),https://rfcx-streams-production.s3.eu-west-1.amazonaws.com/2021/05/14/81cqy10ep7pa/22a0befe-e62d-4f2a-be6b-155025b27509.flac?AWSAccessKeyId=AKIA45B7YWBX7MUJ7QCX&Expires=1719836145&Signature=3eGnC4Lf7ekGoHIR%2BtL3f%2B%2BfVVM%3D,0.2617105922059388,24641
721964431,K3am-2021-05-14_05-20.WAV,2021 Kern 3,2021,5,14,5,20,sp11,Simple Call,26.314666666666668,27.061333333333334,2250,13687.5,24000,(not validated),https://rfcx-streams-production.s3.eu-west-1.amazonaws.com/2021/05/14/81cqy10ep7pa/1350ffc0-a855-472b-800a-0aaa4b106f73.flac?AWSAccessKeyId=AKIA45B7YWBX7MUJ7QCX&Expires=1719836145&Signature=6KsX765pHQzlVVBGwwZpmZr%2FYRo%3D,0.23633865589942324,24641
721964432,K3am-2021-05-14_08-20.WAV,2021 Kern 3,2021,5,14,8,20,sp11,Simple Call,12.032,12.778666666666666,2250,13687.5,24000,(not validated),https://rfcx-streams-production.s3.eu-west-1.amazonaws.com/2021/05/14/81cqy10ep7pa/3ca20f09-3923-4427-973e-6567e6b3f8f4.flac?AWSAccessKeyId=AKIA45B7YWBX7MUJ7QCX&Expires=1719836145&Signature=5XRmmOe%2Bm8F8GDRQVk2d5e%2BXG9k%3D,0.23885215938986845,24641
721964433,K3am-2021-05-13_05-20.WAV,2021 Kern 3,2021,5,13,5,20,sp11,Simple Call,4.394666666666667,5.141333333333334,2250,13687.5,24000,(not validated),https://rfcx-streams-production.s3.eu-west-1.amazonaws.com/2021/05/13/81cqy10ep7pa/17725f35-27e3-47f4-8ac9-daf0dd975337.flac?AWSAccessKeyId=AKIA45B7YWBX7MUJ7QCX&Expires=1719836145&Signature=36pujo7kpGaZk22tl%2FnuXIbwadI%3D,0.20963340303833333,24641
721964434,K3am-2021-05-14_06-40.WAV,2021 Kern 3,2021,5,14,6,40,sp11,Simple Call,48.288,49.034666666666666,2250,13687.5,24000,(not validated),https://rfcx-streams-production.s3.eu-west-1.amazonaws.com/2021/05/14/81cqy10ep7pa/b7babed6-4013-4a18-baa3-b9177409c8cb.flac?AWSAccessKeyId=AKIA45B7YWBX7MUJ7QCX&Expires=1719836145&Signature=DJ2yq1PLRnuY7NnQn56SGFYKdtQ%3D,0.24423789696110668,24641
721964435,K3am-2021-05-14_11-00.WAV,2021 Kern 3,2021,5,14,11,0,sp11,Simple Call,58.704,59.45066666666666,2250,13687.5,24000,(not validated),https://rfcx-streams-production.s3.eu-west-1.amazonaws.com/2021/05/14/81cqy10ep7pa/605af0b8-22ce-49aa-b202-b4fa7f50c6b0.flac?AWSAccessKeyId=AKIA45B7YWBX7MUJ7QCX&Expires=1719836145&Signature=wyx7MYqvi9HdrVS1egkE%2BF3jfqU%3D,0.2251297643655216,24641
721964436,K3am-2021-05-14_09-40.WAV,2021 Kern 3,2021,5,14,9,40,sp11,Simple Call,22.410666666666668,23.157333333333334,2250,13687.5,24000,(not validated),https://rfcx-streams-production.s3.eu-west-1.amazonaws.com/2021/05/14/81cqy10ep7pa/3616c276-44c4-43df-8c0b-a2c50527d545.flac?AWSAccessKeyId=AKIA45B7YWBX7MUJ7QCX&Expires=1719836145&Signature=HkH%2FYDhvJtJ6IDTxXdg7axE5HKg%3D,0.2465921227942529,24641
721964437,K3am-2021-05-14_08-00.WAV,2021 Kern 3,2021,5,14,8,0,sp11,Simple Call,31.152,31.898666666666667,2250,13687.5,24000,(not validated),https://rfcx-streams-production.s3.eu-west-1.amazonaws.com/2021/05/14/81cqy10ep7pa/c7fbf17e-e848-4f4b-8bc3-ad9838c936a2.flac?AWSAccessKeyId=AKIA45B7YWBX7MUJ7QCX&Expires=1719836145&Signature=Jhgau0CzFeKTDUqoUrGiZted29k%3D,0.23725014447161855,24641
721964438,K3am-2021-05-14_17-00.WAV,2021 Kern 3,2021,5,14,17,0,sp11,Simple Call,27.17866666666667,27.925333333333334,2250,13687.5,24000,(not validated),https://rfcx-streams-production.s3.eu-west-1.amazonaws.com/2021/05/15/81cqy10ep7pa/391680f3-48a1-4995-9dbe-760873fa8b4a.flac?AWSAccessKeyId=AKIA45B7YWBX7MUJ7QCX&Expires=1719836145&Signature=t40k2sYyRyjfqlposKHf4dLHyY8%3D,0.25007052077819064,24641
721964439,K3am-2021-05-14_07-00.WAV,2021 Kern 3,2021,5,14,7,0,sp11,Simple Call,34.496,35.242666666666665,2250,13687.5,24000,(not validated),https://rfcx-streams-production.s3.eu-west-1.amazonaws.com/2021/05/14/81cqy10ep7pa/77e592d5-6b9a-4a6d-b041-4ac7487b221b.flac?AWSAccessKeyId=AKIA45B7YWBX7MUJ7QCX&Expires=1719836145&Signature=PsPTzRhCB1hJA8QfYCQZuwBxhIU%3D,0.26894597036263207,24641
721964440,K3am-2021-05-14_10-20.WAV,2021 Kern 3,2021,5,14,10,20,sp11,Simple Call,15.365333333333334,16.112,2250,13687.5,24000,(not validated),https://rfcx-streams-production.s3.eu-west-1.amazonaws.com/2021/05/14/81cqy10ep7pa/d507d0f3-b57a-4011-968f-4b55bda45fa3.flac?AWSAccessKeyId=AKIA45B7YWBX7MUJ7QCX&Expires=1719836145&Signature=lnJdJ83vhjHlrMlcg%2Bsv4RJHI%2Fs%3D,0.22995634408480353,24641
721964441,K3am-2021-05-14_09-20.WAV,2021 Kern 3,2021,5,14,9,20,sp11,Simple Call,52.29866666666667,53.04533333333333,2250,13687.5,24000,(not validated),https://rfcx-streams-production.s3.eu-west-1.amazonaws.com/2021/05/14/81cqy10ep7pa/d49de627-2e87-4465-90af-4e6946ef356f.flac?AWSAccessKeyId=AKIA45B7YWBX7MUJ7QCX&Expires=1719836145&Signature=vwGTTswHIW8op9JHWR0UchwQ1Jg%3D,0.21710357523070517,24641
721964442,K3am-2021-05-14_08-40.WAV,2021 Kern 3,2021,5,14,8,40,sp11,Simple Call,37.781333333333336,38.528,2250,13687.5,24000,(not validated),https://rfcx-streams-production.s3.eu-west-1.amazonaws.com/2021/05/14/81cqy10ep7pa/7bfe6551-78df-4581-b3eb-7be7e29de6bf.flac?AWSAccessKeyId=AKIA45B7YWBX7MUJ7QCX&Expires=1719836145&Signature=Yo804rtpyJOWY73YFAypQEhNCLU%3D,0.25511545699759436,24641
721964443,K3am-2021-05-14_07-20.WAV,2021 Kern 3,2021,5,14,7,20,sp11,Simple Call,48.61866666666667,49.36533333333333,2250,13687.5,24000,(not validated),https://rfcx-streams-production.s3.eu-west-1.amazonaws.com/2021/05/14/81cqy10ep7pa/1a03fb2a-c486-4961-a611-d0417fe27ab2.flac?AWSAccessKeyId=AKIA45B7YWBX7MUJ7QCX&Expires=1719836145&Signature=SgQvrQyPCpf5PH%2FBEoDvuHwTMog%3D,0.2899238989804616,24641
721964444,K3am-2021-05-14_13-20.WAV,2021 Kern 3,2021,5,14,13,20,sp11,Simple Call,54.885333333333335,55.632,2250,13687.5,24000,(not validated),https://rfcx-streams-production.s3.eu-west-1.amazonaws.com/2021/05/14/81cqy10ep7pa/910ff5f7-8641-4415-95b9-a4ebdf9f40f7.flac?AWSAccessKeyId=AKIA45B7YWBX7MUJ7QCX&Expires=1719836145&Signature=FHC7NfPWasAMB0Dfak0WsJ9tboI%3D,0.2584668514994679,24641
721964445,K3am-2021-05-14_18-20.WAV,2021 Kern 3,2021,5,14,18,20,sp11,Simple Call,28.682666666666666,29.429333333333332,2250,13687.5,24000,(not validated),https://rfcx-streams-production.s3.eu-west-1.amazonaws.com/2021/05/15/81cqy10ep7pa/7692c76e-9fda-4a10-bedc-86cee39a401a.flac?AWSAccessKeyId=AKIA45B7YWBX7MUJ7QCX&Expires=1719836145&Signature=ScFAOHkkqQNjGI8%2FmcqXxc5jGX4%3D,0.20597585859347867,24641
721964446,K3am-2021-05-15_04-20.WAV,2021 Kern 3,2021,5,15,4,20,sp11,Simple Call,20.677333333333333,21.424,2250,13687.5,24000,(not validated),https://rfcx-streams-production.s3.eu-west-1.amazonaws.com/2021/05/15/81cqy10ep7pa/29031d40-44b8-40c6-9e7e-917b5eee909a.flac?AWSAccessKeyId=AKIA45B7YWBX7MUJ7QCX&Expires=1719836145&Signature=DICJhDZSvXYNsmV%2F0jaHvJhHTYU%3D,0.20832728425017175,24641
721964447,K3am-2021-05-15_07-40.WAV,2021 Kern 3,2021,5,15,7,40,sp11,Simple Call,35.97866666666667,36.72533333333333,2250,13687.5,24000,(not validated),https://rfcx-streams-production.s3.eu-west-1.amazonaws.com/2021/05/15/81cqy10ep7pa/5faeae75-3559-4329-8eb1-afb022cef640.flac?AWSAccessKeyId=AKIA45B7YWBX7MUJ7QCX&Expires=1719836145&Signature=XHvLOU4gDXnUqt0MxoUQnL84Rhs%3D,0.2097306174857587,24641
721964448,K3am-2021-05-15_06-40.WAV,2021 Kern 3,2021,5,15,6,40,sp11,Simple Call,35.76533333333333,36.512,2250,13687.5,24000,(not validated),https://rfcx-streams-production.s3.eu-west-1.amazonaws.com/2021/05/15/81cqy10ep7pa/24c8f1f9-4204-46c8-8459-526c7e73abb9.flac?AWSAccessKeyId=AKIA45B7YWBX7MUJ7QCX&Expires=1719836145&Signature=tISpUPk5VUF18FBMaf2N%2BmeAYJI%3D,0.2497374811553255,24641
721964449,K3am-2021-05-15_06-20.WAV,2021 Kern 3,2021,5,15,6,20,sp11,Simple Call,27.690666666666665,28.437333333333335,2250,13687.5,24000,(not validated),https://rfcx-streams-production.s3.eu-west-1.amazonaws.com/2021/05/15/81cqy10ep7pa/527bb4f7-cdd4-4080-94cd-85af239c210a.flac?AWSAccessKeyId=AKIA45B7YWBX7MUJ7QCX&Expires=1719836145&Signature=ST0yiK6bv1lzkEIhStv9670niUQ%3D,0.270511430917871,24641
721964450,K3am-2021-05-15_12-00.WAV,2021 Kern 3,2021,5,15,12,0,sp11,Simple Call,2.1013333333333333,2.848,2250,13687.5,24000,(not validated),https://rfcx-streams-production.s3.eu-west-1.amazonaws.com/2021/05/15/81cqy10ep7pa/15d8bfd2-a2d4-4aa1-8b47-1f10e851bece.flac?AWSAccessKeyId=AKIA45B7YWBX7MUJ7QCX&Expires=1719836145&Signature=hdmSctcZyMLa9nYGCaPHUzkfYyw%3D,0.26179379509909884,24641
721964451,K3am-2021-05-15_11-40.WAV,2021 Kern 3,2021,5,15,11,40,sp11,Simple Call,37.461333333333336,38.208,2250,13687.5,24000,(not validated),https://rfcx-streams-production.s3.eu-west-1.amazonaws.com/2021/05/15/81cqy10ep7pa/31c1a1bc-9668-4e45-aef5-94eefa34b0af.flac?AWSAccessKeyId=AKIA45B7YWBX7MUJ7QCX&Expires=1719836145&Signature=VurQuxvHsRPgqMMbFbKKyQmL96E%3D,0.22230986111767373,24641
721965447,K3am-2021-06-05_09-40.WAV,2021 Kern 3,2021,6,5,9,40,sp11,Simple Call,1.52,2.2666666666666666,2250,13687.5,24000,(not validated),https://rfcx-streams-production.s3.eu-west-1.amazonaws.com/2021/06/05/81cqy10ep7pa/a4b00e87-e905-4dd3-b3e8-71b9d0a98f73.flac?AWSAccessKeyId=AKIA45B7YWBX7MUJ7QCX&Expires=1719836145&Signature=CXdDHyY6BsDm14ycNHZQqpNHVfY%3D,0.2849845927435195,24641
721965448,K3am-2021-06-05_13-00.WAV,2021 Kern 3,2021,6,5,13,0,sp11,Simple Call,6.618666666666667,7.365333333333333,2250,13687.5,24000,(not validated),https://rfcx-streams-production.s3.eu-west-1.amazonaws.com/2021/06/05/81cqy10ep7pa/56a06550-29d8-4c13-8c90-04821764e1f2.flac?AWSAccessKeyId=AKIA45B7YWBX7MUJ7QCX&Expires=1719836145&Signature=ySIAu24Y2Y30RIRQBHelfUTUGjo%3D,0.21464119556423436,24641
721965449,K3am-2021-06-05_16-40.WAV,2021 Kern 3,2021,6,5,16,40,sp11,Simple Call,48.00533333333333,48.752,2250,13687.5,24000,(not validated),https://rfcx-streams-production.s3.eu-west-1.amazonaws.com/2021/06/05/81cqy10ep7pa/4f016f48-91a0-44c7-8b3a-d7559e27c86a.flac?AWSAccessKeyId=AKIA45B7YWBX7MUJ7QCX&Expires=1719836145&Signature=%2FSZFNCKHL%2BlIRAx15QRwBvmr0Ss%3D,0.2635836522049943,24641
721965450,K3am-2021-06-05_09-00.WAV,2021 Kern 3,2021,6,5,9,0,sp11,Simple Call,58.064,58.81066666666667,2250,13687.5,24000,(not validated),https://rfcx-streams-production.s3.eu-west-1.amazonaws.com/2021/06/05/81cqy10ep7pa/5f31aa5a-8837-40b1-b2f1-2cff6e2e8247.flac?AWSAccessKeyId=AKIA45B7YWBX7MUJ7QCX&Expires=1719836145&Signature=BI1ulxvTHDzJe8RUwr%2FCiBVQ4Zo%3D,0.23466173410103283,24641
721965451,K3am-2021-06-06_05-40.WAV,2021 Kern 3,2021,6,6,5,40,sp11,Simple Call,42.93333333333333,43.68,2250,13687.5,24000,(not validated),https://rfcx-streams-production.s3.eu-west-1.amazonaws.com/2021/06/06/81cqy10ep7pa/e906a0ec-62a5-4ce6-9b82-94be82315cf7.flac?AWSAccessKeyId=AKIA45B7YWBX7MUJ7QCX&Expires=1719836145&Signature=NsY0A1G2HjzK1mgu%2BNGTfTtglBg%3D,0.27355816466791677,24641
721965452,K3am-2021-06-06_07-20.WAV,2021 Kern 3,2021,6,6,7,20,sp11,Simple Call,25.578666666666667,26.325333333333333,2250,13687.5,24000,(not validated),https://rfcx-streams-production.s3.eu-west-1.amazonaws.com/2021/06/06/81cqy10ep7pa/e644a7e2-dbb4-44c2-a598-ea7d1c892fe8.flac?AWSAccessKeyId=AKIA45B7YWBX7MUJ7QCX&Expires=1719836145&Signature=nvzZ%2F2IMLzVo8xCrsga%2FUbaFpLg%3D,0.2212827628161087,24641
721965453,K3am-2021-06-06_12-00.WAV,2021 Kern 3,2021,6,6,12,0,sp11,Simple Call,37.504,38.25066666666667,2250,13687.5,24000,(not validated),https://rfcx-streams-production.s3.eu-west-1.amazonaws.com/2021/06/06/81cqy10ep7pa/c5a1bd5e-1e6f-4850-9a8e-d2b7aca8fd43.flac?AWSAccessKeyId=AKIA45B7YWBX7MUJ7QCX&Expires=1719836145&Signature=Ngl%2B6sRFs6X0FF8ODoJccSujjw0%3D,0.2485431236911534,24641
721965454,K3am-2021-06-06_10-00.WAV,2021 Kern 3,2021,6,6,10,0,sp11,Simple Call,28.394666666666666,29.141333333333332,2250,13687.5,24000,(not validated),https://rfcx-streams-production.s3.eu-west-1.amazonaws.com/2021/06/06/81cqy10ep7pa/f6a59ddc-64c6-478b-85c7-37364944cf37.flac?AWSAccessKeyId=AKIA45B7YWBX7MUJ7QCX&Expires=1719836145&Signature=PQUC6WJrLLRzuIrcpNGpIqZncpo%3D,0.25982349745523425,24641
721965455,K3am-2021-06-06_07-00.WAV,2021 Kern 3,2021,6,6,7,0,sp11,Simple Call,14.133333333333333,14.88,2250,13687.5,24000,(not validated),https://rfcx-streams-production.s3.eu-west-1.amazonaws.com/2021/06/06/81cqy10ep7pa/71268203-c76f-4583-a89f-55cd8e31c4b7.flac?AWSAccessKeyId=AKIA45B7YWBX7MUJ7QCX&Expires=1719836145&Signature=9qDMQQpVm5Nh6%2BT%2BBcyq8SbRgao%3D,0.30198912764026103,24641
721965456,K3am-2021-06-06_06-40.WAV,2021 Kern 3,2021,6,6,6,40,sp11,Simple Call,22.154666666666667,22.901333333333334,2250,13687.5,24000,(not validated),https://rfcx-streams-production.s3.eu-west-1.amazonaws.com/2021/06/06/81cqy10ep7pa/544087e1-d71b-43cb-9997-c6b2e1cd23e2.flac?AWSAccessKeyId=AKIA45B7YWBX7MUJ7QCX&Expires=1719836145&Signature=R875jKcFMhwbArIlfoXzhwudtFY%3D,0.32305681554521676,24641
721965457,K3am-2021-06-07_08-40.WAV,2021 Kern 3,2021,6,7,8,40,sp11,Simple Call,30.261333333333333,31.008,2250,13687.5,24000,(not validated),https://rfcx-streams-production.s3.eu-west-1.amazonaws.com/2021/06/07/81cqy10ep7pa/f5a5d717-d41f-4162-9599-09043adf540c.flac?AWSAccessKeyId=AKIA45B7YWBX7MUJ7QCX&Expires=1719836145&Signature=a2kN0Wf8J4SmHTNyY7GKgpu%2FEUs%3D,0.22158705096435144,24641
721965458,K3am-2021-06-07_11-00.WAV,2021 Kern 3,2021,6,7,11,0,sp11,Simple Call,10.378666666666666,11.125333333333334,2250,13687.5,24000,(not validated),https://rfcx-streams-production.s3.eu-west-1.amazonaws.com/2021/06/07/81cqy10ep7pa/109c8707-94ba-45b0-9be9-7e631c74f21a.flac?AWSAccessKeyId=AKIA45B7YWBX7MUJ7QCX&Expires=1719836145&Signature=xrUt%2B10DQ765bSiDPuBetGUdDsI%3D,0.21283729234945223,24641
721965459,K3am-2021-06-07_05-20.WAV,2021 Kern 3,2021,6,7,5,20,sp11,Simple Call,0.48533333333333334,1.232,2250,13687.5,24000,(not validated),https://rfcx-streams-production.s3.eu-west-1.amazonaws.com/2021/06/07/81cqy10ep7pa/f9e80853-5b65-42a2-ad0b-70fd036731d3.flac?AWSAccessKeyId=AKIA45B7YWBX7MUJ7QCX&Expires=1719836145&Signature=9Nf3EZedeSCpne3LlsvTxAwIIEI%3D,0.2144810447291188,24641
721965460,K3am-2021-06-07_09-20.WAV,2021 Kern 3,2021,6,7,9,20,sp11,Simple Call,37.38133333333333,38.128,2250,13687.5,24000,(not validated),https://rfcx-streams-production.s3.eu-west-1.amazonaws.com/2021/06/07/81cqy10ep7pa/ea157b7d-1c11-4ee1-aa42-c25ec176e9e8.flac?AWSAccessKeyId=AKIA45B7YWBX7MUJ7QCX&Expires=1719836145&Signature=t7qUgrdfWKIZ7nzh44hLTChgwPU%3D,0.2079430441649669,24641
721965461,K3am-2021-06-07_06-20.WAV,2021 Kern 3,2021,6,7,6,20,sp11,Simple Call,26.16,26.906666666666666,2250,13687.5,24000,(not validated),https://rfcx-streams-production.s3.eu-west-1.amazonaws.com/2021/06/07/81cqy10ep7pa/12159d80-1c04-431d-b526-c70a5451e5e2.flac?AWSAccessKeyId=AKIA45B7YWBX7MUJ7QCX&Expires=1719836145&Signature=Elyb3%2FWAsnwk3WoLmPUQBMw1T6E%3D,0.21384159557791824,24641
721965462,K3am-2021-06-07_18-20.WAV,2021 Kern 3,2021,6,7,18,20,sp11,Simple Call,15.466666666666667,16.213333333333335,2250,13687.5,24000,(not validated),https://rfcx-streams-production.s3.eu-west-1.amazonaws.com/2021/06/08/81cqy10ep7pa/5a953301-f3a2-443f-b8ff-7fde65ba44d7.flac?AWSAccessKeyId=AKIA45B7YWBX7MUJ7QCX&Expires=1719836145&Signature=W7tynkidwLjRc4Ip8m2DQLT8r0U%3D,0.25789267468441085,24641
721965463,K3am-2021-06-07_16-40.WAV,2021 Kern 3,2021,6,7,16,40,sp11,Simple Call,47.424,48.17066666666667,2250,13687.5,24000,(not validated),https://rfcx-streams-production.s3.eu-west-1.amazonaws.com/2021/06/07/81cqy10ep7pa/e3e49554-a7e0-4ce2-aa5b-8c666d39acec.flac?AWSAccessKeyId=AKIA45B7YWBX7MUJ7QCX&Expires=1719836145&Signature=bdzVfWWoxkpLvR9RycXK%2BpfUL%2BY%3D,0.21981840224570945,24641
721965464,K3am-2021-06-07_14-20.WAV,2021 Kern 3,2021,6,7,14,20,sp11,Simple Call,49.141333333333336,49.888,2250,13687.5,24000,(not validated),https://rfcx-streams-production.s3.eu-west-1.amazonaws.com/2021/06/07/81cqy10ep7pa/490048fc-1a4b-4002-ac87-fdec6414d557.flac?AWSAccessKeyId=AKIA45B7YWBX7MUJ7QCX&Expires=1719836145&Signature=He0wu8cd4thCr8NZtCA5QGrWcPM%3D,0.2663571958753091,24641
721965465,K3am-2021-06-07_09-00.WAV,2021 Kern 3,2021,6,7,9,0,sp11,Simple Call,43.925333333333334,44.672,2250,13687.5,24000,(not validated),https://rfcx-streams-production.s3.eu-west-1.amazonaws.com/2021/06/07/81cqy10ep7pa/fa7695d6-529c-483c-ad1e-c3783026a091.flac?AWSAccessKeyId=AKIA45B7YWBX7MUJ7QCX&Expires=1719836145&Signature=NwfXaJ5JNM6m054%2FlLri%2Fmk5b74%3D,0.20936953068054365,24641
721965466,K3am-2021-06-08_06-20.WAV,2021 Kern 3,2021,6,8,6,20,sp11,Simple Call,42.704,43.45066666666666,2250,13687.5,24000,(not validated),https://rfcx-streams-production.s3.eu-west-1.amazonaws.com/2021/06/08/81cqy10ep7pa/3de5c908-d24b-4256-a7a4-b0c8c903e726.flac?AWSAccessKeyId=AKIA45B7YWBX7MUJ7QCX&Expires=1719836145&Signature=GeBWGnUOenoO7iDq1DvLyQIgv2g%3D,0.24244967846364157,24641
721965467,K3am-2021-06-08_07-40.WAV,2021 Kern 3,2021,6,8,7,40,sp11,Simple Call,36.48533333333334,37.232,2250,13687.5,24000,(not validated),https://rfcx-streams-production.s3.eu-west-1.amazonaws.com/2021/06/08/81cqy10ep7pa/2dda3696-5117-4633-a479-18a7ac5e63ac.flac?AWSAccessKeyId=AKIA45B7YWBX7MUJ7QCX&Expires=1719836145&Signature=UAYSlO9xZTYUe2uX5EVjNjiPPo0%3D,0.27732152428857587,24641
721965468,K3am-2021-06-08_06-00.WAV,2021 Kern 3,2021,6,8,6,0,sp11,Simple Call,8.405333333333333,9.152,2250,13687.5,24000,(not validated),https://rfcx-streams-production.s3.eu-west-1.amazonaws.com/2021/06/08/81cqy10ep7pa/34f706ce-de34-4bd7-a6d2-03feb37deaa5.flac?AWSAccessKeyId=AKIA45B7YWBX7MUJ7QCX&Expires=1719836145&Signature=i5QX1zlvXGzB8Gaujz6Er7QxXys%3D,0.20154613191981957,24641
721965469,K3am-2021-06-08_05-40.WAV,2021 Kern 3,2021,6,8,5,40,sp11,Simple Call,59.19466666666667,59.94133333333333,2250,13687.5,24000,(not validated),https://rfcx-streams-production.s3.eu-west-1.amazonaws.com/2021/06/08/81cqy10ep7pa/62d18f8c-e488-410c-aa39-5b0baf711be3.flac?AWSAccessKeyId=AKIA45B7YWBX7MUJ7QCX&Expires=1719836145&Signature=otA8fziD%2B9LbBFRV3CdkqMnIOqk%3D,0.2128446974447131,24641
721965470,K3am-2021-06-08_09-00.WAV,2021 Kern 3,2021,6,8,9,0,sp11,Simple Call,1.92,2.6666666666666665,2250,13687.5,24000,(not validated),https://rfcx-streams-production.s3.eu-west-1.amazonaws.com/2021/06/08/81cqy10ep7pa/44c134bb-1a2e-4261-b748-361eaea66fd9.flac?AWSAccessKeyId=AKIA45B7YWBX7MUJ7QCX&Expires=1719836145&Signature=vBy%2Fsvb53EPYbLVlOng%2FI9GvwdA%3D,0.2745652902832643,24641
721965471,K3am-2021-06-08_08-00.WAV,2021 Kern 3,2021,6,8,8,0,sp11,Simple Call,7.168,7.914666666666666,2250,13687.5,24000,(not validated),https://rfcx-streams-production.s3.eu-west-1.amazonaws.com/2021/06/08/81cqy10ep7pa/ea41cfc8-6d99-4da6-9a0f-b0ca5fd6d5af.flac?AWSAccessKeyId=AKIA45B7YWBX7MUJ7QCX&Expires=1719836145&Signature=3lnF8VRd2V0gIBIP9dX7DjK8tpE%3D,0.24961562804490606,24641
721965472,K3am-2021-06-08_17-20.WAV,2021 Kern 3,2021,6,8,17,20,sp11,Simple Call,5.536,6.282666666666667,2250,13687.5,24000,(not validated),https://rfcx-streams-production.s3.eu-west-1.amazonaws.com/2021/06/09/81cqy10ep7pa/859d3e18-793a-4de1-982b-793bc2bfe28d.flac?AWSAccessKeyId=AKIA45B7YWBX7MUJ7QCX&Expires=1719836145&Signature=NirLdVa9JttIaPksGIxAB%2FSPNhk%3D,0.2613854065051766,24641
721965473,K3am-2021-06-09_06-20.WAV,2021 Kern 3,2021,6,9,6,20,sp11,Simple Call,22.965333333333334,23.712,2250,13687.5,24000,(not validated),https://rfcx-streams-production.s3.eu-west-1.amazonaws.com/2021/06/09/81cqy10ep7pa/03608c79-db0c-4dd9-aa37-6e42f8fa57cb.flac?AWSAccessKeyId=AKIA45B7YWBX7MUJ7QCX&Expires=1719836145&Signature=FXUabzTaJiBvf3EywXFLd6TKMPk%3D,0.31297547055358177,24641
721965474,K3am-2021-06-09_05-20.WAV,2021 Kern 3,2021,6,9,5,20,sp11,Simple Call,41.104,41.85066666666667,2250,13687.5,24000,(not validated),https://rfcx-streams-production.s3.eu-west-1.amazonaws.com/2021/06/09/81cqy10ep7pa/6f55aded-0c29-4bad-9c3e-2721ceb792a9.flac?AWSAccessKeyId=AKIA45B7YWBX7MUJ7QCX&Expires=1719836145&Signature=VXkMTM%2F0%2BzmXVxSx0KcKOXAyE%2Fw%3D,0.2591548209297871,24641
721965475,K3am-2021-06-09_06-40.WAV,2021 Kern 3,2021,6,9,6,40,sp11,Simple Call,36.656,37.40266666666667,2250,13687.5,24000,(not validated),https://rfcx-streams-production.s3.eu-west-1.amazonaws.com/2021/06/09/81cqy10ep7pa/6e5db30e-a72a-4425-90ea-d03311728010.flac?AWSAccessKeyId=AKIA45B7YWBX7MUJ7QCX&Expires=1719836145&Signature=CvbhHUO9Xk7FH5qgOftxVeLqbI8%3D,0.29629066768182266,24641
721965476,K3am-2021-06-09_07-20.WAV,2021 Kern 3,2021,6,9,7,20,sp11,Simple Call,5.328,6.074666666666666,2250,13687.5,24000,(not validated),https://rfcx-streams-production.s3.eu-west-1.amazonaws.com/2021/06/09/81cqy10ep7pa/0ece5e93-0157-485b-8806-039d813edc42.flac?AWSAccessKeyId=AKIA45B7YWBX7MUJ7QCX&Expires=1719836145&Signature=JlBiCNlE9mkZ6EUqDgbVyThgVOU%3D,0.2744696946265545,24641
721965477,K3am-2021-06-09_13-00.WAV,2021 Kern 3,2021,6,9,13,0,sp11,Simple Call,20.272,21.018666666666668,2250,13687.5,24000,(not validated),https://rfcx-streams-production.s3.eu-west-1.amazonaws.com/2021/06/09/81cqy10ep7pa/510cb0c1-7980-4f98-a50b-32f3ccf30857.flac?AWSAccessKeyId=AKIA45B7YWBX7MUJ7QCX&Expires=1719836145&Signature=bANa5tGrr5prcNlHaA8Eahe58zA%3D,0.22389773286520398,24641
721965478,K3am-2021-06-09_15-20.WAV,2021 Kern 3,2021,6,9,15,20,sp11,Simple Call,3.9146666666666667,4.661333333333333,2250,13687.5,24000,(not validated),https://rfcx-streams-production.s3.eu-west-1.amazonaws.com/2021/06/09/81cqy10ep7pa/8fbf4b11-b002-4497-b481-a636d1a4c78d.flac?AWSAccessKeyId=AKIA45B7YWBX7MUJ7QCX&Expires=1719836145&Signature=TOWkAjxVVTIi3A6b8RJ7XAxzhfo%3D,0.2177056558013162,24641
721965479,K3am-2021-06-10_12-20.WAV,2021 Kern 3,2021,6,10,12,20,sp11,Simple Call,56.23466666666667,56.98133333333333,2250,13687.5,24000,(not validated),https://rfcx-streams-production.s3.eu-west-1.amazonaws.com/2021/06/10/81cqy10ep7pa/b7aaa111-287c-4092-b694-da90a8fa4c7d.flac?AWSAccessKeyId=AKIA45B7YWBX7MUJ7QCX&Expires=1719836145&Signature=DKN4NN35kTLSyWzrcEigPbZYxOU%3D,0.20461523390267383,24641
721965480,K3am-2021-06-10_14-20.WAV,2021 Kern 3,2021,6,10,14,20,sp11,Simple Call,35.216,35.962666666666664,2250,13687.5,24000,(not validated),https://rfcx-streams-production.s3.eu-west-1.amazonaws.com/2021/06/10/81cqy10ep7pa/bb66498d-6d50-4278-95be-40a5fb09ced7.flac?AWSAccessKeyId=AKIA45B7YWBX7MUJ7QCX&Expires=1719836145&Signature=w2cy5T%2FFA1UE3HUEdY3RbOg0Nr8%3D,0.28281677988129733,24641
721965481,K3am-2021-06-10_12-40.WAV,2021 Kern 3,2021,6,10,12,40,sp11,Simple Call,7.498666666666667,8.245333333333333,2250,13687.5,24000,(not validated),https://rfcx-streams-production.s3.eu-west-1.amazonaws.com/2021/06/10/81cqy10ep7pa/e79346ce-d2a7-4b2d-aba8-ecadf9faa730.flac?AWSAccessKeyId=AKIA45B7YWBX7MUJ7QCX&Expires=1719836145&Signature=5O0fP1eUNK8lFN6VDKgsgIgVBQ8%3D,0.20465777355480894,24641
721965482,K3am-2021-06-10_16-00.WAV,2021 Kern 3,2021,6,10,16,0,sp11,Simple Call,17.056,17.802666666666667,2250,13687.5,24000,(not validated),https://rfcx-streams-production.s3.eu-west-1.amazonaws.com/2021/06/10/81cqy10ep7pa/599093d4-109f-4293-8ea4-8dd95a62c23c.flac?AWSAccessKeyId=AKIA45B7YWBX7MUJ7QCX&Expires=1719836145&Signature=crj3pXHgmgv2%2FxJcBhPm0vYXUfM%3D,0.20583511117836198,24641
721965483,K3am-2021-06-11_05-40.WAV,2021 Kern 3,2021,6,11,5,40,sp11,Simple Call,24.576,25.322666666666667,2250,13687.5,24000,(not validated),https://rfcx-streams-production.s3.eu-west-1.amazonaws.com/2021/06/11/81cqy10ep7pa/4567fe6e-fb5d-4316-9061-4d02abe71a40.flac?AWSAccessKeyId=AKIA45B7YWBX7MUJ7QCX&Expires=1719836145&Signature=Wl1LCl%2FIyvwfwiDwtFRosj5f3tc%3D,0.2633644694896411,24641
721965484,K3am-2021-06-11_07-20.WAV,2021 Kern 3,2021,6,11,7,20,sp11,Simple Call,40.42666666666667,41.17333333333333,2250,13687.5,24000,(not validated),https://rfcx-streams-production.s3.eu-west-1.amazonaws.com/2021/06/11/81cqy10ep7pa/ec59d830-22c7-424b-86f9-5dcba5f238bc.flac?AWSAccessKeyId=AKIA45B7YWBX7MUJ7QCX&Expires=1719836145&Signature=603gMeOFE7WJBbQt37%2F2IDdtv6A%3D,0.20964224324913092,24641
721965485,K3am-2021-06-11_22-00.WAV,2021 Kern 3,2021,6,11,22,0,sp11,Simple Call,59.056,59.80266666666667,2250,13687.5,24000,(not validated),https://rfcx-streams-production.s3.eu-west-1.amazonaws.com/2021/06/12/81cqy10ep7pa/fe6404de-f598-4662-ac30-dd01d9503319.flac?AWSAccessKeyId=AKIA45B7YWBX7MUJ7QCX&Expires=1719836145&Signature=ZjX0sWK9a1VuOqbgeHJ%2B3O8%2Ff%2Bc%3D,0.2100602245357832,24641
721965486,K3am-2021-06-12_06-40.WAV,2021 Kern 3,2021,6,12,6,40,sp11,Simple Call,37.904,38.650666666666666,2250,13687.5,24000,(not validated),https://rfcx-streams-production.s3.eu-west-1.amazonaws.com/2021/06/12/81cqy10ep7pa/e7024d0b-b90e-432a-abd5-30be0dfc64ea.flac?AWSAccessKeyId=AKIA45B7YWBX7MUJ7QCX&Expires=1719836145&Signature=4xXG7gyaz2m6xM%2BAaA6B4Cn%2B9YU%3D,0.20648297603083157,24641
721965487,K3am-2021-06-12_09-00.WAV,2021 Kern 3,2021,6,12,9,0,sp11,Simple Call,15.909333333333333,16.656,2250,13687.5,24000,(not validated),https://rfcx-streams-production.s3.eu-west-1.amazonaws.com/2021/06/12/81cqy10ep7pa/694081f4-bec8-49cc-b67b-f001f518e055.flac?AWSAccessKeyId=AKIA45B7YWBX7MUJ7QCX&Expires=1719836145&Signature=4vLwobGzuOS7wsW0n4sf5Swn7Y0%3D,0.23362046663969974,24641
721965488,K3am-2021-06-12_05-20.WAV,2021 Kern 3,2021,6,12,5,20,sp11,Simple Call,14.309333333333333,15.056,2250,13687.5,24000,(not validated),https://rfcx-streams-production.s3.eu-west-1.amazonaws.com/2021/06/12/81cqy10ep7pa/1f8aad8f-edb8-40c4-83b3-22c1055b9c02.flac?AWSAccessKeyId=AKIA45B7YWBX7MUJ7QCX&Expires=1719836145&Signature=%2B%2Fh15U0EXA864G4ANkI8OMtokLE%3D,0.27938813833184384,24641
721965489,K3am-2021-06-12_05-40.WAV,2021 Kern 3,2021,6,12,5,40,sp11,Simple Call,8.410666666666666,9.157333333333334,2250,13687.5,24000,(not validated),https://rfcx-streams-production.s3.eu-west-1.amazonaws.com/2021/06/12/81cqy10ep7pa/bb7e8cb1-c483-4dde-bfa6-d17b16208271.flac?AWSAccessKeyId=AKIA45B7YWBX7MUJ7QCX&Expires=1719836145&Signature=9jCsfNl%2BBsh7VFmC57FJ1hn%2BvYM%3D,0.22222066965561144,24641
721965490,K3am-2021-06-12_06-00.WAV,2021 Kern 3,2021,6,12,6,0,sp11,Simple Call,48.693333333333335,49.44,2250,13687.5,24000,(not validated),https://rfcx-streams-production.s3.eu-west-1.amazonaws.com/2021/06/12/81cqy10ep7pa/59d9b61d-234a-481a-a19c-85d0bc887f92.flac?AWSAccessKeyId=AKIA45B7YWBX7MUJ7QCX&Expires=1719836145&Signature=lvVz9G2Izmj9T5fj9XQXd%2ByM4ow%3D,0.24181972928180187,24641
721965491,K3am-2021-06-12_18-00.WAV,2021 Kern 3,2021,6,12,18,0,sp11,Simple Call,17.648,18.394666666666666,2250,13687.5,24000,(not validated),https://rfcx-streams-production.s3.eu-west-1.amazonaws.com/2021/06/13/81cqy10ep7pa/fa65aa96-e402-4af1-87fb-2cc2e0baba4f.flac?AWSAccessKeyId=AKIA45B7YWBX7MUJ7QCX&Expires=1719836145&Signature=cmB586978qRSzZ2kId6DYP7jEYg%3D,0.2528641249679786,24641
721965492,K3am-2021-06-12_01-40.WAV,2021 Kern 3,2021,6,12,1,40,sp11,Simple Call,9.370666666666667,10.117333333333333,2250,13687.5,24000,(not validated),https://rfcx-streams-production.s3.eu-west-1.amazonaws.com/2021/06/12/81cqy10ep7pa/016aaebb-3dc8-4754-8f86-0a9f20910771.flac?AWSAccessKeyId=AKIA45B7YWBX7MUJ7QCX&Expires=1719836145&Signature=A7IvrBAKYsSDCf%2FrfzSJrWaLBD8%3D,0.21907588972081446,24641
721965493,K3am-2021-06-12_08-40.WAV,2021 Kern 3,2021,6,12,8,40,sp11,Simple Call,30.250666666666667,30.997333333333334,2250,13687.5,24000,(not validated),https://rfcx-streams-production.s3.eu-west-1.amazonaws.com/2021/06/12/81cqy10ep7pa/09a4d9a7-3e19-4f27-91fa-b69de166a188.flac?AWSAccessKeyId=AKIA45B7YWBX7MUJ7QCX&Expires=1719836145&Signature=5UzAzHH0UXOsZpcO3sC008tHwcA%3D,0.21753873601524165,24641
721966801,K3am-2021-06-29_07-00.WAV,2021 Kern 3,2021,6,29,7,0,sp11,Simple Call,4.256,5.002666666666666,2250,13687.5,24000,(not validated),https://rfcx-streams-production.s3.eu-west-1.amazonaws.com/2021/06/29/81cqy10ep7pa/05c6a56e-462a-4283-8e8b-dd64935ebfdf.flac?AWSAccessKeyId=AKIA45B7YWBX7MUJ7QCX&Expires=1719836145&Signature=NnNqg%2FDVDs3B8VQ5V2b%2BGzQFar4%3D,0.20645259839013633,24641
721966802,K3am-2021-06-29_09-40.WAV,2021 Kern 3,2021,6,29,9,40,sp11,Simple Call,51.33866666666667,52.08533333333333,2250,13687.5,24000,(not validated),https://rfcx-streams-production.s3.eu-west-1.amazonaws.com/2021/06/29/81cqy10ep7pa/52ea26be-f645-4f13-9a23-5118a77f4ce1.flac?AWSAccessKeyId=AKIA45B7YWBX7MUJ7QCX&Expires=1719836145&Signature=wsVO3fq6Geucj8kJQjyVhG%2BcNXc%3D,0.20589008688301097,24641
721966803,K3am-2021-06-29_08-00.WAV,2021 Kern 3,2021,6,29,8,0,sp11,Simple Call,3.2746666666666666,4.021333333333334,2250,13687.5,24000,(not validated),https://rfcx-streams-production.s3.eu-west-1.amazonaws.com/2021/06/29/81cqy10ep7pa/5fc96182-7e04-4ed4-80b7-28acfef92785.flac?AWSAccessKeyId=AKIA45B7YWBX7MUJ7QCX&Expires=1719836145&Signature=RoDw0k6p%2F3VkAELI8zl2Y1bQ0WE%3D,0.3112326767666637,24641
721966804,K3am-2021-06-30_09-00.WAV,2021 Kern 3,2021,6,30,9,0,sp11,Simple Call,17.984,18.730666666666668,2250,13687.5,24000,(not validated),https://rfcx-streams-production.s3.eu-west-1.amazonaws.com/2021/06/30/81cqy10ep7pa/4d03ecf6-4061-4c2f-b83a-cec873c1b1de.flac?AWSAccessKeyId=AKIA45B7YWBX7MUJ7QCX&Expires=1719836145&Signature=MrxAY3BLhBobHojwPq0FsQCGMoQ%3D,0.2112318460270104,24641
721966805,K3am-2021-06-30_07-20.WAV,2021 Kern 3,2021,6,30,7,20,sp11,Simple Call,28.752,29.498666666666665,2250,13687.5,24000,(not validated),https://rfcx-streams-production.s3.eu-west-1.amazonaws.com/2021/06/30/81cqy10ep7pa/1fa60430-6445-4cf8-ba2b-bbfc9d2afd50.flac?AWSAccessKeyId=AKIA45B7YWBX7MUJ7QCX&Expires=1719836145&Signature=XoUh05%2B7PH1xOizuoZycviYVZV0%3D,0.20720402876143573,24641
721966806,K3am-2021-06-30_10-40.WAV,2021 Kern 3,2021,6,30,10,40,sp11,Simple Call,8.042666666666667,8.789333333333333,2250,13687.5,24000,(not validated),https://rfcx-streams-production.s3.eu-west-1.amazonaws.com/2021/06/30/81cqy10ep7pa/586519a0-1cb3-4d0a-a10e-7bb5942a6bf2.flac?AWSAccessKeyId=AKIA45B7YWBX7MUJ7QCX&Expires=1719836145&Signature=Kgh4b2YL8k%2Bq5yPrZzOcCnLGGLA%3D,0.20332665534033037,24641
721966807,K3am-2021-07-01_11-40.WAV,2021 Kern 3,2021,7,1,11,40,sp11,Simple Call,20.677333333333333,21.424,2250,13687.5,24000,(not validated),https://rfcx-streams-production.s3.eu-west-1.amazonaws.com/2021/07/01/81cqy10ep7pa/fc5b6a0d-082e-4f94-8f99-be3d0601db3f.flac?AWSAccessKeyId=AKIA45B7YWBX7MUJ7QCX&Expires=1719836145&Signature=7v6RLZVPG%2FCRWJPurhKq6IzBz14%3D,0.2092873805589165,24641
721966808,K3am-2021-07-01_15-40.WAV,2021 Kern 3,2021,7,1,15,40,sp11,Simple Call,30.528,31.27466666666667,2250,13687.5,24000,(not validated),https://rfcx-streams-production.s3.eu-west-1.amazonaws.com/2021/07/01/81cqy10ep7pa/cb6cfbe2-77b0-4575-9c06-ea7a667dcd2c.flac?AWSAccessKeyId=AKIA45B7YWBX7MUJ7QCX&Expires=1719836145&Signature=mSnMwfCcI%2F4wRLxkyB1P0OqXIg4%3D,0.20052325289349845,24641
721966809,K3am-2021-07-01_18-40.WAV,2021 Kern 3,2021,7,1,18,40,sp11,Simple Call,28.208,28.954666666666668,2250,13687.5,24000,(not validated),https://rfcx-streams-production.s3.eu-west-1.amazonaws.com/2021/07/02/81cqy10ep7pa/a06c1fab-4a1a-4706-81bd-1c3dfdc050af.flac?AWSAccessKeyId=AKIA45B7YWBX7MUJ7QCX&Expires=1719836145&Signature=%2BbNfpWLvGEWn4yCeg17rADtg244%3D,0.28935655441282404,24641
721966810,K3am-2021-07-01_20-40.WAV,2021 Kern 3,2021,7,1,20,40,sp11,Simple Call,17.968,18.714666666666666,2250,13687.5,24000,(not validated),https://rfcx-streams-production.s3.eu-west-1.amazonaws.com/2021/07/02/81cqy10ep7pa/ddd74255-6ccc-4663-99ef-1d7403443179.flac?AWSAccessKeyId=AKIA45B7YWBX7MUJ7QCX&Expires=1719836145&Signature=%2FWPJxXJc5RDxoYnl8YaNRp5%2BKTM%3D,0.21042411811221576,24641
721966811,K3am-2021-07-03_15-00.WAV,2021 Kern 3,2021,7,3,15,0,sp11,Simple Call,13.445333333333334,14.192,2250,13687.5,24000,(not validated),https://rfcx-streams-production.s3.eu-west-1.amazonaws.com/2021/07/03/81cqy10ep7pa/2795935d-a5e9-4f2e-9932-ea527012cdac.flac?AWSAccessKeyId=AKIA45B7YWBX7MUJ7QCX&Expires=1719836145&Signature=Q7%2BqHNNqRgq1jk3xyRm8cCtK7Y4%3D,0.24982769522957834,24641
721966812,K3am-2021-07-04_07-20.WAV,2021 Kern 3,2021,7,4,7,20,sp11,Simple Call,4.432,5.1786666666666665,2250,13687.5,24000,(not validated),https://rfcx-streams-production.s3.eu-west-1.amazonaws.com/2021/07/04/81cqy10ep7pa/83495dbd-4c74-49b7-8e72-108860e2b6e4.flac?AWSAccessKeyId=AKIA45B7YWBX7MUJ7QCX&Expires=1719836145&Signature=gkvHCI20R033jz73%2Fp%2B98wYx8HY%3D,0.24294379722757553,24641
721967218,K3am-2021-06-11_16-20.WAV,2021 Kern 3,2021,6,11,16,20,sp11,Simple Call,32.693333333333335,33.44,2250,13687.5,24000,(not validated),https://rfcx-streams-production.s3.eu-west-1.amazonaws.com/2021/06/11/81cqy10ep7pa/26e0534c-a53b-4e6c-ae22-9c288e662297.flac?AWSAccessKeyId=AKIA45B7YWBX7MUJ7QCX&Expires=1719836145&Signature=QvwgtFzKFL0UN7gablWdqOWTgKI%3D,0.20319732980463845,24641
721967219,K3am-2021-06-12_11-20.WAV,2021 Kern 3,2021,6,12,11,20,sp11,Simple Call,12.053333333333333,12.8,2250,13687.5,24000,(not validated),https://rfcx-streams-production.s3.eu-west-1.amazonaws.com/2021/06/12/81cqy10ep7pa/52c6029f-9b17-4885-a32a-9b22f4188eca.flac?AWSAccessKeyId=AKIA45B7YWBX7MUJ7QCX&Expires=1719836145&Signature=xhnwDCdhqZFBjsDk9jzGWMmX0p4%3D,0.24217601642672726,24641
721967220,K3am-2021-06-13_08-00.WAV,2021 Kern 3,2021,6,13,8,0,sp11,Simple Call,39.370666666666665,40.117333333333335,2250,13687.5,24000,(not validated),https://rfcx-streams-production.s3.eu-west-1.amazonaws.com/2021/06/13/81cqy10ep7pa/d737e502-1634-4d57-8fea-ee3c17c51032.flac?AWSAccessKeyId=AKIA45B7YWBX7MUJ7QCX&Expires=1719836145&Signature=QX7lkXVOTjXVNkBlWaQ%2FK94JW34%3D,0.21220920147397684,24641
721967221,K3am-2021-06-13_10-00.WAV,2021 Kern 3,2021,6,13,10,0,sp11,Simple Call,33.504,34.25066666666667,2250,13687.5,24000,(not validated),https://rfcx-streams-production.s3.eu-west-1.amazonaws.com/2021/06/13/81cqy10ep7pa/337b1a72-da80-445a-bccb-852b2919a704.flac?AWSAccessKeyId=AKIA45B7YWBX7MUJ7QCX&Expires=1719836145&Signature=ATdO%2FhWNYdVQXecKGzc7TVz3jHc%3D,0.21047032360131102,24641
721967222,K3am-2021-06-13_05-20.WAV,2021 Kern 3,2021,6,13,5,20,sp11,Simple Call,42.528,43.27466666666667,2250,13687.5,24000,(not validated),https://rfcx-streams-production.s3.eu-west-1.amazonaws.com/2021/06/13/81cqy10ep7pa/c1611ef0-d1e5-4e8d-97e1-6d669daa4516.flac?AWSAccessKeyId=AKIA45B7YWBX7MUJ7QCX&Expires=1719836145&Signature=Hlf5cQh8c3g4pu4bf0Thm2gqukM%3D,0.2613802924803467,24641
721967223,K3am-2021-06-12_18-20.WAV,2021 Kern 3,2021,6,12,18,20,sp11,Simple Call,9.466666666666667,10.213333333333333,2250,13687.5,24000,(not validated),https://rfcx-streams-production.s3.eu-west-1.amazonaws.com/2021/06/13/81cqy10ep7pa/4b705d55-8ee3-4177-a27b-6bc0ac14238e.flac?AWSAccessKeyId=AKIA45B7YWBX7MUJ7QCX&Expires=1719836145&Signature=0FTD1EvuvE7VkKtIWdcp%2BV6N1wU%3D,0.2118548326849295,24641
721967224,K3am-2021-06-13_13-40.WAV,2021 Kern 3,2021,6,13,13,40,sp11,Simple Call,43.49333333333333,44.24,2250,13687.5,24000,(not validated),https://rfcx-streams-production.s3.eu-west-1.amazonaws.com/2021/06/13/81cqy10ep7pa/a898d080-1348-4af7-bf6b-e2d3b86bfafa.flac?AWSAccessKeyId=AKIA45B7YWBX7MUJ7QCX&Expires=1719836145&Signature=STceRYtbmFOWhz5kRxt2szJw0wQ%3D,0.20801516701519362,24641
721967225,K3am-2021-06-13_14-20.WAV,2021 Kern 3,2021,6,13,14,20,sp11,Simple Call,38.064,38.81066666666667,2250,13687.5,24000,(not validated),https://rfcx-streams-production.s3.eu-west-1.amazonaws.com/2021/06/13/81cqy10ep7pa/be6fc0b6-22a5-467c-b41f-13e8e567b218.flac?AWSAccessKeyId=AKIA45B7YWBX7MUJ7QCX&Expires=1719836145&Signature=4jVt97E8Aa5d%2BBrpaDYR6MQiQcA%3D,0.26659941145902105,24641
721967226,K3am-2021-06-14_05-00.WAV,2021 Kern 3,2021,6,14,5,0,sp11,Simple Call,31.088,31.834666666666667,2250,13687.5,24000,(not validated),https://rfcx-streams-production.s3.eu-west-1.amazonaws.com/2021/06/14/81cqy10ep7pa/6a140ffc-c5a2-42db-991e-49143aae5d66.flac?AWSAccessKeyId=AKIA45B7YWBX7MUJ7QCX&Expires=1719836145&Signature=bFaihS6C%2BK65ZzXgKq4vlY5xCO8%3D,0.23907280927251554,24641
721967227,K3am-2021-06-14_06-00.WAV,2021 Kern 3,2021,6,14,6,0,sp11,Simple Call,1.8453333333333333,2.592,2250,13687.5,24000,(not validated),https://rfcx-streams-production.s3.eu-west-1.amazonaws.com/2021/06/14/81cqy10ep7pa/e6538478-cd5e-4aa6-9de5-47f95d490091.flac?AWSAccessKeyId=AKIA45B7YWBX7MUJ7QCX&Expires=1719836145&Signature=Ef%2BTZKfKhFKTK9PNMUaZt3EUR%2F0%3D,0.2221850825070725,24641
721967228,K3am-2021-06-14_10-00.WAV,2021 Kern 3,2021,6,14,10,0,sp11,Simple Call,6.101333333333334,6.848,2250,13687.5,24000,(not validated),https://rfcx-streams-production.s3.eu-west-1.amazonaws.com/2021/06/14/81cqy10ep7pa/4927c3cb-51e8-4139-95e2-1570e47f8ab5.flac?AWSAccessKeyId=AKIA45B7YWBX7MUJ7QCX&Expires=1719836145&Signature=p8MOP3M2Sy1A%2Fchi7qYwNeJWQjE%3D,0.23667178750710668,24641
721967229,K3am-2021-06-14_08-40.WAV,2021 Kern 3,2021,6,14,8,40,sp11,Simple Call,37.205333333333336,37.952,2250,13687.5,24000,(not validated),https://rfcx-streams-production.s3.eu-west-1.amazonaws.com/2021/06/14/81cqy10ep7pa/60093de7-985e-40db-8ae2-60232e73cd5e.flac?AWSAccessKeyId=AKIA45B7YWBX7MUJ7QCX&Expires=1719836145&Signature=yHm64ibD6JjnThzsGrlJJMC0nrE%3D,0.2533001276174325,24641
721967230,K3am-2021-06-14_09-40.WAV,2021 Kern 3,2021,6,14,9,40,sp11,Simple Call,17.936,18.682666666666666,2250,13687.5,24000,(not validated),https://rfcx-streams-production.s3.eu-west-1.amazonaws.com/2021/06/14/81cqy10ep7pa/5a719519-c957-4da1-943d-89df78f2d5a5.flac?AWSAccessKeyId=AKIA45B7YWBX7MUJ7QCX&Expires=1719836145&Signature=xpSwm4yQhzwggW0JRGNemwJOTJc%3D,0.26272178803689905,24641
721967231,K3am-2021-06-14_10-20.WAV,2021 Kern 3,2021,6,14,10,20,sp11,Simple Call,10.816,11.562666666666667,2250,13687.5,24000,(not validated),https://rfcx-streams-production.s3.eu-west-1.amazonaws.com/2021/06/14/81cqy10ep7pa/3dda13c0-ad7d-4ba5-8c18-645db8bf916c.flac?AWSAccessKeyId=AKIA45B7YWBX7MUJ7QCX&Expires=1719836145&Signature=ITcM2I8jpI9yki6910CTgV4xd0Y%3D,0.2403385431203048,24641
721967232,K3am-2021-06-13_05-40.WAV,2021 Kern 3,2021,6,13,5,40,sp11,Simple Call,23.712,24.458666666666666,2250,13687.5,24000,(not validated),https://rfcx-streams-production.s3.eu-west-1.amazonaws.com/2021/06/13/81cqy10ep7pa/d9559e17-5559-4731-b8d5-deb0016f2296.flac?AWSAccessKeyId=AKIA45B7YWBX7MUJ7QCX&Expires=1719836145&Signature=fmLiH17TJrdEvVciZvCkKKK%2FY8E%3D,0.28860206069463196,24641
721967233,K3am-2021-06-13_11-00.WAV,2021 Kern 3,2021,6,13,11,0,sp11,Simple Call,14.149333333333333,14.896,2250,13687.5,24000,(not validated),https://rfcx-streams-production.s3.eu-west-1.amazonaws.com/2021/06/13/81cqy10ep7pa/827acd1d-d1f5-47ad-bb7b-65d6f041f222.flac?AWSAccessKeyId=AKIA45B7YWBX7MUJ7QCX&Expires=1719836145&Signature=AuZf1ZyssvlHNIuzrvtS9X9ZL78%3D,0.24759859071133308,24641
721967234,K3am-2021-06-13_13-20.WAV,2021 Kern 3,2021,6,13,13,20,sp11,Simple Call,40.48533333333334,41.232,2250,13687.5,24000,(not validated),https://rfcx-streams-production.s3.eu-west-1.amazonaws.com/2021/06/13/81cqy10ep7pa/a6f14721-716e-4a21-ae72-67a51e6967ce.flac?AWSAccessKeyId=AKIA45B7YWBX7MUJ7QCX&Expires=1719836145&Signature=Kiz16lX7fdktitN%2FKHFn4YO6io8%3D,0.26179257042826926,24641
721967235,K3am-2021-06-15_08-40.WAV,2021 Kern 3,2021,6,15,8,40,sp11,Simple Call,57.09866666666667,57.845333333333336,2250,13687.5,24000,(not validated),https://rfcx-streams-production.s3.eu-west-1.amazonaws.com/2021/06/15/81cqy10ep7pa/01427384-f8d8-4626-9a15-e42893a8aaeb.flac?AWSAccessKeyId=AKIA45B7YWBX7MUJ7QCX&Expires=1719836145&Signature=UHxLEuDoWH8IdH3Yq5qSsQjc7aY%3D,0.2897750840856095,24641
721967236,K3am-2021-06-15_09-20.WAV,2021 Kern 3,2021,6,15,9,20,sp11,Simple Call,54.384,55.13066666666667,2250,13687.5,24000,(not validated),https://rfcx-streams-production.s3.eu-west-1.amazonaws.com/2021/06/15/81cqy10ep7pa/e27dc53f-262c-4e69-a752-ed640091a49e.flac?AWSAccessKeyId=AKIA45B7YWBX7MUJ7QCX&Expires=1719836145&Signature=bkaYKAp6YjdZy%2Fo%2FfD8cs8zcdHI%3D,0.21436550383224093,24641
721967237,K3am-2021-06-15_06-00.WAV,2021 Kern 3,2021,6,15,6,0,sp11,Simple Call,41.072,41.818666666666665,2250,13687.5,24000,(not validated),https://rfcx-streams-production.s3.eu-west-1.amazonaws.com/2021/06/15/81cqy10ep7pa/97556a24-b4db-40e0-82b8-215313e337e4.flac?AWSAccessKeyId=AKIA45B7YWBX7MUJ7QCX&Expires=1719836145&Signature=wcgQOvvu6MiV5E4WPD38xqys8Ho%3D,0.2681347758022957,24641
721967238,K3am-2021-06-15_09-40.WAV,2021 Kern 3,2021,6,15,9,40,sp11,Simple Call,19.109333333333332,19.856,2250,13687.5,24000,(not validated),https://rfcx-streams-production.s3.eu-west-1.amazonaws.com/2021/06/15/81cqy10ep7pa/3546cdba-ef63-4dd2-8402-2ab1500b0406.flac?AWSAccessKeyId=AKIA45B7YWBX7MUJ7QCX&Expires=1719836145&Signature=j5OXKEgC32E7gclnD1oGRwVF10g%3D,0.21240007071562372,24641
721967239,K3am-2021-06-15_16-40.WAV,2021 Kern 3,2021,6,15,16,40,sp11,Simple Call,21.456,22.202666666666666,2250,13687.5,24000,(not validated),https://rfcx-streams-production.s3.eu-west-1.amazonaws.com/2021/06/15/81cqy10ep7pa/5faf5915-6fc3-431d-b212-3540aa875a3a.flac?AWSAccessKeyId=AKIA45B7YWBX7MUJ7QCX&Expires=1719836145&Signature=gZB1RHmMOUVnprnoi4z64dmLqsQ%3D,0.25506897015830216,24641
721967240,K3am-2021-06-16_09-00.WAV,2021 Kern 3,2021,6,16,9,0,sp11,Simple Call,29.461333333333332,30.208,2250,13687.5,24000,(not validated),https://rfcx-streams-production.s3.eu-west-1.amazonaws.com/2021/06/16/81cqy10ep7pa/b05124d3-f1e9-4a64-a607-a6b2c948c787.flac?AWSAccessKeyId=AKIA45B7YWBX7MUJ7QCX&Expires=1719836145&Signature=mafhK1YcBSXnTMmcmhWLnVsh3Ds%3D,0.21297634086500847,24641
721967241,K3am-2021-06-16_07-00.WAV,2021 Kern 3,2021,6,16,7,0,sp11,Simple Call,23.418666666666667,24.165333333333333,2250,13687.5,24000,(not validated),https://rfcx-streams-production.s3.eu-west-1.amazonaws.com/2021/06/16/81cqy10ep7pa/504e30be-8a3e-4841-8ed8-7ecc9e30bb5c.flac?AWSAccessKeyId=AKIA45B7YWBX7MUJ7QCX&Expires=1719836145&Signature=R2Gly5d3DJmHqK%2FNFVG30%2Fc9V5M%3D,0.2491721487419139,24641
721967242,K3am-2021-06-16_05-20.WAV,2021 Kern 3,2021,6,16,5,20,sp11,Simple Call,19.728,20.474666666666668,2250,13687.5,24000,(not validated),https://rfcx-streams-production.s3.eu-west-1.amazonaws.com/2021/06/16/81cqy10ep7pa/6e12b902-df6a-41e6-8f40-303ea5aa1aba.flac?AWSAccessKeyId=AKIA45B7YWBX7MUJ7QCX&Expires=1719836145&Signature=KqEAUE51%2BfxRbYyr3p2PCPO4KUo%3D,0.20963620582526987,24641
721967243,K3am-2021-06-10_09-40.WAV,2021 Kern 3,2021,6,10,9,40,sp11,Simple Call,16.874666666666666,17.621333333333332,2250,13687.5,24000,(not validated),https://rfcx-streams-production.s3.eu-west-1.amazonaws.com/2021/06/10/81cqy10ep7pa/9863ba3c-0853-4c32-a2aa-af24a92127ae.flac?AWSAccessKeyId=AKIA45B7YWBX7MUJ7QCX&Expires=1719836145&Signature=RCK4avmJu8Ku5OJqpKXiBZSl58c%3D,0.28150691943495265,24641
721967244,K3am-2021-06-15_11-00.WAV,2021 Kern 3,2021,6,15,11,0,sp11,Simple Call,4.517333333333333,5.264,2250,13687.5,24000,(not validated),https://rfcx-streams-production.s3.eu-west-1.amazonaws.com/2021/06/15/81cqy10ep7pa/86f59348-bfce-41c7-afd0-7ade3e9924c8.flac?AWSAccessKeyId=AKIA45B7YWBX7MUJ7QCX&Expires=1719836145&Signature=rW86IyxyIDh88ZxrtX%2BbbN1g924%3D,0.2102552423664577,24641
721967245,K3am-2021-06-16_15-40.WAV,2021 Kern 3,2021,6,16,15,40,sp11,Simple Call,53.664,54.410666666666664,2250,13687.5,24000,(not validated),https://rfcx-streams-production.s3.eu-west-1.amazonaws.com/2021/06/16/81cqy10ep7pa/18affe60-0742-4903-98ed-35fc7d7eff3d.flac?AWSAccessKeyId=AKIA45B7YWBX7MUJ7QCX&Expires=1719836145&Signature=R6hJPIOmmsZlTj%2FghILnSwq0muM%3D,0.21849659891625045,24641
721967246,K3am-2021-06-16_08-20.WAV,2021 Kern 3,2021,6,16,8,20,sp11,Simple Call,5.936,6.682666666666667,2250,13687.5,24000,(not validated),https://rfcx-streams-production.s3.eu-west-1.amazonaws.com/2021/06/16/81cqy10ep7pa/39b3de70-605f-42f0-834b-567fa16e5a13.flac?AWSAccessKeyId=AKIA45B7YWBX7MUJ7QCX&Expires=1719836145&Signature=EhC0bSfOdjKAZcWWPbAeq9OzVY8%3D,0.20735583168037292,24641
721967247,K3am-2021-06-16_10-40.WAV,2021 Kern 3,2021,6,16,10,40,sp11,Simple Call,43.408,44.154666666666664,2250,13687.5,24000,(not validated),https://rfcx-streams-production.s3.eu-west-1.amazonaws.com/2021/06/16/81cqy10ep7pa/9a04a6bd-db48-4519-a5db-7b0518ac1939.flac?AWSAccessKeyId=AKIA45B7YWBX7MUJ7QCX&Expires=1719836145&Signature=WxGqse%2BhiK3vMH3FIeUofVgY%2BJk%3D,0.23567322937135138,24641
721967248,K3am-2021-06-17_07-00.WAV,2021 Kern 3,2021,6,17,7,0,sp11,Simple Call,41.845333333333336,42.592,2250,13687.5,24000,(not validated),https://rfcx-streams-production.s3.eu-west-1.amazonaws.com/2021/06/17/81cqy10ep7pa/4f825aff-4cbd-4900-a947-5bd4b23f90e8.flac?AWSAccessKeyId=AKIA45B7YWBX7MUJ7QCX&Expires=1719836145&Signature=%2FmxCnWeuayL6F7iXOvXLb6a0w7k%3D,0.26078324272630393,24641
721967249,K3am-2021-06-17_05-40.WAV,2021 Kern 3,2021,6,17,5,40,sp11,Simple Call,17.152,17.898666666666667,2250,13687.5,24000,(not validated),https://rfcx-streams-production.s3.eu-west-1.amazonaws.com/2021/06/17/81cqy10ep7pa/e4b59c70-a5ff-4bf0-a69a-ac19799d69bc.flac?AWSAccessKeyId=AKIA45B7YWBX7MUJ7QCX&Expires=1719836145&Signature=ph4EsjbFNeO2vVEo3a8k6K%2BnElw%3D,0.23168413236651286,24641
721967250,K3am-2021-06-17_08-20.WAV,2021 Kern 3,2021,6,17,8,20,sp11,Simple Call,56.49066666666667,57.23733333333333,2250,13687.5,24000,(not validated),https://rfcx-streams-production.s3.eu-west-1.amazonaws.com/2021/06/17/81cqy10ep7pa/b166ae32-f024-4e32-88e7-56346bce3770.flac?AWSAccessKeyId=AKIA45B7YWBX7MUJ7QCX&Expires=1719836145&Signature=RdO4MfqsO7Hr5nECJtQ4drYr%2B%2FY%3D,0.21594132956714987,24641
721967251,K3am-2021-06-16_05-40.WAV,2021 Kern 3,2021,6,16,5,40,sp11,Simple Call,17.466666666666665,18.213333333333335,2250,13687.5,24000,(not validated),https://rfcx-streams-production.s3.eu-west-1.amazonaws.com/2021/06/16/81cqy10ep7pa/95b80437-d71d-4b4e-bbf1-0ada1976ffc9.flac?AWSAccessKeyId=AKIA45B7YWBX7MUJ7QCX&Expires=1719836145&Signature=0PIWuzhsyJUrFFPhK4TuOrlNhgQ%3D,0.23328317959955805,24641
721967252,K3am-2021-06-16_06-00.WAV,2021 Kern 3,2021,6,16,6,0,sp11,Simple Call,49.38666666666666,50.13333333333333,2250,13687.5,24000,(not validated),https://rfcx-streams-production.s3.eu-west-1.amazonaws.com/2021/06/16/81cqy10ep7pa/82aacf56-c80a-4f93-a567-907049f51963.flac?AWSAccessKeyId=AKIA45B7YWBX7MUJ7QCX&Expires=1719836145&Signature=CrcXXeqAKSMoKNiKVXOjJc1u1eY%3D,0.27881393554513106,24641
721967253,K3am-2021-06-16_11-00.WAV,2021 Kern 3,2021,6,16,11,0,sp11,Simple Call,3.525333333333333,4.272,2250,13687.5,24000,(not validated),https://rfcx-streams-production.s3.eu-west-1.amazonaws.com/2021/06/16/81cqy10ep7pa/a9e97477-4e13-451b-af42-d1d545b3e1dc.flac?AWSAccessKeyId=AKIA45B7YWBX7MUJ7QCX&Expires=1719836145&Signature=p8ZAuIsUyq6cdxOlxuMEkZSqYkE%3D,0.21115990494809603,24641
721967254,K3am-2021-06-17_10-00.WAV,2021 Kern 3,2021,6,17,10,0,sp11,Simple Call,25.125333333333334,25.872,2250,13687.5,24000,(not validated),https://rfcx-streams-production.s3.eu-west-1.amazonaws.com/2021/06/17/81cqy10ep7pa/fe1f263c-b9e4-4135-84cc-6b356bdef609.flac?AWSAccessKeyId=AKIA45B7YWBX7MUJ7QCX&Expires=1719836145&Signature=ySX5trgyRXbTHZCa4kLnSqOOnwE%3D,0.22554725510198703,24641
721967255,K3am-2021-06-16_06-40.WAV,2021 Kern 3,2021,6,16,6,40,sp11,Simple Call,52.656,53.40266666666667,2250,13687.5,24000,(not validated),https://rfcx-streams-production.s3.eu-west-1.amazonaws.com/2021/06/16/81cqy10ep7pa/5d1e926f-add8-4709-91e8-88d7ce5e0b30.flac?AWSAccessKeyId=AKIA45B7YWBX7MUJ7QCX&Expires=1719836145&Signature=nLC%2BESvYYkIiDX7DOL3R0VwDOU4%3D,0.23998863761268044,24641
721967256,K3am-2021-06-16_12-40.WAV,2021 Kern 3,2021,6,16,12,40,sp11,Simple Call,36.45333333333333,37.2,2250,13687.5,24000,(not validated),https://rfcx-streams-production.s3.eu-west-1.amazonaws.com/2021/06/16/81cqy10ep7pa/85479430-9649-4457-8dcc-8a96887dc039.flac?AWSAccessKeyId=AKIA45B7YWBX7MUJ7QCX&Expires=1719836145&Signature=M7oF9LAAkQH0OcscNVQBfzlwWYo%3D,0.28812438196249224,24641
721967257,K3am-2021-06-16_16-40.WAV,2021 Kern 3,2021,6,16,16,40,sp11,Simple Call,54.410666666666664,55.157333333333334,2250,13687.5,24000,(not validated),https://rfcx-streams-production.s3.eu-west-1.amazonaws.com/2021/06/16/81cqy10ep7pa/f01841ac-27de-4db0-a034-986d58978a06.flac?AWSAccessKeyId=AKIA45B7YWBX7MUJ7QCX&Expires=1719836145&Signature=k4LtQZdaFsM5uMzHpeYqgeMW45I%3D,0.20549416798271133,24641
721967258,K3am-2021-06-18_05-40.WAV,2021 Kern 3,2021,6,18,5,40,sp11,Simple Call,35.968,36.714666666666666,2250,13687.5,24000,(not validated),https://rfcx-streams-production.s3.eu-west-1.amazonaws.com/2021/06/18/81cqy10ep7pa/db2889c3-c7d0-4789-9e84-02f9077b89e2.flac?AWSAccessKeyId=AKIA45B7YWBX7MUJ7QCX&Expires=1719836145&Signature=1UH8zI5MeE11QpBu4ZfxSmAETAg%3D,0.29036113163270993,24641
721967259,K3am-2021-06-18_07-00.WAV,2021 Kern 3,2021,6,18,7,0,sp11,Simple Call,57.06666666666667,57.81333333333333,2250,13687.5,24000,(not validated),https://rfcx-streams-production.s3.eu-west-1.amazonaws.com/2021/06/18/81cqy10ep7pa/35c8cf4b-34e8-438e-a6df-60f2b719f52b.flac?AWSAccessKeyId=AKIA45B7YWBX7MUJ7QCX&Expires=1719836145&Signature=IfPwPs1AG2QLsBMon5flUAd0Py8%3D,0.265042362846602,24641
721967260,K3am-2021-06-18_06-20.WAV,2021 Kern 3,2021,6,18,6,20,sp11,Simple Call,34.592,35.33866666666667,2250,13687.5,24000,(not validated),https://rfcx-streams-production.s3.eu-west-1.amazonaws.com/2021/06/18/81cqy10ep7pa/cd9d9f0f-e69a-4811-a2f3-f5c569ac6bb1.flac?AWSAccessKeyId=AKIA45B7YWBX7MUJ7QCX&Expires=1719836145&Signature=lvbiE%2FdJ%2BtDjgy3mNXMFcQwXseg%3D,0.22149520301101902,24641
721968174,K3am-2021-07-04_03-00.WAV,2021 Kern 3,2021,7,4,3,0,sp11,Simple Call,5.738666666666667,6.485333333333333,2250,13687.5,24000,(not validated),https://rfcx-streams-production.s3.eu-west-1.amazonaws.com/2021/07/04/81cqy10ep7pa/f7fe25b1-1861-4083-b31b-7d59f73e3bdc.flac?AWSAccessKeyId=AKIA45B7YWBX7MUJ7QCX&Expires=1719836145&Signature=p7MvEOmkHwwc%2FGRkMBwh9tR6Cv8%3D,0.2043665996532015,24641
721968175,K3am-2021-07-04_13-20.WAV,2021 Kern 3,2021,7,4,13,20,sp11,Simple Call,50.42133333333334,51.168,2250,13687.5,24000,(not validated),https://rfcx-streams-production.s3.eu-west-1.amazonaws.com/2021/07/04/81cqy10ep7pa/a6b538c3-cc63-40f4-9ffc-2fff66b98749.flac?AWSAccessKeyId=AKIA45B7YWBX7MUJ7QCX&Expires=1719836145&Signature=zGEJ5EQrmPpwf8cYIPR%2FSJlYgFA%3D,0.20393887254631135,24641
721968176,K3am-2021-07-05_06-40.WAV,2021 Kern 3,2021,7,5,6,40,sp11,Simple Call,16.75733333333333,17.504,2250,13687.5,24000,(not validated),https://rfcx-streams-production.s3.eu-west-1.amazonaws.com/2021/07/05/81cqy10ep7pa/27f44819-4f3f-4d59-95cc-ec1b414a1476.flac?AWSAccessKeyId=AKIA45B7YWBX7MUJ7QCX&Expires=1719836145&Signature=97bu015s3KsVCwljYvFnRkNnWOQ%3D,0.2348617406856073,24641
721968177,K3am-2021-07-05_05-20.WAV,2021 Kern 3,2021,7,5,5,20,sp11,Simple Call,12.981333333333334,13.728,2250,13687.5,24000,(not validated),https://rfcx-streams-production.s3.eu-west-1.amazonaws.com/2021/07/05/81cqy10ep7pa/9d4c1f32-b2a2-4a41-a1e0-050f25995289.flac?AWSAccessKeyId=AKIA45B7YWBX7MUJ7QCX&Expires=1719836145&Signature=YEhvSYnVjBUWKOJStf041G2YkpE%3D,0.23108369001892473,24641
721968178,K3am-2021-07-05_08-20.WAV,2021 Kern 3,2021,7,5,8,20,sp11,Simple Call,5.370666666666667,6.117333333333334,2250,13687.5,24000,(not validated),https://rfcx-streams-production.s3.eu-west-1.amazonaws.com/2021/07/05/81cqy10ep7pa/c8e31473-da70-4682-ba03-550169268574.flac?AWSAccessKeyId=AKIA45B7YWBX7MUJ7QCX&Expires=1719836145&Signature=e2lxh9WQ8rgyT8i841bxiKMmRqk%3D,0.2749070401300167,24641
721968179,K3am-2021-07-05_19-40.WAV,2021 Kern 3,2021,7,5,19,40,sp11,Simple Call,42.282666666666664,43.029333333333334,2250,13687.5,24000,(not validated),https://rfcx-streams-production.s3.eu-west-1.amazonaws.com/2021/07/06/81cqy10ep7pa/e27fcb43-4406-4acb-a011-1eab664cdba9.flac?AWSAccessKeyId=AKIA45B7YWBX7MUJ7QCX&Expires=1719836145&Signature=58ZDfdkRkUYzZl%2BFqd4Wq3c1Mc8%3D,0.27579948520086306,24641
721968180,K3am-2021-07-06_03-20.WAV,2021 Kern 3,2021,7,6,3,20,sp11,Simple Call,23.584,24.330666666666666,2250,13687.5,24000,(not validated),https://rfcx-streams-production.s3.eu-west-1.amazonaws.com/2021/07/06/81cqy10ep7pa/0a0ce315-da1b-4fcc-bf23-198407924a3e.flac?AWSAccessKeyId=AKIA45B7YWBX7MUJ7QCX&Expires=1719836145&Signature=fW6Fwrx2xdq1xkR8cTpdfxzx%2FCA%3D,0.20458671163859213,24641
721968181,K3am-2021-07-06_06-40.WAV,2021 Kern 3,2021,7,6,6,40,sp11,Simple Call,48.74133333333333,49.488,2250,13687.5,24000,(not validated),https://rfcx-streams-production.s3.eu-west-1.amazonaws.com/2021/07/06/81cqy10ep7pa/7b72c7ca-0e8f-4837-bb39-387109b8c7d1.flac?AWSAccessKeyId=AKIA45B7YWBX7MUJ7QCX&Expires=1719836145&Signature=kQJo6CxDek3sPxXhGJNwQjucPsU%3D,0.23072807483283805,24641
721968182,K3am-2021-07-07_14-40.WAV,2021 Kern 3,2021,7,7,14,40,sp11,Simple Call,50.138666666666666,50.885333333333335,2250,13687.5,24000,(not validated),https://rfcx-streams-production.s3.eu-west-1.amazonaws.com/2021/07/07/81cqy10ep7pa/eea23be9-95ea-4248-bb0c-5e7ae6d0360c.flac?AWSAccessKeyId=AKIA45B7YWBX7MUJ7QCX&Expires=1719836145&Signature=QmRQAu0YfSE9%2Fis4I8xDbnPSVPE%3D,0.24295639837240107,24641
721968183,K3am-2021-07-07_09-20.WAV,2021 Kern 3,2021,7,7,9,20,sp11,Simple Call,54.32,55.06666666666667,2250,13687.5,24000,(not validated),https://rfcx-streams-production.s3.eu-west-1.amazonaws.com/2021/07/07/81cqy10ep7pa/532762b8-10e2-4bc0-ab06-8f8ce74f9cf7.flac?AWSAccessKeyId=AKIA45B7YWBX7MUJ7QCX&Expires=1719836145&Signature=n%2FUwbq%2FwF8UOyfE%2Bd9OJDsdBxps%3D,0.20265335336026835,24641
721968184,K3am-2021-07-08_07-00.WAV,2021 Kern 3,2021,7,8,7,0,sp11,Simple Call,53.51466666666666,54.26133333333333,2250,13687.5,24000,(not validated),https://rfcx-streams-production.s3.eu-west-1.amazonaws.com/2021/07/08/81cqy10ep7pa/a03edb42-aaaa-4a8a-883e-d3b6b57f0f91.flac?AWSAccessKeyId=AKIA45B7YWBX7MUJ7QCX&Expires=1719836145&Signature=ErwkG512U920pALWk9Ps1PqfSm0%3D,0.218793750167544,24641
721968185,K3am-2021-07-08_02-40.WAV,2021 Kern 3,2021,7,8,2,40,sp11,Simple Call,15.338666666666667,16.085333333333335,2250,13687.5,24000,(not validated),https://rfcx-streams-production.s3.eu-west-1.amazonaws.com/2021/07/08/81cqy10ep7pa/cc67324c-7302-4e55-85fa-27d3787ece0d.flac?AWSAccessKeyId=AKIA45B7YWBX7MUJ7QCX&Expires=1719836145&Signature=c%2FkmTb%2FC7Q3b9fOTHHctTnI5HL0%3D,0.2061295093480556,24641
721968186,K3am-2021-07-07_12-00.WAV,2021 Kern 3,2021,7,7,12,0,sp11,Simple Call,29.269333333333332,30.016,2250,13687.5,24000,(not validated),https://rfcx-streams-production.s3.eu-west-1.amazonaws.com/2021/07/07/81cqy10ep7pa/0dab6561-28c6-4000-9992-b2b0ccdd52ec.flac?AWSAccessKeyId=AKIA45B7YWBX7MUJ7QCX&Expires=1719836145&Signature=aij2na9Osmi7Drav8zdsJQopon0%3D,0.22576968746774007,24641
721968187,K3am-2021-07-08_11-20.WAV,2021 Kern 3,2021,7,8,11,20,sp11,Simple Call,15.957333333333333,16.704,2250,13687.5,24000,(not validated),https://rfcx-streams-production.s3.eu-west-1.amazonaws.com/2021/07/08/81cqy10ep7pa/f1794428-836a-4eed-a41c-35988f3b5453.flac?AWSAccessKeyId=AKIA45B7YWBX7MUJ7QCX&Expires=1719836145&Signature=z1u9mdtUnj7RJHiTD4wkrDcKD04%3D,0.2007489132673911,24641
721968188,K3am-2021-07-08_06-20.WAV,2021 Kern 3,2021,7,8,6,20,sp11,Simple Call,38.38933333333333,39.136,2250,13687.5,24000,(not validated),https://rfcx-streams-production.s3.eu-west-1.amazonaws.com/2021/07/08/81cqy10ep7pa/084e03f7-c9e9-4c3c-8eb6-c4f5cc543103.flac?AWSAccessKeyId=AKIA45B7YWBX7MUJ7QCX&Expires=1719836145&Signature=xAcV%2Bm%2BKLN3IQDsNtnXSB4UpQfQ%3D,0.29119228823767196,24641
721968189,K3am-2021-07-08_13-40.WAV,2021 Kern 3,2021,7,8,13,40,sp11,Simple Call,8.624,9.370666666666667,2250,13687.5,24000,(not validated),https://rfcx-streams-production.s3.eu-west-1.amazonaws.com/2021/07/08/81cqy10ep7pa/7daeba6b-3b90-4920-94ff-2522bb25c4a2.flac?AWSAccessKeyId=AKIA45B7YWBX7MUJ7QCX&Expires=1719836145&Signature=G496PUIyNCrZPTIvptdAj4Lrpcs%3D,0.2134787194872908,24641
721968190,K3am-2021-07-08_10-40.WAV,2021 Kern 3,2021,7,8,10,40,sp11,Simple Call,52.037333333333336,52.784,2250,13687.5,24000,(not validated),https://rfcx-streams-production.s3.eu-west-1.amazonaws.com/2021/07/08/81cqy10ep7pa/89025e22-ab2b-4735-bdb6-05184a52f64d.flac?AWSAccessKeyId=AKIA45B7YWBX7MUJ7QCX&Expires=1719836145&Signature=jDptHGvuDyJ%2BX4Ww6FR7vpQjhFk%3D,0.2001321554450487,24641
721968191,K3am-2021-07-09_06-20.WAV,2021 Kern 3,2021,7,9,6,20,sp11,Simple Call,44.67733333333333,45.424,2250,13687.5,24000,(not validated),https://rfcx-streams-production.s3.eu-west-1.amazonaws.com/2021/07/09/81cqy10ep7pa/e82b121a-a77d-4fa5-97f7-59c8db6443a5.flac?AWSAccessKeyId=AKIA45B7YWBX7MUJ7QCX&Expires=1719836145&Signature=0DB76ExSfzBufSXMjSVSaVFKlrU%3D,0.21329469563244186,24641
721968192,K3am-2021-07-09_16-40.WAV,2021 Kern 3,2021,7,9,16,40,sp11,Simple Call,7.397333333333333,8.144,2250,13687.5,24000,(not validated),https://rfcx-streams-production.s3.eu-west-1.amazonaws.com/2021/07/09/81cqy10ep7pa/86d03d14-6579-4e6a-b50b-d606a7b520c3.flac?AWSAccessKeyId=AKIA45B7YWBX7MUJ7QCX&Expires=1719836145&Signature=3skRxjl2L71hB6fFswKa4IkjC94%3D,0.28646623868852034,24641
721968715,K3am-2021-05-27_07-00.WAV,2021 Kern 3,2021,5,27,7,0,sp11,Simple Call,7.978666666666666,8.725333333333333,2250,13687.5,24000,(not validated),https://rfcx-streams-production.s3.eu-west-1.amazonaws.com/2021/05/27/81cqy10ep7pa/8319a374-b83a-4f57-a2e3-82da937ba9d1.flac?AWSAccessKeyId=AKIA45B7YWBX7MUJ7QCX&Expires=1719836145&Signature=VC5Rnl1ocukqfYIbKgwNvtsuyDw%3D,0.24741051025846533,24641
721968716,K3am-2021-05-25_19-00.WAV,2021 Kern 3,2021,5,25,19,0,sp11,Simple Call,41.898666666666664,42.64533333333333,2250,13687.5,24000,(not validated),https://rfcx-streams-production.s3.eu-west-1.amazonaws.com/2021/05/26/81cqy10ep7pa/c354d2ea-71de-4596-94d5-da6576c0d022.flac?AWSAccessKeyId=AKIA45B7YWBX7MUJ7QCX&Expires=1719836145&Signature=BlXQMimEJN%2BIzoHIGQHTQoD6i7A%3D,0.2066592395475597,24641
721968717,K3am-2021-05-27_19-40.WAV,2021 Kern 3,2021,5,27,19,40,sp11,Simple Call,50.096,50.842666666666666,2250,13687.5,24000,(not validated),https://rfcx-streams-production.s3.eu-west-1.amazonaws.com/2021/05/28/81cqy10ep7pa/2a4cd5ca-c188-43bd-85f2-6fa43a15faf9.flac?AWSAccessKeyId=AKIA45B7YWBX7MUJ7QCX&Expires=1719836145&Signature=bNN%2F%2FxXG11IK7JXQZ6YZLaFwErg%3D,0.2080116548168462,24641
721968718,K3am-2021-05-26_14-20.WAV,2021 Kern 3,2021,5,26,14,20,sp11,Simple Call,58.27733333333333,59.024,2250,13687.5,24000,(not validated),https://rfcx-streams-production.s3.eu-west-1.amazonaws.com/2021/05/26/81cqy10ep7pa/bd334065-6df2-490c-90e8-06de8b3eb5bc.flac?AWSAccessKeyId=AKIA45B7YWBX7MUJ7QCX&Expires=1719836145&Signature=4imccykYd2uUkyurmxArqbgGcsw%3D,0.2283469905811762,24641
721968719,K3am-2021-05-25_11-00.WAV,2021 Kern 3,2021,5,25,11,0,sp11,Simple Call,35.242666666666665,35.989333333333335,2250,13687.5,24000,(not validated),https://rfcx-streams-production.s3.eu-west-1.amazonaws.com/2021/05/25/81cqy10ep7pa/98161316-5471-4833-a802-2362838f9a18.flac?AWSAccessKeyId=AKIA45B7YWBX7MUJ7QCX&Expires=1719836145&Signature=RsU9YCfA1EcBCJK2syLuUmRWRaE%3D,0.25330451871308063,24641
721968720,K3am-2021-05-26_13-20.WAV,2021 Kern 3,2021,5,26,13,20,sp11,Simple Call,2.304,3.050666666666667,2250,13687.5,24000,(not validated),https://rfcx-streams-production.s3.eu-west-1.amazonaws.com/2021/05/26/81cqy10ep7pa/faddf00d-e8d6-421f-8f16-ceb245de468e.flac?AWSAccessKeyId=AKIA45B7YWBX7MUJ7QCX&Expires=1719836145&Signature=KK1ZVSa0LpT10Fgr5yqXZQKngAQ%3D,0.24826239944903894,24641
721968721,K3am-2021-05-25_18-40.WAV,2021 Kern 3,2021,5,25,18,40,sp11,Simple Call,47.35466666666667,48.101333333333336,2250,13687.5,24000,(not validated),https://rfcx-streams-production.s3.eu-west-1.amazonaws.com/2021/05/26/81cqy10ep7pa/15ca0f10-8d37-4ecd-95a8-929cdd06bbb8.flac?AWSAccessKeyId=AKIA45B7YWBX7MUJ7QCX&Expires=1719836145&Signature=%2FZNYr1eCGaOx4INJIXjEjVwl5Z4%3D,0.2902350704365362,24641
721968722,K3am-2021-05-25_01-20.WAV,2021 Kern 3,2021,5,25,1,20,sp11,Simple Call,5.317333333333333,6.064,2250,13687.5,24000,(not validated),https://rfcx-streams-production.s3.eu-west-1.amazonaws.com/2021/05/25/81cqy10ep7pa/a8ec39ed-46c0-48d5-8b23-5f1af4cc2e9f.flac?AWSAccessKeyId=AKIA45B7YWBX7MUJ7QCX&Expires=1719836145&Signature=WzHVG4zD9RjpiFBetjWNfehcDJ4%3D,0.26904402372975744,24641
721968723,K3am-2021-05-25_07-00.WAV,2021 Kern 3,2021,5,25,7,0,sp11,Simple Call,56.58133333333333,57.328,2250,13687.5,24000,(not validated),https://rfcx-streams-production.s3.eu-west-1.amazonaws.com/2021/05/25/81cqy10ep7pa/2b55bc16-5323-49df-ae25-91fdbb550126.flac?AWSAccessKeyId=AKIA45B7YWBX7MUJ7QCX&Expires=1719836145&Signature=GDbOSsvxYkWVXR05GPUDEK6eVjE%3D,0.21220282869706114,24641
721968724,K3am-2021-05-26_07-00.WAV,2021 Kern 3,2021,5,26,7,0,sp11,Simple Call,3.1146666666666665,3.8613333333333335,2250,13687.5,24000,(not validated),https://rfcx-streams-production.s3.eu-west-1.amazonaws.com/2021/05/26/81cqy10ep7pa/c0706d8c-f4dc-45ad-a4d6-657bfdd9ffc0.flac?AWSAccessKeyId=AKIA45B7YWBX7MUJ7QCX&Expires=1719836145&Signature=8XCKsV3WpNohpjg3DLeTC%2BebZGk%3D,0.27632991364872356,24641
721968725,K3am-2021-05-24_18-40.WAV,2021 Kern 3,2021,5,24,18,40,sp11,Simple Call,0.8906666666666667,1.6373333333333333,2250,13687.5,24000,(not validated),https://rfcx-streams-production.s3.eu-west-1.amazonaws.com/2021/05/25/81cqy10ep7pa/70fad5d8-da71-48d4-9c9b-42e381ee8223.flac?AWSAccessKeyId=AKIA45B7YWBX7MUJ7QCX&Expires=1719836145&Signature=mCZB3GYLH%2FmqitIwNCK3pgf%2FaVg%3D,0.27910280007741084,24641
721968726,K3am-2021-05-26_11-40.WAV,2021 Kern 3,2021,5,26,11,40,sp11,Simple Call,4.058666666666666,4.8053333333333335,2250,13687.5,24000,(not validated),https://rfcx-streams-production.s3.eu-west-1.amazonaws.com/2021/05/26/81cqy10ep7pa/beef50e2-4e1e-4b9c-abc2-f316e83976c4.flac?AWSAccessKeyId=AKIA45B7YWBX7MUJ7QCX&Expires=1719836145&Signature=%2FbSqprGzzkJpFjVpIWeWzmTIgWQ%3D,0.25559966620759716,24641
721968727,K3am-2021-05-25_06-00.WAV,2021 Kern 3,2021,5,25,6,0,sp11,Simple Call,38.832,39.57866666666666,2250,13687.5,24000,(not validated),https://rfcx-streams-production.s3.eu-west-1.amazonaws.com/2021/05/25/81cqy10ep7pa/c4725e3f-8f3b-4aca-a5b9-55a46d93f028.flac?AWSAccessKeyId=AKIA45B7YWBX7MUJ7QCX&Expires=1719836145&Signature=Byx50dW05Ti0tpgq1vHbxIw%2FsYQ%3D,0.2670537120425656,24641
721968728,K3am-2021-05-24_12-20.WAV,2021 Kern 3,2021,5,24,12,20,sp11,Simple Call,45.77066666666666,46.51733333333333,2250,13687.5,24000,(not validated),https://rfcx-streams-production.s3.eu-west-1.amazonaws.com/2021/05/24/81cqy10ep7pa/f7ceca13-627f-4919-98ae-56db054b89a6.flac?AWSAccessKeyId=AKIA45B7YWBX7MUJ7QCX&Expires=1719836145&Signature=EgmutARTPce7hvM5MTLe8omOavg%3D,0.20012432350528417,24641
721968729,K3am-2021-05-24_07-20.WAV,2021 Kern 3,2021,5,24,7,20,sp11,Simple Call,7.808,8.554666666666666,2250,13687.5,24000,(not validated),https://rfcx-streams-production.s3.eu-west-1.amazonaws.com/2021/05/24/81cqy10ep7pa/646e0474-5d06-4a6e-93ab-0d49584e0a85.flac?AWSAccessKeyId=AKIA45B7YWBX7MUJ7QCX&Expires=1719836145&Signature=A5JwyVEqtJc0uHwF8CMXiEBBdgk%3D,0.2217148334342953,24641
721968730,K3am-2021-05-23_09-40.WAV,2021 Kern 3,2021,5,23,9,40,sp11,Simple Call,39.12533333333333,39.872,2250,13687.5,24000,(not validated),https://rfcx-streams-production.s3.eu-west-1.amazonaws.com/2021/05/23/81cqy10ep7pa/194c4f61-99d9-4599-8a81-4116e5265d0d.flac?AWSAccessKeyId=AKIA45B7YWBX7MUJ7QCX&Expires=1719836145&Signature=ugoGrDt8gPwbojcRHuzuOGQvQqI%3D,0.222571303720983,24641
721968731,K3am-2021-05-22_19-40.WAV,2021 Kern 3,2021,5,22,19,40,sp11,Simple Call,18.933333333333334,19.68,2250,13687.5,24000,(not validated),https://rfcx-streams-production.s3.eu-west-1.amazonaws.com/2021/05/23/81cqy10ep7pa/60f5071d-8f91-4c9a-96bf-a64215e1e56b.flac?AWSAccessKeyId=AKIA45B7YWBX7MUJ7QCX&Expires=1719836145&Signature=sjBGEUW0xc6lo%2F2RnHSSYSZ%2Bl8E%3D,0.20904097540557107,24641
721968732,K3am-2021-05-24_11-00.WAV,2021 Kern 3,2021,5,24,11,0,sp11,Simple Call,2.5813333333333333,3.328,2250,13687.5,24000,(not validated),https://rfcx-streams-production.s3.eu-west-1.amazonaws.com/2021/05/24/81cqy10ep7pa/bdaff895-e738-41ae-a01b-cecac69acf17.flac?AWSAccessKeyId=AKIA45B7YWBX7MUJ7QCX&Expires=1719836145&Signature=qb0yeDm08MdReFMUi3hLFTSbTOE%3D,0.2394929708148213,24641
721968733,K3am-2021-05-22_11-20.WAV,2021 Kern 3,2021,5,22,11,20,sp11,Simple Call,43.370666666666665,44.117333333333335,2250,13687.5,24000,(not validated),https://rfcx-streams-production.s3.eu-west-1.amazonaws.com/2021/05/22/81cqy10ep7pa/b844e293-e978-41d3-b2ad-18f3c935df00.flac?AWSAccessKeyId=AKIA45B7YWBX7MUJ7QCX&Expires=1719836145&Signature=VNQmj0THBmPJG9HthGkT%2BOnwXWk%3D,0.24546457302162203,24641
721968734,K3am-2021-05-23_10-00.WAV,2021 Kern 3,2021,5,23,10,0,sp11,Simple Call,47.44,48.18666666666667,2250,13687.5,24000,(not validated),https://rfcx-streams-production.s3.eu-west-1.amazonaws.com/2021/05/23/81cqy10ep7pa/faefeb48-6d86-4f44-81cf-e811759b9509.flac?AWSAccessKeyId=AKIA45B7YWBX7MUJ7QCX&Expires=1719836145&Signature=FVAml00grPMfYEirhJV%2BeZSEMnk%3D,0.26299972927312165,24641
721968735,K3am-2021-05-24_09-20.WAV,2021 Kern 3,2021,5,24,9,20,sp11,Simple Call,38.05866666666667,38.80533333333333,2250,13687.5,24000,(not validated),https://rfcx-streams-production.s3.eu-west-1.amazonaws.com/2021/05/24/81cqy10ep7pa/8c5af3dc-4f5d-473f-8e07-0fb4277f6ca6.flac?AWSAccessKeyId=AKIA45B7YWBX7MUJ7QCX&Expires=1719836145&Signature=%2BtDd3w3Aq9rZj2Nc%2F80aAiZoK3g%3D,0.2780789292957018,24641
721968736,K3am-2021-05-22_20-20.WAV,2021 Kern 3,2021,5,22,20,20,sp11,Simple Call,34.416,35.16266666666667,2250,13687.5,24000,(not validated),https://rfcx-streams-production.s3.eu-west-1.amazonaws.com/2021/05/23/81cqy10ep7pa/dc24c928-5d90-4a7a-8d86-b7c09ddbe5ee.flac?AWSAccessKeyId=AKIA45B7YWBX7MUJ7QCX&Expires=1719836145&Signature=eVJ4MQDbZ0l1mosSaBfFbBigBr8%3D,0.2358817060225734,24641
721968737,K3am-2021-05-22_10-00.WAV,2021 Kern 3,2021,5,22,10,0,sp11,Simple Call,9.717333333333332,10.464,2250,13687.5,24000,(not validated),https://rfcx-streams-production.s3.eu-west-1.amazonaws.com/2021/05/22/81cqy10ep7pa/f6cda5f8-59ba-4480-9b25-cdb90b62322b.flac?AWSAccessKeyId=AKIA45B7YWBX7MUJ7QCX&Expires=1719836145&Signature=mJ3VncAwwHVhqPhWeAu0Stimv5k%3D,0.21008085365298979,24641
721968738,K3am-2021-05-23_08-40.WAV,2021 Kern 3,2021,5,23,8,40,sp11,Simple Call,54.688,55.434666666666665,2250,13687.5,24000,(not validated),https://rfcx-streams-production.s3.eu-west-1.amazonaws.com/2021/05/23/81cqy10ep7pa/8b720273-b1b4-49ee-90af-b18b490270a4.flac?AWSAccessKeyId=AKIA45B7YWBX7MUJ7QCX&Expires=1719836145&Signature=q9tyy583bx4TuknKS%2BEGA3lKsng%3D,0.21718671173300155,24641
721968739,K3am-2021-05-22_20-00.WAV,2021 Kern 3,2021,5,22,20,0,sp11,Simple Call,56.266666666666666,57.013333333333335,2250,13687.5,24000,(not validated),https://rfcx-streams-production.s3.eu-west-1.amazonaws.com/2021/05/23/81cqy10ep7pa/10f2f85a-d9c2-4bf3-ad61-4120cc622f0e.flac?AWSAccessKeyId=AKIA45B7YWBX7MUJ7QCX&Expires=1719836145&Signature=Hx%2BUxjDU0Dy9cOmPM27xxUCq5xY%3D,0.20289439359299802,24641
721968740,K3am-2021-05-21_20-00.WAV,2021 Kern 3,2021,5,21,20,0,sp11,Simple Call,12.810666666666666,13.557333333333334,2250,13687.5,24000,(not validated),https://rfcx-streams-production.s3.eu-west-1.amazonaws.com/2021/05/22/81cqy10ep7pa/1664f2c1-c218-4f93-a8cc-e8bd59128d35.flac?AWSAccessKeyId=AKIA45B7YWBX7MUJ7QCX&Expires=1719836145&Signature=%2F0E%2Bs2b7jLFyRPOGIvocz1W8hCI%3D,0.2635844515878828,24641
721968741,K3am-2021-05-21_18-40.WAV,2021 Kern 3,2021,5,21,18,40,sp11,Simple Call,41.64266666666666,42.38933333333333,2250,13687.5,24000,(not validated),https://rfcx-streams-production.s3.eu-west-1.amazonaws.com/2021/05/22/81cqy10ep7pa/1944ca34-e06b-406d-938d-0c89b61baf7e.flac?AWSAccessKeyId=AKIA45B7YWBX7MUJ7QCX&Expires=1719836145&Signature=aSo%2FxJDc2sbbtvK9tkgW2oY19wA%3D,0.22194591186228815,24641
721968742,K3am-2021-05-19_07-40.WAV,2021 Kern 3,2021,5,19,7,40,sp11,Simple Call,30.037333333333333,30.784,2250,13687.5,24000,(not validated),https://rfcx-streams-production.s3.eu-west-1.amazonaws.com/2021/05/19/81cqy10ep7pa/59477cf5-7798-431e-9c24-d542075f5d00.flac?AWSAccessKeyId=AKIA45B7YWBX7MUJ7QCX&Expires=1719836145&Signature=ckDetoAR8hSGHLG0ld%2FsocR1qQ4%3D,0.25611049386351287,24641
721968743,K3am-2021-05-19_06-20.WAV,2021 Kern 3,2021,5,19,6,20,sp11,Simple Call,42.57066666666667,43.31733333333333,2250,13687.5,24000,(not validated),https://rfcx-streams-production.s3.eu-west-1.amazonaws.com/2021/05/19/81cqy10ep7pa/f066aec1-261a-4199-9439-5f97b5ee9896.flac?AWSAccessKeyId=AKIA45B7YWBX7MUJ7QCX&Expires=1719836145&Signature=wNhjH20jWY7AwNGFeX9sYNOOsos%3D,0.2471939442539619,24641
721968744,K3am-2021-05-19_07-00.WAV,2021 Kern 3,2021,5,19,7,0,sp11,Simple Call,45.568,46.31466666666667,2250,13687.5,24000,(not validated),https://rfcx-streams-production.s3.eu-west-1.amazonaws.com/2021/05/19/81cqy10ep7pa/121471da-9590-4e83-a843-ff2cc038c3dd.flac?AWSAccessKeyId=AKIA45B7YWBX7MUJ7QCX&Expires=1719836145&Signature=aPY6%2BUEdPBDrcXBDdyEERN3a8bE%3D,0.24365253861586222,24641
721968745,K3am-2021-05-18_11-20.WAV,2021 Kern 3,2021,5,18,11,20,sp11,Simple Call,57.552,58.29866666666667,2250,13687.5,24000,(not validated),https://rfcx-streams-production.s3.eu-west-1.amazonaws.com/2021/05/18/81cqy10ep7pa/be25c5f3-e165-4584-92a9-979e4b63f2d0.flac?AWSAccessKeyId=AKIA45B7YWBX7MUJ7QCX&Expires=1719836145&Signature=52l3pj5S637Pt7gEjZR2GwPdwvI%3D,0.25572212901209174,24641
721968746,K3am-2021-05-17_09-40.WAV,2021 Kern 3,2021,5,17,9,40,sp11,Simple Call,6.533333333333333,7.28,2250,13687.5,24000,(not validated),https://rfcx-streams-production.s3.eu-west-1.amazonaws.com/2021/05/17/81cqy10ep7pa/7ca52850-29bb-48af-aed6-b9a163774276.flac?AWSAccessKeyId=AKIA45B7YWBX7MUJ7QCX&Expires=1719836145&Signature=3Q3Z9X13%2BpxsKrsIBBdrd2W4UI8%3D,0.22846851072587074,24641
721968747,K3am-2021-05-17_13-40.WAV,2021 Kern 3,2021,5,17,13,40,sp11,Simple Call,28.48,29.226666666666667,2250,13687.5,24000,(not validated),https://rfcx-streams-production.s3.eu-west-1.amazonaws.com/2021/05/17/81cqy10ep7pa/687c3ba8-2aa3-44b2-a3a5-09cf6f54f48a.flac?AWSAccessKeyId=AKIA45B7YWBX7MUJ7QCX&Expires=1719836145&Signature=r8%2Bvcb%2BjUgaw53VcknRObk%2BJPSA%3D,0.20854680793003771,24641
721968748,K3am-2021-05-17_07-40.WAV,2021 Kern 3,2021,5,17,7,40,sp11,Simple Call,6.437333333333333,7.184,2250,13687.5,24000,(not validated),https://rfcx-streams-production.s3.eu-west-1.amazonaws.com/2021/05/17/81cqy10ep7pa/acb473c4-635f-4612-9661-ee14e48004ea.flac?AWSAccessKeyId=AKIA45B7YWBX7MUJ7QCX&Expires=1719836145&Signature=bvRhWua7klyrQecNmHgVzPa2nSs%3D,0.21962664655616318,24641
721968749,K3am-2021-05-16_10-40.WAV,2021 Kern 3,2021,5,16,10,40,sp11,Simple Call,1.84,2.5866666666666664,2250,13687.5,24000,(not validated),https://rfcx-streams-production.s3.eu-west-1.amazonaws.com/2021/05/16/81cqy10ep7pa/f5533aea-fd84-4150-9476-e20c9c7f90a5.flac?AWSAccessKeyId=AKIA45B7YWBX7MUJ7QCX&Expires=1719836145&Signature=X8NtjS54eQWc2yCrI5du3LDgKCE%3D,0.2350739360760446,24641
721968750,K3am-2021-05-16_05-00.WAV,2021 Kern 3,2021,5,16,5,0,sp11,Simple Call,6.314666666666667,7.061333333333334,2250,13687.5,24000,(not validated),https://rfcx-streams-production.s3.eu-west-1.amazonaws.com/2021/05/16/81cqy10ep7pa/1395d824-264c-4598-9ffe-45fc405dd29b.flac?AWSAccessKeyId=AKIA45B7YWBX7MUJ7QCX&Expires=1719836145&Signature=njoTSGNewggYIe7IoWyDp%2F5%2BMFk%3D,0.20086063918078634,24641
721968751,K3am-2021-05-16_11-40.WAV,2021 Kern 3,2021,5,16,11,40,sp11,Simple Call,6.288,7.034666666666666,2250,13687.5,24000,(not validated),https://rfcx-streams-production.s3.eu-west-1.amazonaws.com/2021/05/16/81cqy10ep7pa/c7bd11ee-4499-4d84-948b-ab58cd2445fb.flac?AWSAccessKeyId=AKIA45B7YWBX7MUJ7QCX&Expires=1719836145&Signature=syLmFoB4s6ZsdryLuXL9LXxkiow%3D,0.2056928158920869,24641
721968752,K3am-2021-05-15_18-00.WAV,2021 Kern 3,2021,5,15,18,0,sp11,Simple Call,6.896,7.642666666666667,2250,13687.5,24000,(not validated),https://rfcx-streams-production.s3.eu-west-1.amazonaws.com/2021/05/16/81cqy10ep7pa/b913e79c-41d1-4190-a971-f3e73f74394e.flac?AWSAccessKeyId=AKIA45B7YWBX7MUJ7QCX&Expires=1719836145&Signature=QNGYgg5s3YAsRQi7nnZav6Jk7As%3D,0.26499766415151754,24641
721968753,K3am-2021-05-13_13-20.WAV,2021 Kern 3,2021,5,13,13,20,sp11,Simple Call,44.44266666666667,45.18933333333333,2250,13687.5,24000,(not validated),https://rfcx-streams-production.s3.eu-west-1.amazonaws.com/2021/05/13/81cqy10ep7pa/c7e2202c-791d-402b-83f0-7a4a2e142b2d.flac?AWSAccessKeyId=AKIA45B7YWBX7MUJ7QCX&Expires=1719836145&Signature=EzGoZ4G0QTs%2BYvCUGahugIDAX%2Bw%3D,0.2789684562053439,24641
721975616,K3am-2021-04-30_06-40.WAV,2021 Kern 3,2021,4,30,6,40,sp11,Simple Call,8.314666666666668,9.061333333333334,2250,13687.5,24000,(not validated),https://rfcx-streams-production.s3.eu-west-1.amazonaws.com/2021/04/30/81cqy10ep7pa/03aafffd-7fd6-476a-bb66-b7ef722140ad.flac?AWSAccessKeyId=AKIA45B7YWBX7MUJ7QCX&Expires=1719836145&Signature=yRj8xYwmiLOoaKQjMyvbJUMXwuI%3D,0.2951237253912583,24641
721975617,K3am-2021-04-28_16-20.WAV,2021 Kern 3,2021,4,28,16,20,sp11,Simple Call,21.936,22.682666666666666,2250,13687.5,24000,(not validated),https://rfcx-streams-production.s3.eu-west-1.amazonaws.com/2021/04/28/81cqy10ep7pa/7dc428db-32c3-493d-a135-6f85e7af83f5.flac?AWSAccessKeyId=AKIA45B7YWBX7MUJ7QCX&Expires=1719836145&Signature=iAzsYI4%2F5f%2FF%2FVGoozhvdjopGh8%3D,0.23014072527950122,24641
721975618,K3am-2021-04-30_12-40.WAV,2021 Kern 3,2021,4,30,12,40,sp11,Simple Call,46.565333333333335,47.312,2250,13687.5,24000,(not validated),https://rfcx-streams-production.s3.eu-west-1.amazonaws.com/2021/04/30/81cqy10ep7pa/9304b444-58a6-4d34-83f5-43311675930a.flac?AWSAccessKeyId=AKIA45B7YWBX7MUJ7QCX&Expires=1719836145&Signature=kf2XzYgdBTZGCz%2FVhmUjBsKd0Bg%3D,0.2479390231022031,24641
721975619,K3am-2021-04-28_10-00.WAV,2021 Kern 3,2021,4,28,10,0,sp11,Simple Call,23.850666666666665,24.597333333333335,2250,13687.5,24000,(not validated),https://rfcx-streams-production.s3.eu-west-1.amazonaws.com/2021/04/28/81cqy10ep7pa/7efc5de9-2a37-449f-8e8d-c631e264a17b.flac?AWSAccessKeyId=AKIA45B7YWBX7MUJ7QCX&Expires=1719836145&Signature=OcozCi%2BTLjyGU2wxyGG6VUVhVQ8%3D,0.2121718672826902,24641
721975620,K3am-2021-04-28_09-20.WAV,2021 Kern 3,2021,4,28,9,20,sp11,Simple Call,27.701333333333334,28.448,2250,13687.5,24000,(not validated),https://rfcx-streams-production.s3.eu-west-1.amazonaws.com/2021/04/28/81cqy10ep7pa/3f49f6a4-3983-4654-b988-4526f147e291.flac?AWSAccessKeyId=AKIA45B7YWBX7MUJ7QCX&Expires=1719836145&Signature=EHDIQlJWdVzpxnU5rb8L4y36lxU%3D,0.260988429091259,24641
721975621,K3am-2021-04-27_06-20.WAV,2021 Kern 3,2021,4,27,6,20,sp11,Simple Call,24.762666666666668,25.509333333333334,2250,13687.5,24000,(not validated),https://rfcx-streams-production.s3.eu-west-1.amazonaws.com/2021/04/27/81cqy10ep7pa/38f88c5a-792c-4a8f-b423-abdc1a829a53.flac?AWSAccessKeyId=AKIA45B7YWBX7MUJ7QCX&Expires=1719836145&Signature=ZJLTsI1DN2q0qfWE1%2BRvt5s8rLQ%3D,0.20071217711659706,24641
721975622,K3am-2021-04-28_07-00.WAV,2021 Kern 3,2021,4,28,7,0,sp11,Simple Call,40.14933333333333,40.896,2250,13687.5,24000,(not validated),https://rfcx-streams-production.s3.eu-west-1.amazonaws.com/2021/04/28/81cqy10ep7pa/b9ac2b57-b085-47a4-a8a5-e82c468d9e8b.flac?AWSAccessKeyId=AKIA45B7YWBX7MUJ7QCX&Expires=1719836145&Signature=wAQKiPjPM2cmEJ4ujNiXxoUj1Yo%3D,0.24132231320169206,24641
721975623,K3am-2021-04-27_13-00.WAV,2021 Kern 3,2021,4,27,13,0,sp11,Simple Call,1.8613333333333333,2.608,2250,13687.5,24000,(not validated),https://rfcx-streams-production.s3.eu-west-1.amazonaws.com/2021/04/27/81cqy10ep7pa/a73ffa6f-2417-499b-b087-4dd7e609b173.flac?AWSAccessKeyId=AKIA45B7YWBX7MUJ7QCX&Expires=1719836145&Signature=Ek%2B7Me3YRFVLyK2xxaoZttpb2j4%3D,0.22017375398774952,24641
721975624,K3am-2021-04-27_20-20.WAV,2021 Kern 3,2021,4,27,20,20,sp11,Simple Call,42.42133333333334,43.168,2250,13687.5,24000,(not validated),https://rfcx-streams-production.s3.eu-west-1.amazonaws.com/2021/04/28/81cqy10ep7pa/62feb64f-b5ea-4b1f-83a6-28f3dff6f645.flac?AWSAccessKeyId=AKIA45B7YWBX7MUJ7QCX&Expires=1719836145&Signature=ZSYCCFH11A2m6wSs8C%2BDv9SkjXo%3D,0.2008876551530869,24641
721975625,K3am-2021-04-27_06-00.WAV,2021 Kern 3,2021,4,27,6,0,sp11,Simple Call,28.661333333333335,29.408,2250,13687.5,24000,(not validated),https://rfcx-streams-production.s3.eu-west-1.amazonaws.com/2021/04/27/81cqy10ep7pa/7fe68404-ef75-4034-ba4e-4f1b65dc3c44.flac?AWSAccessKeyId=AKIA45B7YWBX7MUJ7QCX&Expires=1719836145&Signature=XzMfPW46Ak1iKAzv9%2Bm4bNprToc%3D,0.2574705086815778,24641
721975626,K3am-2021-04-25_07-40.WAV,2021 Kern 3,2021,4,25,7,40,sp11,Simple Call,0.976,1.7226666666666666,2250,13687.5,24000,(not validated),https://rfcx-streams-production.s3.eu-west-1.amazonaws.com/2021/04/25/81cqy10ep7pa/733948df-b1e0-452b-8ef3-874356e175f6.flac?AWSAccessKeyId=AKIA45B7YWBX7MUJ7QCX&Expires=1719836145&Signature=l9boHak4e%2ByQbbI1vgFKEbeukdA%3D,0.2047891954432403,24641
721975627,K3am-2021-04-24_19-40.WAV,2021 Kern 3,2021,4,24,19,40,sp11,Simple Call,18.122666666666667,18.869333333333334,2250,13687.5,24000,(not validated),https://rfcx-streams-production.s3.eu-west-1.amazonaws.com/2021/04/25/81cqy10ep7pa/11d79c8e-deb6-41bb-a7f4-247dca1e0f6c.flac?AWSAccessKeyId=AKIA45B7YWBX7MUJ7QCX&Expires=1719836145&Signature=v7fG1PChmMUFcQhg3pk0D0%2FVj5g%3D,0.2104009373932174,24641
721975628,K3am-2021-04-23_20-40.WAV,2021 Kern 3,2021,4,23,20,40,sp11,Simple Call,50.42133333333334,51.168,2250,13687.5,24000,(not validated),https://rfcx-streams-production.s3.eu-west-1.amazonaws.com/2021/04/24/81cqy10ep7pa/82f969a2-717a-444a-b643-47ff9c33563d.flac?AWSAccessKeyId=AKIA45B7YWBX7MUJ7QCX&Expires=1719836145&Signature=q2HLhqQL%2Fh6A35sCs3QFGgeuUrE%3D,0.20363282501733002,24641
721975629,K3am-2021-04-23_08-40.WAV,2021 Kern 3,2021,4,23,8,40,sp11,Simple Call,43.82933333333333,44.576,2250,13687.5,24000,(not validated),https://rfcx-streams-production.s3.eu-west-1.amazonaws.com/2021/04/23/81cqy10ep7pa/197402dc-8b48-4d02-8e22-f227c51984a6.flac?AWSAccessKeyId=AKIA45B7YWBX7MUJ7QCX&Expires=1719836145&Signature=Gj%2BcncB4i0ruK99Nk2rVDt78%2Fsk%3D,0.2184223594495271,24641
721975630,K3am-2021-04-22_19-00.WAV,2021 Kern 3,2021,4,22,19,0,sp11,Simple Call,11.077333333333334,11.824,2250,13687.5,24000,(not validated),https://rfcx-streams-production.s3.eu-west-1.amazonaws.com/2021/04/23/81cqy10ep7pa/76645bb4-5c06-483c-a229-bb738aa28e1c.flac?AWSAccessKeyId=AKIA45B7YWBX7MUJ7QCX&Expires=1719836145&Signature=gR7X7kq1ITkqrTVvfYO23uJgt6U%3D,0.254873616253996,24641
721975631,K3am-2021-04-24_07-40.WAV,2021 Kern 3,2021,4,24,7,40,sp11,Simple Call,13.898666666666667,14.645333333333333,2250,13687.5,24000,(not validated),https://rfcx-streams-production.s3.eu-west-1.amazonaws.com/2021/04/24/81cqy10ep7pa/e94b8617-ad30-4226-a106-80ed585c618d.flac?AWSAccessKeyId=AKIA45B7YWBX7MUJ7QCX&Expires=1719836145&Signature=LkrLFYDRg5ELu68j9QXlYoBuNGc%3D,0.22127088833327516,24641
721975632,K3am-2021-04-24_06-20.WAV,2021 Kern 3,2021,4,24,6,20,sp11,Simple Call,8.933333333333334,9.68,2250,13687.5,24000,(not validated),https://rfcx-streams-production.s3.eu-west-1.amazonaws.com/2021/04/24/81cqy10ep7pa/1931cb02-bb71-4e3f-a635-102c84627351.flac?AWSAccessKeyId=AKIA45B7YWBX7MUJ7QCX&Expires=1719836145&Signature=J0x0gD%2BncmA9SZbgG4HW5fEmKZc%3D,0.24666797880028518,24641
721975633,K3am-2021-04-23_08-00.WAV,2021 Kern 3,2021,4,23,8,0,sp11,Simple Call,26.874666666666666,27.621333333333332,2250,13687.5,24000,(not validated),https://rfcx-streams-production.s3.eu-west-1.amazonaws.com/2021/04/23/81cqy10ep7pa/8793d0dd-07c5-479b-af5a-654f02241e1b.flac?AWSAccessKeyId=AKIA45B7YWBX7MUJ7QCX&Expires=1719836145&Signature=2yaxTmSQ2vu3WEAOzPJ8CLmCHCs%3D,0.2620280920968249,24641
721975634,K3am-2021-04-23_07-00.WAV,2021 Kern 3,2021,4,23,7,0,sp11,Simple Call,49.22666666666667,49.973333333333336,2250,13687.5,24000,(not validated),https://rfcx-streams-production.s3.eu-west-1.amazonaws.com/2021/04/23/81cqy10ep7pa/e0feac64-d9df-4c24-868a-e2ba1230f1d8.flac?AWSAccessKeyId=AKIA45B7YWBX7MUJ7QCX&Expires=1719836145&Signature=i3EJY5USUF7FoZ%2BO6N%2FdaJgU2YU%3D,0.20158804162567392,24641
721975635,K3am-2021-04-24_19-00.WAV,2021 Kern 3,2021,4,24,19,0,sp11,Simple Call,48.474666666666664,49.221333333333334,2250,13687.5,24000,(not validated),https://rfcx-streams-production.s3.eu-west-1.amazonaws.com/2021/04/25/81cqy10ep7pa/eb99a4ec-b751-4dd8-a2ad-0530e82bae2f.flac?AWSAccessKeyId=AKIA45B7YWBX7MUJ7QCX&Expires=1719836145&Signature=%2Bau6bwbPs8w2kxDphcrV5RTGVj8%3D,0.2081611814332433,24641
721975636,K3am-2021-04-24_09-40.WAV,2021 Kern 3,2021,4,24,9,40,sp11,Simple Call,55.834666666666664,56.58133333333333,2250,13687.5,24000,(not validated),https://rfcx-streams-production.s3.eu-west-1.amazonaws.com/2021/04/24/81cqy10ep7pa/4ad7fa46-ab2d-4b5b-a067-13a0cc3be7ac.flac?AWSAccessKeyId=AKIA45B7YWBX7MUJ7QCX&Expires=1719836145&Signature=0SyiKdOCfz5VAsfVnhrntQHpgik%3D,0.2255100702821742,24641
721975637,K3am-2021-04-22_02-00.WAV,2021 Kern 3,2021,4,22,2,0,sp11,Simple Call,3.3706666666666667,4.117333333333334,2250,13687.5,24000,(not validated),https://rfcx-streams-production.s3.eu-west-1.amazonaws.com/2021/04/22/81cqy10ep7pa/18c6d455-30f1-4d00-9d8c-45910e67d233.flac?AWSAccessKeyId=AKIA45B7YWBX7MUJ7QCX&Expires=1719836145&Signature=ehp%2Beqtj3wfxK9wU4s3OmxdSqVs%3D,0.23628541286734941,24641
721975638,K3am-2021-04-19_18-20.WAV,2021 Kern 3,2021,4,19,18,20,sp11,Simple Call,44.949333333333335,45.696,2250,13687.5,24000,(not validated),https://rfcx-streams-production.s3.eu-west-1.amazonaws.com/2021/04/20/81cqy10ep7pa/75ed2f3d-b40c-44e0-b8c7-71839ba6db74.flac?AWSAccessKeyId=AKIA45B7YWBX7MUJ7QCX&Expires=1719836145&Signature=yna4HN4TBrrtMpAqvng7PToZB1M%3D,0.22820392874841955,24641
721975639,K3am-2021-04-20_20-00.WAV,2021 Kern 3,2021,4,20,20,0,sp11,Simple Call,35.54666666666667,36.29333333333334,2250,13687.5,24000,(not validated),https://rfcx-streams-production.s3.eu-west-1.amazonaws.com/2021/04/21/81cqy10ep7pa/6b847958-cdc5-4651-9d29-585a5bf7037e.flac?AWSAccessKeyId=AKIA45B7YWBX7MUJ7QCX&Expires=1719836145&Signature=lPSKddTbs49UJUSVG5jFfNqXe3c%3D,0.2165667120909154,24641
721975640,K3am-2021-04-20_07-00.WAV,2021 Kern 3,2021,4,20,7,0,sp11,Simple Call,34.61333333333334,35.36,2250,13687.5,24000,(not validated),https://rfcx-streams-production.s3.eu-west-1.amazonaws.com/2021/04/20/81cqy10ep7pa/ac19c259-4127-4128-8086-abbc24575053.flac?AWSAccessKeyId=AKIA45B7YWBX7MUJ7QCX&Expires=1719836145&Signature=7tk77Vd2MUhJ%2FrYwhy6hy%2BcfVO8%3D,0.2366946911676088,24641
721975641,K3am-2021-04-20_07-20.WAV,2021 Kern 3,2021,4,20,7,20,sp11,Simple Call,0.016,0.7626666666666667,2250,13687.5,24000,(not validated),https://rfcx-streams-production.s3.eu-west-1.amazonaws.com/2021/04/20/81cqy10ep7pa/0ae7005e-1eb2-487f-b105-0bf58bdd0634.flac?AWSAccessKeyId=AKIA45B7YWBX7MUJ7QCX&Expires=1719836145&Signature=h7Wl0yBkXVJ19lK4tfWs8mRJe00%3D,0.23022652101002766,24641
721975642,K3am-2021-04-20_02-20.WAV,2021 Kern 3,2021,4,20,2,20,sp11,Simple Call,0.816,1.5626666666666666,2250,13687.5,24000,(not validated),https://rfcx-streams-production.s3.eu-west-1.amazonaws.com/2021/04/20/81cqy10ep7pa/10232285-f0f2-4422-852f-1c4cf48873ab.flac?AWSAccessKeyId=AKIA45B7YWBX7MUJ7QCX&Expires=1719836145&Signature=pvONiKRQKopbU5FW1bdFOROpy1k%3D,0.23248130897061897,24641
721975643,K3am-2021-04-19_10-20.WAV,2021 Kern 3,2021,4,19,10,20,sp11,Simple Call,19.653333333333332,20.4,2250,13687.5,24000,(not validated),https://rfcx-streams-production.s3.eu-west-1.amazonaws.com/2021/04/19/81cqy10ep7pa/30394a77-fdcb-4504-9a46-2722a9845cc0.flac?AWSAccessKeyId=AKIA45B7YWBX7MUJ7QCX&Expires=1719836145&Signature=M1FxlyACiPlEGW2HOjlRLHzKIm4%3D,0.2363260199022016,24641
721978359,K3am-2021-04-22_07-40.WAV,2021 Kern 3,2021,4,22,7,40,sp11,Simple Call,1.7653333333333334,2.512,2250,13687.5,24000,(not validated),https://rfcx-streams-production.s3.eu-west-1.amazonaws.com/2021/04/22/81cqy10ep7pa/b3b27eef-247d-4cd7-8f69-c6b6a8d66154.flac?AWSAccessKeyId=AKIA45B7YWBX7MUJ7QCX&Expires=1719836145&Signature=AtDnabJ7C5c6n0ePS%2BO%2BL%2BZWmn0%3D,0.20560302806444788,24641
721978360,K3am-2021-04-22_07-00.WAV,2021 Kern 3,2021,4,22,7,0,sp11,Simple Call,2.8106666666666666,3.5573333333333332,2250,13687.5,24000,(not validated),https://rfcx-streams-production.s3.eu-west-1.amazonaws.com/2021/04/22/81cqy10ep7pa/6ccca71a-be66-42b5-a1f3-f8326b6ae641.flac?AWSAccessKeyId=AKIA45B7YWBX7MUJ7QCX&Expires=1719836145&Signature=Hby3ajdshzuYs811FkNOHTGgxl0%3D,0.2545619611942057,24641
721978361,K3am-2021-04-22_05-40.WAV,2021 Kern 3,2021,4,22,5,40,sp11,Simple Call,17.573333333333334,18.32,2250,13687.5,24000,(not validated),https://rfcx-streams-production.s3.eu-west-1.amazonaws.com/2021/04/22/81cqy10ep7pa/a53e5d0e-af79-473c-abbe-a6a31c07fcf2.flac?AWSAccessKeyId=AKIA45B7YWBX7MUJ7QCX&Expires=1719836145&Signature=TYOkVZcH1y9iZgqEID7C1oSfVvA%3D,0.22606492245088153,24641
721978362,K3am-2021-04-22_19-20.WAV,2021 Kern 3,2021,4,22,19,20,sp11,Simple Call,25.781333333333333,26.528,2250,13687.5,24000,(not validated),https://rfcx-streams-production.s3.eu-west-1.amazonaws.com/2021/04/23/81cqy10ep7pa/fc9ae664-67c1-49f1-aa58-260d584c85c2.flac?AWSAccessKeyId=AKIA45B7YWBX7MUJ7QCX&Expires=1719836145&Signature=gG5pVKreql7mABDWHNxg3%2B2l0o0%3D,0.22443848005378486,24641
721978363,K3am-2021-04-22_06-20.WAV,2021 Kern 3,2021,4,22,6,20,sp11,Simple Call,40.032,40.778666666666666,2250,13687.5,24000,(not validated),https://rfcx-streams-production.s3.eu-west-1.amazonaws.com/2021/04/22/81cqy10ep7pa/2d396673-6273-4cdc-a139-94ec29e88f09.flac?AWSAccessKeyId=AKIA45B7YWBX7MUJ7QCX&Expires=1719836145&Signature=30GUaqBDgSjyX7TONbJw1vxdnc4%3D,0.22514103065796726,24641
721978364,K3am-2021-04-22_06-00.WAV,2021 Kern 3,2021,4,22,6,0,sp11,Simple Call,2.5653333333333332,3.312,2250,13687.5,24000,(not validated),https://rfcx-streams-production.s3.eu-west-1.amazonaws.com/2021/04/22/81cqy10ep7pa/48b21748-33f7-4667-b79c-7e067ddc5aa7.flac?AWSAccessKeyId=AKIA45B7YWBX7MUJ7QCX&Expires=1719836145&Signature=DJOt46Dmo8qbW0hHueL3I%2Bigw6s%3D,0.2246440113260493,24641
721978365,K3am-2021-04-22_09-20.WAV,2021 Kern 3,2021,4,22,9,20,sp11,Simple Call,53.04,53.78666666666667,2250,13687.5,24000,(not validated),https://rfcx-streams-production.s3.eu-west-1.amazonaws.com/2021/04/22/81cqy10ep7pa/5abbe8c7-71d3-4564-9ebf-fadb65c7bed7.flac?AWSAccessKeyId=AKIA45B7YWBX7MUJ7QCX&Expires=1719836145&Signature=DzJdIsYWmjRlBDb4ufSRwWat%2FBE%3D,0.20638654870048423,24641
721978366,K3am-2021-04-22_18-40.WAV,2021 Kern 3,2021,4,22,18,40,sp11,Simple Call,52.346666666666664,53.093333333333334,2250,13687.5,24000,(not validated),https://rfcx-streams-production.s3.eu-west-1.amazonaws.com/2021/04/23/81cqy10ep7pa/81422481-0587-49f2-afcd-1bfdf0018f16.flac?AWSAccessKeyId=AKIA45B7YWBX7MUJ7QCX&Expires=1719836145&Signature=NH7Z8PkInq5j9e8zZ7XXlewAMK8%3D,0.21164234523381933,24641
721978367,K3am-2021-04-22_14-00.WAV,2021 Kern 3,2021,4,22,14,0,sp11,Simple Call,18.901333333333334,19.648,2250,13687.5,24000,(not validated),https://rfcx-streams-production.s3.eu-west-1.amazonaws.com/2021/04/22/81cqy10ep7pa/c3891db3-0641-4cd5-8ac6-50523eb91367.flac?AWSAccessKeyId=AKIA45B7YWBX7MUJ7QCX&Expires=1719836145&Signature=TyJM%2FGhONvmoVYB7qfz9Iz16PWw%3D,0.21277647521547707,24641
721978368,K3am-2021-04-23_16-00.WAV,2021 Kern 3,2021,4,23,16,0,sp11,Simple Call,31.904,32.650666666666666,2250,13687.5,24000,(not validated),https://rfcx-streams-production.s3.eu-west-1.amazonaws.com/2021/04/23/81cqy10ep7pa/43280fd1-300b-457a-a4fb-61bd04045221.flac?AWSAccessKeyId=AKIA45B7YWBX7MUJ7QCX&Expires=1719836145&Signature=L1fUwa6nI07NHCHrKkg4iDxY5sU%3D,0.26453887450918684,24641
721978369,K3am-2021-04-24_08-20.WAV,2021 Kern 3,2021,4,24,8,20,sp11,Simple Call,48.17066666666667,48.91733333333333,2250,13687.5,24000,(not validated),https://rfcx-streams-production.s3.eu-west-1.amazonaws.com/2021/04/24/81cqy10ep7pa/5f3521d5-7838-4721-844e-02ce49812aa2.flac?AWSAccessKeyId=AKIA45B7YWBX7MUJ7QCX&Expires=1719836145&Signature=apqVEMk7AabAcBn52q0DT3CQ1l4%3D,0.2659733682733499,24641
721978370,K3am-2021-04-23_18-40.WAV,2021 Kern 3,2021,4,23,18,40,sp11,Simple Call,36.512,37.25866666666667,2250,13687.5,24000,(not validated),https://rfcx-streams-production.s3.eu-west-1.amazonaws.com/2021/04/24/81cqy10ep7pa/ddc8ed7f-99bf-42a0-998a-e489553b33ca.flac?AWSAccessKeyId=AKIA45B7YWBX7MUJ7QCX&Expires=1719836145&Signature=tflFHwyLltuLDbyy%2BpO628NK5e4%3D,0.267073068238716,24641
721978371,K3am-2021-04-23_10-00.WAV,2021 Kern 3,2021,4,23,10,0,sp11,Simple Call,38.037333333333336,38.784,2250,13687.5,24000,(not validated),https://rfcx-streams-production.s3.eu-west-1.amazonaws.com/2021/04/23/81cqy10ep7pa/20721eae-b9ce-4d9f-a875-c1ef69b1614a.flac?AWSAccessKeyId=AKIA45B7YWBX7MUJ7QCX&Expires=1719836145&Signature=eFB29gx0dYvM95upitxRrSuAZDA%3D,0.24249634691249514,24641
721978372,K3am-2021-04-23_09-40.WAV,2021 Kern 3,2021,4,23,9,40,sp11,Simple Call,43.04,43.78666666666667,2250,13687.5,24000,(not validated),https://rfcx-streams-production.s3.eu-west-1.amazonaws.com/2021/04/23/81cqy10ep7pa/b9d2f3f9-5366-4ee8-bae6-eaa28e0772e1.flac?AWSAccessKeyId=AKIA45B7YWBX7MUJ7QCX&Expires=1719836145&Signature=NE0gqmlhLH3PG4gvAvsum19fWsI%3D,0.20996811483734285,24641
721978373,K3am-2021-04-23_06-00.WAV,2021 Kern 3,2021,4,23,6,0,sp11,Simple Call,58.992,59.73866666666667,2250,13687.5,24000,(not validated),https://rfcx-streams-production.s3.eu-west-1.amazonaws.com/2021/04/23/81cqy10ep7pa/0cfb0aa2-c25c-4799-ae13-a1cfe105e839.flac?AWSAccessKeyId=AKIA45B7YWBX7MUJ7QCX&Expires=1719836145&Signature=eQAg0yi%2F7V5u7Ikt5xtDF%2FYZneA%3D,0.26730535405675926,24641
721978374,K3am-2021-04-23_19-20.WAV,2021 Kern 3,2021,4,23,19,20,sp11,Simple Call,58.074666666666666,58.821333333333335,2250,13687.5,24000,(not validated),https://rfcx-streams-production.s3.eu-west-1.amazonaws.com/2021/04/24/81cqy10ep7pa/e04ea46e-2968-4933-a526-cf606a11f5c4.flac?AWSAccessKeyId=AKIA45B7YWBX7MUJ7QCX&Expires=1719836145&Signature=Xz%2FP1ZiWyupOFQ3%2FvM1xZg9NhaQ%3D,0.2269066251209591,24641
721978375,K3am-2021-04-24_06-40.WAV,2021 Kern 3,2021,4,24,6,40,sp11,Simple Call,18.277333333333335,19.024,2250,13687.5,24000,(not validated),https://rfcx-streams-production.s3.eu-west-1.amazonaws.com/2021/04/24/81cqy10ep7pa/a71b97f7-2911-4608-9594-44ed4daeefbd.flac?AWSAccessKeyId=AKIA45B7YWBX7MUJ7QCX&Expires=1719836145&Signature=7EQFehknFck4L4R0w0OpQZtoflM%3D,0.20486529352563385,24641
721978376,K3am-2021-04-25_06-20.WAV,2021 Kern 3,2021,4,25,6,20,sp11,Simple Call,34.437333333333335,35.184,2250,13687.5,24000,(not validated),https://rfcx-streams-production.s3.eu-west-1.amazonaws.com/2021/04/25/81cqy10ep7pa/23556ebf-bd45-449e-81a2-c75296a0c478.flac?AWSAccessKeyId=AKIA45B7YWBX7MUJ7QCX&Expires=1719836145&Signature=%2B5d1Q8HuDsY0HFMJci%2FKeEM9zLw%3D,0.22841074948373175,24641
721978377,K3am-2021-04-24_17-20.WAV,2021 Kern 3,2021,4,24,17,20,sp11,Simple Call,36.037333333333336,36.784,2250,13687.5,24000,(not validated),https://rfcx-streams-production.s3.eu-west-1.amazonaws.com/2021/04/25/81cqy10ep7pa/edf1ee0e-ebf7-4a5c-ae2e-6359b42ad756.flac?AWSAccessKeyId=AKIA45B7YWBX7MUJ7QCX&Expires=1719836145&Signature=FsKUeo8Df77IdVNT4vTSiBYIvEw%3D,0.27513285452554176,24641
721978378,K3am-2021-04-24_11-20.WAV,2021 Kern 3,2021,4,24,11,20,sp11,Simple Call,58.629333333333335,59.376,2250,13687.5,24000,(not validated),https://rfcx-streams-production.s3.eu-west-1.amazonaws.com/2021/04/24/81cqy10ep7pa/f0304395-6bf7-4c69-80ff-7eb909e98dbd.flac?AWSAccessKeyId=AKIA45B7YWBX7MUJ7QCX&Expires=1719836145&Signature=FWCwkAWvPATnorqvdn3OONd18QE%3D,0.20416876681446178,24641
721978379,K3am-2021-04-25_18-00.WAV,2021 Kern 3,2021,4,25,18,0,sp11,Simple Call,5.376,6.1226666666666665,2250,13687.5,24000,(not validated),https://rfcx-streams-production.s3.eu-west-1.amazonaws.com/2021/04/26/81cqy10ep7pa/a0cd7360-1585-48ad-972b-c06e1b1ceb3c.flac?AWSAccessKeyId=AKIA45B7YWBX7MUJ7QCX&Expires=1719836145&Signature=YsqacBnWqLTlENzg5RqVxiyUR4s%3D,0.2794220361418693,24641
721978380,K3am-2021-04-25_16-40.WAV,2021 Kern 3,2021,4,25,16,40,sp11,Simple Call,52.282666666666664,53.029333333333334,2250,13687.5,24000,(not validated),https://rfcx-streams-production.s3.eu-west-1.amazonaws.com/2021/04/25/81cqy10ep7pa/2d4f9e5e-bcb5-42d7-aa8d-8fc3d0775397.flac?AWSAccessKeyId=AKIA45B7YWBX7MUJ7QCX&Expires=1719836145&Signature=vDihFFz71Btp97PGp%2BjejnF5dsI%3D,0.21838619567870535,24641
721978381,K3am-2021-04-25_16-00.WAV,2021 Kern 3,2021,4,25,16,0,sp11,Simple Call,14.944,15.690666666666667,2250,13687.5,24000,(not validated),https://rfcx-streams-production.s3.eu-west-1.amazonaws.com/2021/04/25/81cqy10ep7pa/bae4d414-6610-44b2-a47a-4a2ac1579ea7.flac?AWSAccessKeyId=AKIA45B7YWBX7MUJ7QCX&Expires=1719836145&Signature=%2Fc4h20sjBbwgsHyk7a3tORRahzI%3D,0.2438638120429289,24641
721978382,K3am-2021-04-25_01-40.WAV,2021 Kern 3,2021,4,25,1,40,sp11,Simple Call,31.018666666666668,31.765333333333334,2250,13687.5,24000,(not validated),https://rfcx-streams-production.s3.eu-west-1.amazonaws.com/2021/04/25/81cqy10ep7pa/e455dfe0-acc0-4ab4-b17f-4096cf23d9f8.flac?AWSAccessKeyId=AKIA45B7YWBX7MUJ7QCX&Expires=1719836145&Signature=bK135SFXOSaaJWpfan%2FJfcCkG9o%3D,0.202562567692918,24641
721978383,K3am-2021-04-26_06-20.WAV,2021 Kern 3,2021,4,26,6,20,sp11,Simple Call,50.074666666666666,50.821333333333335,2250,13687.5,24000,(not validated),https://rfcx-streams-production.s3.eu-west-1.amazonaws.com/2021/04/26/81cqy10ep7pa/d64b714b-1b10-41f2-b660-e2168cac70b3.flac?AWSAccessKeyId=AKIA45B7YWBX7MUJ7QCX&Expires=1719836145&Signature=wE5nVVZ0Z9bo6x%2FAmHvzFhqn4qY%3D,0.22296616320673143,24641
721978384,K3am-2021-04-26_08-00.WAV,2021 Kern 3,2021,4,26,8,0,sp11,Simple Call,13.770666666666667,14.517333333333333,2250,13687.5,24000,(not validated),https://rfcx-streams-production.s3.eu-west-1.amazonaws.com/2021/04/26/81cqy10ep7pa/8282aa32-b959-4309-bfdb-4451570e585d.flac?AWSAccessKeyId=AKIA45B7YWBX7MUJ7QCX&Expires=1719836145&Signature=PpU8pzNQD6QbEggRKd7rZgpibwg%3D,0.23746299646168892,24641
722001360,K3am-2021-06-08_11-00.WAV,2021 Kern 3,2021,6,8,11,0,sp11,Simple Call,6.442666666666667,7.189333333333333,2250,13687.5,24000,(not validated),https://rfcx-streams-production.s3.eu-west-1.amazonaws.com/2021/06/08/81cqy10ep7pa/d5b99616-aa3d-4e64-ad19-e159c3e37b97.flac?AWSAccessKeyId=AKIA45B7YWBX7MUJ7QCX&Expires=1719836145&Signature=gTYF1AphL20jyAvJbaxkMJh1OJw%3D,0.20934216676685205,24641
722001361,K3am-2021-06-10_06-40.WAV,2021 Kern 3,2021,6,10,6,40,sp11,Simple Call,6.474666666666667,7.221333333333333,2250,13687.5,24000,(not validated),https://rfcx-streams-production.s3.eu-west-1.amazonaws.com/2021/06/10/81cqy10ep7pa/20df8e6f-256a-45ca-a7f7-697ded3a0af0.flac?AWSAccessKeyId=AKIA45B7YWBX7MUJ7QCX&Expires=1719836145&Signature=hR%2FSaCi5G7Xixk9oZWvnjvqQUT8%3D,0.2843853620642971,24641
722001362,K3am-2021-06-07_07-20.WAV,2021 Kern 3,2021,6,7,7,20,sp11,Simple Call,32.40533333333333,33.152,2250,13687.5,24000,(not validated),https://rfcx-streams-production.s3.eu-west-1.amazonaws.com/2021/06/07/81cqy10ep7pa/cc6245dd-3366-44e4-bb0a-d78bde56b519.flac?AWSAccessKeyId=AKIA45B7YWBX7MUJ7QCX&Expires=1719836145&Signature=cpY6nJvAHhS05%2BecNVY3uhWrgcU%3D,0.3014431598727124,24641
722001363,K3am-2021-06-07_09-40.WAV,2021 Kern 3,2021,6,7,9,40,sp11,Simple Call,3.925333333333333,4.672,2250,13687.5,24000,(not validated),https://rfcx-streams-production.s3.eu-west-1.amazonaws.com/2021/06/07/81cqy10ep7pa/4ef57900-b068-4a2d-ad1e-eaf581389245.flac?AWSAccessKeyId=AKIA45B7YWBX7MUJ7QCX&Expires=1719836145&Signature=lf2XpptK8sFfLGeykQvh6jMw5Kk%3D,0.2174129962398571,24641
722001364,K3am-2021-06-07_19-20.WAV,2021 Kern 3,2021,6,7,19,20,sp11,Simple Call,22.074666666666666,22.82133333333333,2250,13687.5,24000,(not validated),https://rfcx-streams-production.s3.eu-west-1.amazonaws.com/2021/06/08/81cqy10ep7pa/5298fb7d-2430-4237-ae34-236e05b73864.flac?AWSAccessKeyId=AKIA45B7YWBX7MUJ7QCX&Expires=1719836145&Signature=1jI4uY2wquMjfUONRWZHnjNuvVI%3D,0.24947845116026793,24641
722001365,K3am-2021-06-10_06-20.WAV,2021 Kern 3,2021,6,10,6,20,sp11,Simple Call,47.461333333333336,48.208,2250,13687.5,24000,(not validated),https://rfcx-streams-production.s3.eu-west-1.amazonaws.com/2021/06/10/81cqy10ep7pa/431b8766-b5e0-45f4-a260-3db1101115c0.flac?AWSAccessKeyId=AKIA45B7YWBX7MUJ7QCX&Expires=1719836145&Signature=n%2FAjQaWmUg4pWkE97P%2FfLeFIAJA%3D,0.20890540935159688,24641
722001366,K3am-2021-06-07_07-00.WAV,2021 Kern 3,2021,6,7,7,0,sp11,Simple Call,38.821333333333335,39.568,2250,13687.5,24000,(not validated),https://rfcx-streams-production.s3.eu-west-1.amazonaws.com/2021/06/07/81cqy10ep7pa/7b04064e-334b-40c6-8db5-7686b457921e.flac?AWSAccessKeyId=AKIA45B7YWBX7MUJ7QCX&Expires=1719836145&Signature=qWv5K7icfzX2ADzxbY0JAHBJp7U%3D,0.24293129166549854,24641
722001367,K3am-2021-06-06_13-40.WAV,2021 Kern 3,2021,6,6,13,40,sp11,Simple Call,25.829333333333334,26.576,2250,13687.5,24000,(not validated),https://rfcx-streams-production.s3.eu-west-1.amazonaws.com/2021/06/06/81cqy10ep7pa/5b8f7738-7a3e-420c-884d-6ef20958a262.flac?AWSAccessKeyId=AKIA45B7YWBX7MUJ7QCX&Expires=1719836145&Signature=r%2BWYMpVRtCp9kpqTaJsP1np60i8%3D,0.21740506692796333,24641
722001368,K3am-2021-06-07_08-20.WAV,2021 Kern 3,2021,6,7,8,20,sp11,Simple Call,3.632,4.378666666666667,2250,13687.5,24000,(not validated),https://rfcx-streams-production.s3.eu-west-1.amazonaws.com/2021/06/07/81cqy10ep7pa/48ae17b1-edfc-486a-886c-a7765b7d45b2.flac?AWSAccessKeyId=AKIA45B7YWBX7MUJ7QCX&Expires=1719836145&Signature=UsQEyz9ej3On4tkS5TgiePsnzIo%3D,0.23478096150728903,24641
722001369,K3am-2021-06-05_05-40.WAV,2021 Kern 3,2021,6,5,5,40,sp11,Simple Call,24.602666666666668,25.349333333333334,2250,13687.5,24000,(not validated),https://rfcx-streams-production.s3.eu-west-1.amazonaws.com/2021/06/05/81cqy10ep7pa/935520a0-9317-4eb3-9d22-2ec3a194d232.flac?AWSAccessKeyId=AKIA45B7YWBX7MUJ7QCX&Expires=1719836145&Signature=hs9gdBdrLkimdrCWhReHB85%2Ff%2FM%3D,0.33204276147213196,24641
722001370,K3am-2021-06-05_05-20.WAV,2021 Kern 3,2021,6,5,5,20,sp11,Simple Call,16.373333333333335,17.12,2250,13687.5,24000,(not validated),https://rfcx-streams-production.s3.eu-west-1.amazonaws.com/2021/06/05/81cqy10ep7pa/73be1a6b-77ca-41e9-b77d-73a8fa0d292f.flac?AWSAccessKeyId=AKIA45B7YWBX7MUJ7QCX&Expires=1719836145&Signature=x2kbKLjjC97ZLBGi7PZ9XfilLgg%3D,0.21622802013172968,24641
722001371,K3am-2021-06-05_07-40.WAV,2021 Kern 3,2021,6,5,7,40,sp11,Simple Call,39.632,40.37866666666667,2250,13687.5,24000,(not validated),https://rfcx-streams-production.s3.eu-west-1.amazonaws.com/2021/06/05/81cqy10ep7pa/b0b6bb3d-b41c-4e1d-980c-6900e8cc8486.flac?AWSAccessKeyId=AKIA45B7YWBX7MUJ7QCX&Expires=1719836145&Signature=l%2BmqkPIRbNBtaJw1UIALkC%2BIhUM%3D,0.30955921882615967,24641
722001372,K3am-2021-06-06_08-00.WAV,2021 Kern 3,2021,6,6,8,0,sp11,Simple Call,12.373333333333333,13.12,2250,13687.5,24000,(not validated),https://rfcx-streams-production.s3.eu-west-1.amazonaws.com/2021/06/06/81cqy10ep7pa/806386a6-7bab-4d2d-99e6-949aa2e6c0c7.flac?AWSAccessKeyId=AKIA45B7YWBX7MUJ7QCX&Expires=1719836145&Signature=D5R0aM44LW%2Bn8bywG91citsMhzA%3D,0.22085926636833556,24641
722001373,K3am-2021-06-06_08-20.WAV,2021 Kern 3,2021,6,6,8,20,sp11,Simple Call,21.424,22.170666666666666,2250,13687.5,24000,(not validated),https://rfcx-streams-production.s3.eu-west-1.amazonaws.com/2021/06/06/81cqy10ep7pa/b5d9ba61-ee50-48e8-a204-2f17e04e6380.flac?AWSAccessKeyId=AKIA45B7YWBX7MUJ7QCX&Expires=1719836145&Signature=3JH%2FZNK80pWS6qrlLEXpqJCcKbI%3D,0.23638751108403402,24641
722001374,K3am-2021-06-05_19-40.WAV,2021 Kern 3,2021,6,5,19,40,sp11,Simple Call,56.26133333333333,57.008,2250,13687.5,24000,(not validated),https://rfcx-streams-production.s3.eu-west-1.amazonaws.com/2021/06/06/81cqy10ep7pa/64187a81-7b43-4653-a5b8-3d9f4a5ba375.flac?AWSAccessKeyId=AKIA45B7YWBX7MUJ7QCX&Expires=1719836145&Signature=ZdWnIAGtLLBhAUWEPuvxYS5WZEM%3D,0.2073083649149701,24641
722001375,K3am-2021-06-04_07-20.WAV,2021 Kern 3,2021,6,4,7,20,sp11,Simple Call,0.6773333333333333,1.424,2250,13687.5,24000,(not validated),https://rfcx-streams-production.s3.eu-west-1.amazonaws.com/2021/06/04/81cqy10ep7pa/36568407-88cb-444b-bfcc-f62835fe6ae2.flac?AWSAccessKeyId=AKIA45B7YWBX7MUJ7QCX&Expires=1719836145&Signature=e21L8%2B%2Bcw6toRZBYHoklqbKSLd4%3D,0.24530649781080296,24641
722001376,K3am-2021-06-05_06-40.WAV,2021 Kern 3,2021,6,5,6,40,sp11,Simple Call,54.61866666666667,55.36533333333333,2250,13687.5,24000,(not validated),https://rfcx-streams-production.s3.eu-west-1.amazonaws.com/2021/06/05/81cqy10ep7pa/74973d73-a096-4c1e-80f1-68dda54a8e46.flac?AWSAccessKeyId=AKIA45B7YWBX7MUJ7QCX&Expires=1719836145&Signature=hnb%2B5jw3CtrdREbX2%2Bn47QPP4R8%3D,0.273416168045281,24641
722001377,K3am-2021-06-05_07-00.WAV,2021 Kern 3,2021,6,5,7,0,sp11,Simple Call,7.44,8.186666666666667,2250,13687.5,24000,(not validated),https://rfcx-streams-production.s3.eu-west-1.amazonaws.com/2021/06/05/81cqy10ep7pa/f8d21b6e-a5ea-4963-9c75-2ab3a3c33fd9.flac?AWSAccessKeyId=AKIA45B7YWBX7MUJ7QCX&Expires=1719836145&Signature=3coQSqay0WE%2B2t7g%2Bu1Qrhje2gw%3D,0.3036529388046119,24641
722001378,K3am-2021-06-05_05-00.WAV,2021 Kern 3,2021,6,5,5,0,sp11,Simple Call,21.221333333333334,21.968,2250,13687.5,24000,(not validated),https://rfcx-streams-production.s3.eu-west-1.amazonaws.com/2021/06/05/81cqy10ep7pa/e91fef7b-0993-4d94-963d-58566a916c2c.flac?AWSAccessKeyId=AKIA45B7YWBX7MUJ7QCX&Expires=1719836145&Signature=FpMSD6Gt3TuJKpUIMrPNteMNYUE%3D,0.26445927166388106,24641
722001379,K3am-2021-06-05_08-00.WAV,2021 Kern 3,2021,6,5,8,0,sp11,Simple Call,10.453333333333333,11.2,2250,13687.5,24000,(not validated),https://rfcx-streams-production.s3.eu-west-1.amazonaws.com/2021/06/05/81cqy10ep7pa/b0869dad-9b06-46c2-bdf7-488f8ce9b8b9.flac?AWSAccessKeyId=AKIA45B7YWBX7MUJ7QCX&Expires=1719836145&Signature=YpAvIJxCb7oz8oeXEhmpEkU1lg4%3D,0.25957113740637255,24641
722001380,K3am-2021-06-04_05-00.WAV,2021 Kern 3,2021,6,4,5,0,sp11,Simple Call,53.54666666666667,54.29333333333334,2250,13687.5,24000,(not validated),https://rfcx-streams-production.s3.eu-west-1.amazonaws.com/2021/06/04/81cqy10ep7pa/8a0783cd-8821-4019-8d78-d130de3b923a.flac?AWSAccessKeyId=AKIA45B7YWBX7MUJ7QCX&Expires=1719836145&Signature=7rl08BWN6ddDR61F97HXPjs9aM0%3D,0.2882115513774214,24641
722001381,K3am-2021-06-03_06-00.WAV,2021 Kern 3,2021,6,3,6,0,sp11,Simple Call,35.397333333333336,36.144,2250,13687.5,24000,(not validated),https://rfcx-streams-production.s3.eu-west-1.amazonaws.com/2021/06/03/81cqy10ep7pa/736b8975-8aab-4f3c-bbb6-d5f158184d96.flac?AWSAccessKeyId=AKIA45B7YWBX7MUJ7QCX&Expires=1719836145&Signature=4NdbCrWRR%2FtLxYpEb7wdQp8PreA%3D,0.30737680799583383,24641
722001382,K3am-2021-06-04_17-00.WAV,2021 Kern 3,2021,6,4,17,0,sp11,Simple Call,21.626666666666665,22.373333333333335,2250,13687.5,24000,(not validated),https://rfcx-streams-production.s3.eu-west-1.amazonaws.com/2021/06/05/81cqy10ep7pa/33288fbc-7e31-4500-aa5c-17aeba32944e.flac?AWSAccessKeyId=AKIA45B7YWBX7MUJ7QCX&Expires=1719836145&Signature=751hgg7CI6fQWufB33EiN6qtrpc%3D,0.216373246460208,24641
722001383,K3am-2021-06-03_16-00.WAV,2021 Kern 3,2021,6,3,16,0,sp11,Simple Call,25.962666666666667,26.709333333333333,2250,13687.5,24000,(not validated),https://rfcx-streams-production.s3.eu-west-1.amazonaws.com/2021/06/03/81cqy10ep7pa/74b427f6-2c71-49e0-a143-2547bf6c9e89.flac?AWSAccessKeyId=AKIA45B7YWBX7MUJ7QCX&Expires=1719836145&Signature=f38vz2PmIUaXKnxATg6iIRS79tA%3D,0.23006851629001027,24641
722001384,K3am-2021-06-05_08-20.WAV,2021 Kern 3,2021,6,5,8,20,sp11,Simple Call,35.077333333333335,35.824,2250,13687.5,24000,(not validated),https://rfcx-streams-production.s3.eu-west-1.amazonaws.com/2021/06/05/81cqy10ep7pa/a3f90195-8e09-4e73-ab51-304e884e55a2.flac?AWSAccessKeyId=AKIA45B7YWBX7MUJ7QCX&Expires=1719836145&Signature=wX5g1pRkIsPoWvVsqPACqCKkx6w%3D,0.20178994230857025,24641
722001385,K3am-2021-06-03_08-20.WAV,2021 Kern 3,2021,6,3,8,20,sp11,Simple Call,14.138666666666667,14.885333333333334,2250,13687.5,24000,(not validated),https://rfcx-streams-production.s3.eu-west-1.amazonaws.com/2021/06/03/81cqy10ep7pa/74dc2679-5e01-4564-93dd-1f29e6e91a4d.flac?AWSAccessKeyId=AKIA45B7YWBX7MUJ7QCX&Expires=1719836145&Signature=bzTMmeMFS7HG4lL2no9yva4JRlQ%3D,0.23665609197038806,24641
722001386,K3am-2021-06-13_19-00.WAV,2021 Kern 3,2021,6,13,19,0,sp11,Simple Call,5.061333333333334,5.808,2250,13687.5,24000,(not validated),https://rfcx-streams-production.s3.eu-west-1.amazonaws.com/2021/06/14/81cqy10ep7pa/927827c8-1a85-4968-a430-e6af1e8627c5.flac?AWSAccessKeyId=AKIA45B7YWBX7MUJ7QCX&Expires=1719836145&Signature=YioBN%2FtbrwRu0%2FvxhkW25pQhrkI%3D,0.28629660805322943,24641
722001387,K3am-2021-06-03_20-00.WAV,2021 Kern 3,2021,6,3,20,0,sp11,Simple Call,3.344,4.0906666666666665,2250,13687.5,24000,(not validated),https://rfcx-streams-production.s3.eu-west-1.amazonaws.com/2021/06/04/81cqy10ep7pa/6f3ab97c-7cb4-47f0-ae8a-ff50bb4f0464.flac?AWSAccessKeyId=AKIA45B7YWBX7MUJ7QCX&Expires=1719836145&Signature=SvOt%2BQe%2BlDdpAmPUtDDP%2BsummA0%3D,0.21547906847413112,24641
722001388,K3am-2021-06-03_07-00.WAV,2021 Kern 3,2021,6,3,7,0,sp11,Simple Call,32.05866666666667,32.80533333333333,2250,13687.5,24000,(not validated),https://rfcx-streams-production.s3.eu-west-1.amazonaws.com/2021/06/03/81cqy10ep7pa/d44e6ee0-3c6e-41f1-be21-6b5ff5e23568.flac?AWSAccessKeyId=AKIA45B7YWBX7MUJ7QCX&Expires=1719836145&Signature=%2BsqMAd1dQMEHFqJM04qO6zuFYN8%3D,0.20192318871455397,24641
722001389,K3am-2021-06-04_09-00.WAV,2021 Kern 3,2021,6,4,9,0,sp11,Simple Call,4.661333333333333,5.408,2250,13687.5,24000,(not validated),https://rfcx-streams-production.s3.eu-west-1.amazonaws.com/2021/06/04/81cqy10ep7pa/1ed11d8d-58c2-408d-8379-b99de385a893.flac?AWSAccessKeyId=AKIA45B7YWBX7MUJ7QCX&Expires=1719836145&Signature=zXPwPmSa1HCaT6L5jgVjVsfhSHA%3D,0.20281115280976916,24641
722001390,K3am-2021-06-01_05-00.WAV,2021 Kern 3,2021,6,1,5,0,sp11,Simple Call,2.2933333333333334,3.04,2250,13687.5,24000,(not validated),https://rfcx-streams-production.s3.eu-west-1.amazonaws.com/2021/06/01/81cqy10ep7pa/06c06cab-8753-4412-b7b3-6e5caa0b3201.flac?AWSAccessKeyId=AKIA45B7YWBX7MUJ7QCX&Expires=1719836145&Signature=RIJsxsuhzhefFafymMQn4boUCwo%3D,0.2738625763721859,24641
722001391,K3am-2021-06-02_11-00.WAV,2021 Kern 3,2021,6,2,11,0,sp11,Simple Call,31.6,32.346666666666664,2250,13687.5,24000,(not validated),https://rfcx-streams-production.s3.eu-west-1.amazonaws.com/2021/06/02/81cqy10ep7pa/509d4b1b-7be1-415b-ac70-3fbefc5a92f9.flac?AWSAccessKeyId=AKIA45B7YWBX7MUJ7QCX&Expires=1719836145&Signature=0SWW6L3pQzM3uU3ihYWeQmP4qMs%3D,0.20710511472250814,24641
722001392,K3am-2021-06-02_10-20.WAV,2021 Kern 3,2021,6,2,10,20,sp11,Simple Call,35.424,36.17066666666667,2250,13687.5,24000,(not validated),https://rfcx-streams-production.s3.eu-west-1.amazonaws.com/2021/06/02/81cqy10ep7pa/f4f39e92-5375-4435-bfbf-fe80df935af5.flac?AWSAccessKeyId=AKIA45B7YWBX7MUJ7QCX&Expires=1719836145&Signature=OCX7M0paSyeSocTL15TAIKEP0Ow%3D,0.22297432199744407,24641
722001393,K3am-2021-06-03_19-20.WAV,2021 Kern 3,2021,6,3,19,20,sp11,Simple Call,23.189333333333334,23.936,2250,13687.5,24000,(not validated),https://rfcx-streams-production.s3.eu-west-1.amazonaws.com/2021/06/04/81cqy10ep7pa/6fae0a13-4a05-4cf8-abfa-fa1409a37c98.flac?AWSAccessKeyId=AKIA45B7YWBX7MUJ7QCX&Expires=1719836145&Signature=jLeAvoMem9kqxqD55xXkEnYnbjY%3D,0.20038275642733744,24641
722001394,K3am-2021-06-02_08-20.WAV,2021 Kern 3,2021,6,2,8,20,sp11,Simple Call,42.59733333333333,43.344,2250,13687.5,24000,(not validated),https://rfcx-streams-production.s3.eu-west-1.amazonaws.com/2021/06/02/81cqy10ep7pa/b13591d6-a65d-4eb8-9aea-0e626527a30b.flac?AWSAccessKeyId=AKIA45B7YWBX7MUJ7QCX&Expires=1719836145&Signature=6KCTidDfRv9HfaJwM4UsNoFjkpk%3D,0.259205958360454,24641
722001395,K3am-2021-05-31_05-40.WAV,2021 Kern 3,2021,5,31,5,40,sp11,Simple Call,10.448,11.194666666666667,2250,13687.5,24000,(not validated),https://rfcx-streams-production.s3.eu-west-1.amazonaws.com/2021/05/31/81cqy10ep7pa/1a7c1792-9916-4745-8464-c0c3b8e4fe3b.flac?AWSAccessKeyId=AKIA45B7YWBX7MUJ7QCX&Expires=1719836145&Signature=swrtOOuFSOWCYVsKjE4MeYp0aVs%3D,0.21017668373284612,24641
722001396,K3am-2021-06-02_20-20.WAV,2021 Kern 3,2021,6,2,20,20,sp11,Simple Call,46.352,47.09866666666667,2250,13687.5,24000,(not validated),https://rfcx-streams-production.s3.eu-west-1.amazonaws.com/2021/06/03/81cqy10ep7pa/369e51c9-64b2-4f2b-bcce-c838428de63b.flac?AWSAccessKeyId=AKIA45B7YWBX7MUJ7QCX&Expires=1719836145&Signature=oFS9oHZ8ewH4mmpEj%2FhS9Bw22TE%3D,0.2066615459321608,24641
722001397,K3am-2021-06-01_08-00.WAV,2021 Kern 3,2021,6,1,8,0,sp11,Simple Call,5.669333333333333,6.416,2250,13687.5,24000,(not validated),https://rfcx-streams-production.s3.eu-west-1.amazonaws.com/2021/06/01/81cqy10ep7pa/dbe5537d-f56d-4838-88b0-df2716124799.flac?AWSAccessKeyId=AKIA45B7YWBX7MUJ7QCX&Expires=1719836145&Signature=WiA7hTTDCQfRj2%2FTOlLSNhoJw4I%3D,0.22656771002791862,24641
722001398,K3am-2021-06-01_21-00.WAV,2021 Kern 3,2021,6,1,21,0,sp11,Simple Call,2.96,3.7066666666666666,2250,13687.5,24000,(not validated),https://rfcx-streams-production.s3.eu-west-1.amazonaws.com/2021/06/02/81cqy10ep7pa/949bd5e3-9aee-4bd2-b17e-90307a558a77.flac?AWSAccessKeyId=AKIA45B7YWBX7MUJ7QCX&Expires=1719836145&Signature=eO1wqnxqYzeVqjX6YEM9Ut3pmvY%3D,0.2443053609886309,24641
722001399,K3am-2021-05-30_18-20.WAV,2021 Kern 3,2021,5,30,18,20,sp11,Simple Call,56.13333333333333,56.88,2250,13687.5,24000,(not validated),https://rfcx-streams-production.s3.eu-west-1.amazonaws.com/2021/05/31/81cqy10ep7pa/2b29535f-dd85-408c-9b60-a07059605a54.flac?AWSAccessKeyId=AKIA45B7YWBX7MUJ7QCX&Expires=1719836145&Signature=LdzUIVinSgkWXGyCQ9SwJVNvvmI%3D,0.24048560848202316,24641
722001400,K3am-2021-05-28_11-00.WAV,2021 Kern 3,2021,5,28,11,0,sp11,Simple Call,57.072,57.818666666666665,2250,13687.5,24000,(not validated),https://rfcx-streams-production.s3.eu-west-1.amazonaws.com/2021/05/28/81cqy10ep7pa/52d6a6d3-c125-45b1-8d4b-dee08196bede.flac?AWSAccessKeyId=AKIA45B7YWBX7MUJ7QCX&Expires=1719836145&Signature=ic2gtaLL%2F4NeRH8mRWf7iemY9QE%3D,0.2529506307016121,24641
722001401,K3am-2021-05-29_06-00.WAV,2021 Kern 3,2021,5,29,6,0,sp11,Simple Call,52.464,53.21066666666667,2250,13687.5,24000,(not validated),https://rfcx-streams-production.s3.eu-west-1.amazonaws.com/2021/05/29/81cqy10ep7pa/4be7fd34-4ab2-4845-a31e-664f3bb3f28c.flac?AWSAccessKeyId=AKIA45B7YWBX7MUJ7QCX&Expires=1719836145&Signature=qS3UMvlVFg0Gdq1U0ibOe4q03DU%3D,0.22759745640723897,24641
722001402,K3am-2021-05-29_07-40.WAV,2021 Kern 3,2021,5,29,7,40,sp11,Simple Call,30.298666666666666,31.045333333333332,2250,13687.5,24000,(not validated),https://rfcx-streams-production.s3.eu-west-1.amazonaws.com/2021/05/29/81cqy10ep7pa/6c430100-8463-45fe-b492-359cf9d5d7d8.flac?AWSAccessKeyId=AKIA45B7YWBX7MUJ7QCX&Expires=1719836145&Signature=IZ7dFXyL6c8y5qq%2BOS6I%2FCnjRWc%3D,0.20283566552883295,24641
722001403,K3am-2021-05-29_08-40.WAV,2021 Kern 3,2021,5,29,8,40,sp11,Simple Call,41.808,42.55466666666667,2250,13687.5,24000,(not validated),https://rfcx-streams-production.s3.eu-west-1.amazonaws.com/2021/05/29/81cqy10ep7pa/f3cbd4b2-9607-4d95-89e9-ce06d7d0e046.flac?AWSAccessKeyId=AKIA45B7YWBX7MUJ7QCX&Expires=1719836145&Signature=GnCWO8ak1XcCjFJwyrgeyrOr7ME%3D,0.245492362845016,24641
722001404,K3am-2021-05-28_20-20.WAV,2021 Kern 3,2021,5,28,20,20,sp11,Simple Call,51.792,52.538666666666664,2250,13687.5,24000,(not validated),https://rfcx-streams-production.s3.eu-west-1.amazonaws.com/2021/05/29/81cqy10ep7pa/2f5f668e-9163-4215-a8a7-852513f7fcea.flac?AWSAccessKeyId=AKIA45B7YWBX7MUJ7QCX&Expires=1719836145&Signature=Iiwwk%2FIdwqy51TCtDYzT%2BeEBySw%3D,0.21704169214053534,24641
722001405,K3am-2021-05-27_05-40.WAV,2021 Kern 3,2021,5,27,5,40,sp11,Simple Call,55.973333333333336,56.72,2250,13687.5,24000,(not validated),https://rfcx-streams-production.s3.eu-west-1.amazonaws.com/2021/05/27/81cqy10ep7pa/6d1e1dcd-38e3-4479-be4d-1cb7c9649134.flac?AWSAccessKeyId=AKIA45B7YWBX7MUJ7QCX&Expires=1719836145&Signature=JpQzaKSyQJflfAe9NpGmHkiPrA4%3D,0.2423805721812047,24641
722001406,K3am-2021-05-28_11-40.WAV,2021 Kern 3,2021,5,28,11,40,sp11,Simple Call,38.70933333333333,39.456,2250,13687.5,24000,(not validated),https://rfcx-streams-production.s3.eu-west-1.amazonaws.com/2021/05/28/81cqy10ep7pa/fa65295c-e4fe-44f0-aa06-7b97dd8d3a18.flac?AWSAccessKeyId=AKIA45B7YWBX7MUJ7QCX&Expires=1719836145&Signature=%2F3YBQZRc3l3hMH5E5JLNtaUrwro%3D,0.24175654849935435,24641
722001407,K3am-2021-05-27_09-40.WAV,2021 Kern 3,2021,5,27,9,40,sp11,Simple Call,58.666666666666664,59.413333333333334,2250,13687.5,24000,(not validated),https://rfcx-streams-production.s3.eu-west-1.amazonaws.com/2021/05/27/81cqy10ep7pa/d32ad449-31ee-409e-af5e-0649519d377b.flac?AWSAccessKeyId=AKIA45B7YWBX7MUJ7QCX&Expires=1719836145&Signature=WPoH6wuHfTfTu3P1pBP1kwZAIU0%3D,0.2596210433755522,24641
722001408,K3am-2021-05-26_06-40.WAV,2021 Kern 3,2021,5,26,6,40,sp11,Simple Call,39.872,40.61866666666667,2250,13687.5,24000,(not validated),https://rfcx-streams-production.s3.eu-west-1.amazonaws.com/2021/05/26/81cqy10ep7pa/bfec0a4f-a2db-4613-898c-c4a9ae89e2be.flac?AWSAccessKeyId=AKIA45B7YWBX7MUJ7QCX&Expires=1719836145&Signature=IRGSeHtmEhkIs3%2FKbqa7ScMNSPw%3D,0.2570851807542768,24641
722001661,K3am-2021-05-06_06-00.WAV,2021 Kern 3,2021,5,6,6,0,sp11,Simple Call,47.54666666666667,48.29333333333334,2250,13687.5,24000,(not validated),https://rfcx-streams-production.s3.eu-west-1.amazonaws.com/2021/05/06/81cqy10ep7pa/58dd1fd5-d796-4092-a0c3-f2aceef4f843.flac?AWSAccessKeyId=AKIA45B7YWBX7MUJ7QCX&Expires=1719836145&Signature=MyZncql5b17b%2B%2F0ZitVCLeKBcpk%3D,0.21205028011648902,24641
722001662,K3am-2021-05-06_05-20.WAV,2021 Kern 3,2021,5,6,5,20,sp11,Simple Call,46.55466666666667,47.30133333333333,2250,13687.5,24000,(not validated),https://rfcx-streams-production.s3.eu-west-1.amazonaws.com/2021/05/06/81cqy10ep7pa/abe250f2-228c-4823-a10f-bf1df6c49fc8.flac?AWSAccessKeyId=AKIA45B7YWBX7MUJ7QCX&Expires=1719836145&Signature=R4GH9hjRTYzpGHcMHnCGIuUUm3U%3D,0.24069218769650622,24641
722001663,K3am-2021-05-06_05-40.WAV,2021 Kern 3,2021,5,6,5,40,sp11,Simple Call,50.373333333333335,51.12,2250,13687.5,24000,(not validated),https://rfcx-streams-production.s3.eu-west-1.amazonaws.com/2021/05/06/81cqy10ep7pa/ceb53577-276e-45c6-9a51-8ce1151b5405.flac?AWSAccessKeyId=AKIA45B7YWBX7MUJ7QCX&Expires=1719836145&Signature=c3YjglMgCtqASWNEeEzAjvX1vh0%3D,0.22534012248764798,24641
722001664,K3am-2021-05-06_06-20.WAV,2021 Kern 3,2021,5,6,6,20,sp11,Simple Call,50.602666666666664,51.349333333333334,2250,13687.5,24000,(not validated),https://rfcx-streams-production.s3.eu-west-1.amazonaws.com/2021/05/06/81cqy10ep7pa/fbc4d776-0d3a-4b21-86d7-99d2b9a85bd6.flac?AWSAccessKeyId=AKIA45B7YWBX7MUJ7QCX&Expires=1719836145&Signature=%2BIuNVQhvtDxCsNAmkSS99KkB%2FqE%3D,0.20201842528229982,24641
722001665,K3am-2021-05-06_06-40.WAV,2021 Kern 3,2021,5,6,6,40,sp11,Simple Call,57.712,58.458666666666666,2250,13687.5,24000,(not validated),https://rfcx-streams-production.s3.eu-west-1.amazonaws.com/2021/05/06/81cqy10ep7pa/6a53a4ec-d8c6-43ec-8b7b-ec6175e229dc.flac?AWSAccessKeyId=AKIA45B7YWBX7MUJ7QCX&Expires=1719836145&Signature=pSKzxqp9YerjN0QwRyDgKsajKoo%3D,0.24462959617617,24641
722001666,K3am-2021-05-06_07-20.WAV,2021 Kern 3,2021,5,6,7,20,sp11,Simple Call,40.35733333333334,41.104,2250,13687.5,24000,(not validated),https://rfcx-streams-production.s3.eu-west-1.amazonaws.com/2021/05/06/81cqy10ep7pa/64fafdbd-95f0-4039-a0cc-6d9f6d60147e.flac?AWSAccessKeyId=AKIA45B7YWBX7MUJ7QCX&Expires=1719836145&Signature=yP1dsjid702Qsjd5dlkuyICqiqE%3D,0.2631461342384538,24641
722001667,K3am-2021-05-06_08-00.WAV,2021 Kern 3,2021,5,6,8,0,sp11,Simple Call,0.848,1.5946666666666667,2250,13687.5,24000,(not validated),https://rfcx-streams-production.s3.eu-west-1.amazonaws.com/2021/05/06/81cqy10ep7pa/88f20eb4-d3f5-4ff1-af60-e24fdb0614b3.flac?AWSAccessKeyId=AKIA45B7YWBX7MUJ7QCX&Expires=1719836145&Signature=5xe4O2FbCx3h2PyFZqfumlECnNw%3D,0.27176426896899636,24641
722001668,K3am-2021-05-06_09-00.WAV,2021 Kern 3,2021,5,6,9,0,sp11,Simple Call,35.872,36.61866666666667,2250,13687.5,24000,(not validated),https://rfcx-streams-production.s3.eu-west-1.amazonaws.com/2021/05/06/81cqy10ep7pa/98df678b-fe77-4364-9dad-431c0aecada1.flac?AWSAccessKeyId=AKIA45B7YWBX7MUJ7QCX&Expires=1719836145&Signature=%2FTDtqLCKAp3sfKYxvL4n1nmEd%2Bo%3D,0.20036083406278785,24641
722001669,K3am-2021-05-06_11-20.WAV,2021 Kern 3,2021,5,6,11,20,sp11,Simple Call,57.306666666666665,58.053333333333335,2250,13687.5,24000,(not validated),https://rfcx-streams-production.s3.eu-west-1.amazonaws.com/2021/05/06/81cqy10ep7pa/178796db-13af-4d3a-9300-8802bd5510de.flac?AWSAccessKeyId=AKIA45B7YWBX7MUJ7QCX&Expires=1719836145&Signature=6Z7DoVyDK%2F09Ui8iW%2Bih%2FPTm5g8%3D,0.2379485967735777,24641
722001670,K3am-2021-05-06_17-20.WAV,2021 Kern 3,2021,5,6,17,20,sp11,Simple Call,34.10666666666667,34.85333333333333,2250,13687.5,24000,(not validated),https://rfcx-streams-production.s3.eu-west-1.amazonaws.com/2021/05/07/81cqy10ep7pa/621ecd36-2e04-47b3-a757-cb2a1627fb7d.flac?AWSAccessKeyId=AKIA45B7YWBX7MUJ7QCX&Expires=1719836145&Signature=BWMXbSMHgGug3iFc8RLNHh0OzIg%3D,0.26049834478126205,24641
722001671,K3am-2021-05-06_14-40.WAV,2021 Kern 3,2021,5,6,14,40,sp11,Simple Call,33.936,34.68266666666667,2250,13687.5,24000,(not validated),https://rfcx-streams-production.s3.eu-west-1.amazonaws.com/2021/05/06/81cqy10ep7pa/e2feb129-b3fe-4b8f-b659-535245cfba12.flac?AWSAccessKeyId=AKIA45B7YWBX7MUJ7QCX&Expires=1719836145&Signature=ZWYVeAmiAZqRcMQRA7GRABhUtlw%3D,0.20596793240711153,24641
722001672,K3am-2021-05-06_19-40.WAV,2021 Kern 3,2021,5,6,19,40,sp11,Simple Call,26.362666666666666,27.109333333333332,2250,13687.5,24000,(not validated),https://rfcx-streams-production.s3.eu-west-1.amazonaws.com/2021/05/07/81cqy10ep7pa/6b4e466c-66e6-4bdf-ab02-4752130ac260.flac?AWSAccessKeyId=AKIA45B7YWBX7MUJ7QCX&Expires=1719836145&Signature=mD9vqg0dkTcEeOtBYEb%2Bb%2FIEB3A%3D,0.20022146879151703,24641
722001673,K3am-2021-05-06_20-00.WAV,2021 Kern 3,2021,5,6,20,0,sp11,Simple Call,58.37866666666667,59.12533333333333,2250,13687.5,24000,(not validated),https://rfcx-streams-production.s3.eu-west-1.amazonaws.com/2021/05/07/81cqy10ep7pa/807e1721-3a67-44f0-9894-0b347e47b4c1.flac?AWSAccessKeyId=AKIA45B7YWBX7MUJ7QCX&Expires=1719836145&Signature=oUiWgmC1FODBTVeob4vZQypEjsA%3D,0.2781496024860112,24641
722001674,K3am-2021-05-07_08-20.WAV,2021 Kern 3,2021,5,7,8,20,sp11,Simple Call,20.026666666666667,20.773333333333333,2250,13687.5,24000,(not validated),https://rfcx-streams-production.s3.eu-west-1.amazonaws.com/2021/05/07/81cqy10ep7pa/57f58e73-08bf-40be-8598-4fe5353182cc.flac?AWSAccessKeyId=AKIA45B7YWBX7MUJ7QCX&Expires=1719836145&Signature=Cs%2BWMiBZL0kN0Lvwe8bfNbsknBc%3D,0.23393804577521948,24641
722001675,K3am-2021-05-07_06-20.WAV,2021 Kern 3,2021,5,7,6,20,sp11,Simple Call,50.352,51.09866666666667,2250,13687.5,24000,(not validated),https://rfcx-streams-production.s3.eu-west-1.amazonaws.com/2021/05/07/81cqy10ep7pa/0ad5cbc3-41c8-4d95-9bfb-80428fc6c19c.flac?AWSAccessKeyId=AKIA45B7YWBX7MUJ7QCX&Expires=1719836145&Signature=S30aXTMM2eXQ75H3mGhrv8C9THw%3D,0.24812509658193965,24641
722001676,K3am-2021-05-07_06-40.WAV,2021 Kern 3,2021,5,7,6,40,sp11,Simple Call,55.216,55.962666666666664,2250,13687.5,24000,(not validated),https://rfcx-streams-production.s3.eu-west-1.amazonaws.com/2021/05/07/81cqy10ep7pa/f5a252d0-5243-43eb-b74f-396763ae8a65.flac?AWSAccessKeyId=AKIA45B7YWBX7MUJ7QCX&Expires=1719836145&Signature=ZpVCnWcMp5bkIUHB6GXZVEwtoJs%3D,0.22295188818367898,24641
722001677,K3am-2021-05-07_06-00.WAV,2021 Kern 3,2021,5,7,6,0,sp11,Simple Call,16.677333333333333,17.424,2250,13687.5,24000,(not validated),https://rfcx-streams-production.s3.eu-west-1.amazonaws.com/2021/05/07/81cqy10ep7pa/6f095450-2191-4d7b-ad3b-b6679984d522.flac?AWSAccessKeyId=AKIA45B7YWBX7MUJ7QCX&Expires=1719836145&Signature=z5xCKAzmpzhT5nrUUttHaxrJYOw%3D,0.25190277669505223,24641
722001678,K3am-2021-05-07_10-00.WAV,2021 Kern 3,2021,5,7,10,0,sp11,Simple Call,25.130666666666666,25.877333333333333,2250,13687.5,24000,(not validated),https://rfcx-streams-production.s3.eu-west-1.amazonaws.com/2021/05/07/81cqy10ep7pa/7992cd5d-0b53-479e-8d59-ae534c210370.flac?AWSAccessKeyId=AKIA45B7YWBX7MUJ7QCX&Expires=1719836145&Signature=eMdMjzMkuzNFE%2F3miXoIC9GpPKo%3D,0.20468053869772185,24641
722001679,K3am-2021-05-07_09-20.WAV,2021 Kern 3,2021,5,7,9,20,sp11,Simple Call,21.312,22.058666666666667,2250,13687.5,24000,(not validated),https://rfcx-streams-production.s3.eu-west-1.amazonaws.com/2021/05/07/81cqy10ep7pa/a419f9e5-d2a4-47be-bdf8-60ea94474978.flac?AWSAccessKeyId=AKIA45B7YWBX7MUJ7QCX&Expires=1719836145&Signature=01GqA4vdDBgUtyxj0CdbTqkLqgs%3D,0.2487220208231211,24641
722001680,K3am-2021-05-08_07-20.WAV,2021 Kern 3,2021,5,8,7,20,sp11,Simple Call,42.896,43.64266666666666,2250,13687.5,24000,(not validated),https://rfcx-streams-production.s3.eu-west-1.amazonaws.com/2021/05/08/81cqy10ep7pa/bfa3d572-2f37-484c-9aa6-5ba2be172311.flac?AWSAccessKeyId=AKIA45B7YWBX7MUJ7QCX&Expires=1719836145&Signature=vhEX0wQ2JdHQERPw5p57LPBbBuw%3D,0.2721222387185415,24641
722001681,K3am-2021-05-08_07-40.WAV,2021 Kern 3,2021,5,8,7,40,sp11,Simple Call,13.045333333333334,13.792,2250,13687.5,24000,(not validated),https://rfcx-streams-production.s3.eu-west-1.amazonaws.com/2021/05/08/81cqy10ep7pa/7d6e5b39-7a4f-41d9-ac0d-1ee32faf23df.flac?AWSAccessKeyId=AKIA45B7YWBX7MUJ7QCX&Expires=1719836145&Signature=GOfjFTAp4RGhxYSgvYtkg0RKWKc%3D,0.22345193079137524,24641
722001682,K3am-2021-05-08_08-40.WAV,2021 Kern 3,2021,5,8,8,40,sp11,Simple Call,16.048,16.794666666666668,2250,13687.5,24000,(not validated),https://rfcx-streams-production.s3.eu-west-1.amazonaws.com/2021/05/08/81cqy10ep7pa/6eb13055-3c41-4649-bab7-107ce3935d64.flac?AWSAccessKeyId=AKIA45B7YWBX7MUJ7QCX&Expires=1719836145&Signature=CZkuu681pOafUzOeVcqFtYYm18Q%3D,0.26169393036939864,24641
722001683,K3am-2021-05-07_09-40.WAV,2021 Kern 3,2021,5,7,9,40,sp11,Simple Call,56.949333333333335,57.696,2250,13687.5,24000,(not validated),https://rfcx-streams-production.s3.eu-west-1.amazonaws.com/2021/05/07/81cqy10ep7pa/cd9d9fdd-7f78-431d-bdc7-28723a69ac4f.flac?AWSAccessKeyId=AKIA45B7YWBX7MUJ7QCX&Expires=1719836145&Signature=1GzY0HGCa%2BSEOqww%2B%2FAkXWL1a%2BU%3D,0.2000633506190905,24641
722001684,K3am-2021-05-07_19-00.WAV,2021 Kern 3,2021,5,7,19,0,sp11,Simple Call,33.456,34.202666666666666,2250,13687.5,24000,(not validated),https://rfcx-streams-production.s3.eu-west-1.amazonaws.com/2021/05/08/81cqy10ep7pa/eccb143d-1bac-474a-a044-a5f91c0a02a5.flac?AWSAccessKeyId=AKIA45B7YWBX7MUJ7QCX&Expires=1719836145&Signature=NHDyBsDp%2FnJ695l6JqcYxa1tfE0%3D,0.2640023808583202,24641
722001685,K3am-2021-05-08_07-00.WAV,2021 Kern 3,2021,5,8,7,0,sp11,Simple Call,25.632,26.378666666666668,2250,13687.5,24000,(not validated),https://rfcx-streams-production.s3.eu-west-1.amazonaws.com/2021/05/08/81cqy10ep7pa/eaf46675-6393-4bdd-ab65-bce41d69a9e1.flac?AWSAccessKeyId=AKIA45B7YWBX7MUJ7QCX&Expires=1719836145&Signature=KMuKQZ8PNDWBOd6%2FHM0qdXJblOc%3D,0.24138536358288626,24641
722001686,K3am-2021-05-08_05-40.WAV,2021 Kern 3,2021,5,8,5,40,sp11,Simple Call,1.1306666666666667,1.8773333333333333,2250,13687.5,24000,(not validated),https://rfcx-streams-production.s3.eu-west-1.amazonaws.com/2021/05/08/81cqy10ep7pa/e04f98c7-abf5-4b59-bf21-cf62ce0df684.flac?AWSAccessKeyId=AKIA45B7YWBX7MUJ7QCX&Expires=1719836145&Signature=UWpGIL6wkmIkePH62jU2Sc6RyMY%3D,0.2643171606848795,24641
722001687,K3am-2021-05-08_06-40.WAV,2021 Kern 3,2021,5,8,6,40,sp11,Simple Call,3.216,3.962666666666667,2250,13687.5,24000,(not validated),https://rfcx-streams-production.s3.eu-west-1.amazonaws.com/2021/05/08/81cqy10ep7pa/2d01b328-aeb0-45c9-91fb-f47ba296f301.flac?AWSAccessKeyId=AKIA45B7YWBX7MUJ7QCX&Expires=1719836145&Signature=yAvNwZtkg4Gz8zWmYXk6yykh9xE%3D,0.21813492803942508,24641
722001688,K3am-2021-05-09_05-20.WAV,2021 Kern 3,2021,5,9,5,20,sp11,Simple Call,11.584,12.330666666666668,2250,13687.5,24000,(not validated),https://rfcx-streams-production.s3.eu-west-1.amazonaws.com/2021/05/09/81cqy10ep7pa/99ad036d-0441-4f6d-870c-bf92d80c0546.flac?AWSAccessKeyId=AKIA45B7YWBX7MUJ7QCX&Expires=1719836145&Signature=JJTSEEhb8LvnUfdLJinTN%2FgfPCs%3D,0.2084381823355631,24641
722001689,K3am-2021-05-08_11-00.WAV,2021 Kern 3,2021,5,8,11,0,sp11,Simple Call,24.890666666666668,25.637333333333334,2250,13687.5,24000,(not validated),https://rfcx-streams-production.s3.eu-west-1.amazonaws.com/2021/05/08/81cqy10ep7pa/9f2a25b3-60ed-4c2d-91b6-419b26f4b9a2.flac?AWSAccessKeyId=AKIA45B7YWBX7MUJ7QCX&Expires=1719836145&Signature=F6YeQmOv2%2Fd970Ph3%2FL%2FGdm%2FVGo%3D,0.21580008709979406,24641
722001690,K3am-2021-05-09_07-20.WAV,2021 Kern 3,2021,5,9,7,20,sp11,Simple Call,17.482666666666667,18.229333333333333,2250,13687.5,24000,(not validated),https://rfcx-streams-production.s3.eu-west-1.amazonaws.com/2021/05/09/81cqy10ep7pa/e1616b90-6a1e-40d8-8bac-94224c5c5ba0.flac?AWSAccessKeyId=AKIA45B7YWBX7MUJ7QCX&Expires=1719836145&Signature=GxKHha47HCIIiU8jZuYKv%2FuEUN0%3D,0.2006769821017888,24641
722001691,K3am-2021-05-08_12-20.WAV,2021 Kern 3,2021,5,8,12,20,sp11,Simple Call,53.232,53.97866666666667,2250,13687.5,24000,(not validated),https://rfcx-streams-production.s3.eu-west-1.amazonaws.com/2021/05/08/81cqy10ep7pa/03a55741-fd06-4b16-806d-a08734a6e8c9.flac?AWSAccessKeyId=AKIA45B7YWBX7MUJ7QCX&Expires=1719836145&Signature=mkwY%2FoAO%2Bv01JEUfjSUhPA%2FJ2Kc%3D,0.2127538367666693,24641
722001692,K3am-2021-05-08_15-40.WAV,2021 Kern 3,2021,5,8,15,40,sp11,Simple Call,30.090666666666667,30.837333333333333,2250,13687.5,24000,(not validated),https://rfcx-streams-production.s3.eu-west-1.amazonaws.com/2021/05/08/81cqy10ep7pa/93c84e53-16ea-439c-a148-ad6ba45e0041.flac?AWSAccessKeyId=AKIA45B7YWBX7MUJ7QCX&Expires=1719836145&Signature=3Naw1tvibYXAtyrex9CPTkyFLcw%3D,0.2822748762062382,24641
722001693,K3am-2021-05-10_08-20.WAV,2021 Kern 3,2021,5,10,8,20,sp11,Simple Call,12.218666666666667,12.965333333333334,2250,13687.5,24000,(not validated),https://rfcx-streams-production.s3.eu-west-1.amazonaws.com/2021/05/10/81cqy10ep7pa/7f34f7f2-f819-4456-afa0-37cae185fdf0.flac?AWSAccessKeyId=AKIA45B7YWBX7MUJ7QCX&Expires=1719836145&Signature=XXnur7zTJTkZKK5m5emCMxgUdD4%3D,0.20306889509999557,24641
722001694,K3am-2021-05-10_06-40.WAV,2021 Kern 3,2021,5,10,6,40,sp11,Simple Call,42.832,43.57866666666666,2250,13687.5,24000,(not validated),https://rfcx-streams-production.s3.eu-west-1.amazonaws.com/2021/05/10/81cqy10ep7pa/ba096fc6-6fa6-4213-848b-02e9d7bac71b.flac?AWSAccessKeyId=AKIA45B7YWBX7MUJ7QCX&Expires=1719836145&Signature=Tq6Bk%2Be%2B8a%2FIGbkbayQ4yBKgtgU%3D,0.20383519438814796,24641
722001695,K3am-2021-05-10_07-00.WAV,2021 Kern 3,2021,5,10,7,0,sp11,Simple Call,10.042666666666667,10.789333333333333,2250,13687.5,24000,(not validated),https://rfcx-streams-production.s3.eu-west-1.amazonaws.com/2021/05/10/81cqy10ep7pa/a89b833f-a267-41f2-9a27-71a9532e397e.flac?AWSAccessKeyId=AKIA45B7YWBX7MUJ7QCX&Expires=1719836145&Signature=kVtELoESleqpyY6GTW8L2ly11tI%3D,0.24979242731331885,24641
722001696,K3am-2021-05-09_08-00.WAV,2021 Kern 3,2021,5,9,8,0,sp11,Simple Call,2.224,2.970666666666667,2250,13687.5,24000,(not validated),https://rfcx-streams-production.s3.eu-west-1.amazonaws.com/2021/05/09/81cqy10ep7pa/bf9c2be3-ea9e-4773-b7ef-7ef072954d6f.flac?AWSAccessKeyId=AKIA45B7YWBX7MUJ7QCX&Expires=1719836145&Signature=ePDZugS6YzmuzZhZiawgCIoGigE%3D,0.23542302659856515,24641
722001697,K3am-2021-05-10_14-20.WAV,2021 Kern 3,2021,5,10,14,20,sp11,Simple Call,53.62133333333333,54.368,2250,13687.5,24000,(not validated),https://rfcx-streams-production.s3.eu-west-1.amazonaws.com/2021/05/10/81cqy10ep7pa/2feb645f-7eec-4af3-aeb9-c3b792dfbfc1.flac?AWSAccessKeyId=AKIA45B7YWBX7MUJ7QCX&Expires=1719836145&Signature=LN2CUoiZX2Szo%2BUt6Vds%2FxAHgYU%3D,0.2102746285393884,24641
722001698,K3am-2021-05-10_13-20.WAV,2021 Kern 3,2021,5,10,13,20,sp11,Simple Call,5.434666666666667,6.181333333333333,2250,13687.5,24000,(not validated),https://rfcx-streams-production.s3.eu-west-1.amazonaws.com/2021/05/10/81cqy10ep7pa/6bf410a6-04cf-424f-a590-19940711e61e.flac?AWSAccessKeyId=AKIA45B7YWBX7MUJ7QCX&Expires=1719836145&Signature=ZJtQJ%2FjoPxdiko24s4TVXf2G3u4%3D,0.21345127704065095,24641
722001699,K3am-2021-05-11_06-40.WAV,2021 Kern 3,2021,5,11,6,40,sp11,Simple Call,7.12,7.866666666666666,2250,13687.5,24000,(not validated),https://rfcx-streams-production.s3.eu-west-1.amazonaws.com/2021/05/11/81cqy10ep7pa/fe112c90-84cf-48eb-96c9-f950757b8fd5.flac?AWSAccessKeyId=AKIA45B7YWBX7MUJ7QCX&Expires=1719836145&Signature=GMrllZxXpHDK%2B%2Fsd2Og%2B6KvX318%3D,0.23000582831071703,24641
722001700,K3am-2021-05-09_19-40.WAV,2021 Kern 3,2021,5,9,19,40,sp11,Simple Call,19.829333333333334,20.576,2250,13687.5,24000,(not validated),https://rfcx-streams-production.s3.eu-west-1.amazonaws.com/2021/05/10/81cqy10ep7pa/88dba7bc-b0cc-499f-bd2e-b7606a379364.flac?AWSAccessKeyId=AKIA45B7YWBX7MUJ7QCX&Expires=1719836145&Signature=fvZbveclJlMVIFNy4xPAK%2BNsv0c%3D,0.2686510495618083,24641
722001701,K3am-2021-05-11_05-40.WAV,2021 Kern 3,2021,5,11,5,40,sp11,Simple Call,41.55733333333333,42.304,2250,13687.5,24000,(not validated),https://rfcx-streams-production.s3.eu-west-1.amazonaws.com/2021/05/11/81cqy10ep7pa/e94edda8-9820-4c41-8ec7-0544286308dd.flac?AWSAccessKeyId=AKIA45B7YWBX7MUJ7QCX&Expires=1719836145&Signature=XavJG0ToKvUKn3cqjF6gQdhwbxE%3D,0.21311361500944034,24641
722006628,K3am-2021-05-01_07-40.WAV,2021 Kern 3,2021,5,1,7,40,sp11,Simple Call,16.229333333333333,16.976,2250,13687.5,24000,(not validated),https://rfcx-streams-production.s3.eu-west-1.amazonaws.com/2021/05/01/81cqy10ep7pa/69912d64-100c-4731-a153-0f7599f20536.flac?AWSAccessKeyId=AKIA45B7YWBX7MUJ7QCX&Expires=1719836145&Signature=10aXMDzf2AZvcDM8mhbuJFeohMQ%3D,0.2767609934116502,24641
722006629,K3am-2021-05-01_08-40.WAV,2021 Kern 3,2021,5,1,8,40,sp11,Simple Call,45.344,46.090666666666664,2250,13687.5,24000,(not validated),https://rfcx-streams-production.s3.eu-west-1.amazonaws.com/2021/05/01/81cqy10ep7pa/80142fab-ee31-4102-958e-d7241e748dc4.flac?AWSAccessKeyId=AKIA45B7YWBX7MUJ7QCX&Expires=1719836145&Signature=pl%2Br8BUZ%2F%2BCb2dm5cBisJjepMsw%3D,0.22872503718047557,24641
722006630,K3am-2021-05-01_08-20.WAV,2021 Kern 3,2021,5,1,8,20,sp11,Simple Call,4.24,4.986666666666666,2250,13687.5,24000,(not validated),https://rfcx-streams-production.s3.eu-west-1.amazonaws.com/2021/05/01/81cqy10ep7pa/ebdc199d-3685-4af8-830a-20bccdcf8457.flac?AWSAccessKeyId=AKIA45B7YWBX7MUJ7QCX&Expires=1719836145&Signature=Lumy0BwvCl6u3rdlDRe3V2h9a8Y%3D,0.24096815403586078,24641
722006631,K3am-2021-05-01_07-20.WAV,2021 Kern 3,2021,5,1,7,20,sp11,Simple Call,25.589333333333332,26.336,2250,13687.5,24000,(not validated),https://rfcx-streams-production.s3.eu-west-1.amazonaws.com/2021/05/01/81cqy10ep7pa/9b2d54a6-20e7-4196-adbb-130beeb2103d.flac?AWSAccessKeyId=AKIA45B7YWBX7MUJ7QCX&Expires=1719836145&Signature=oG2NMq8ZVE51gJn1dNns9zXZ5Ag%3D,0.2618216445862628,24641
722006632,K3am-2021-05-01_09-20.WAV,2021 Kern 3,2021,5,1,9,20,sp11,Simple Call,17.893333333333334,18.64,2250,13687.5,24000,(not validated),https://rfcx-streams-production.s3.eu-west-1.amazonaws.com/2021/05/01/81cqy10ep7pa/fc6b9965-6df4-4334-84b3-5ed2941f7006.flac?AWSAccessKeyId=AKIA45B7YWBX7MUJ7QCX&Expires=1719836145&Signature=lNLI6AwbiD5%2FTCbSr3twd79p5S0%3D,0.27880557563486125,24641
722006633,K3am-2021-05-01_09-40.WAV,2021 Kern 3,2021,5,1,9,40,sp11,Simple Call,37.19466666666667,37.94133333333333,2250,13687.5,24000,(not validated),https://rfcx-streams-production.s3.eu-west-1.amazonaws.com/2021/05/01/81cqy10ep7pa/a2ef5ec0-ae22-4480-bfa4-2122536a22c4.flac?AWSAccessKeyId=AKIA45B7YWBX7MUJ7QCX&Expires=1719836145&Signature=87gLRWrGQfUfTGviFBEP2zbPWLE%3D,0.2329031221881889,24641
722006634,K3am-2021-05-01_08-00.WAV,2021 Kern 3,2021,5,1,8,0,sp11,Simple Call,38.165333333333336,38.912,2250,13687.5,24000,(not validated),https://rfcx-streams-production.s3.eu-west-1.amazonaws.com/2021/05/01/81cqy10ep7pa/7702b212-6668-4303-aa02-9c63547eb2f0.flac?AWSAccessKeyId=AKIA45B7YWBX7MUJ7QCX&Expires=1719836145&Signature=YulIPgQvAtBweyAdzsvJ1sRT1y0%3D,0.2087685118120196,24641
722006635,K3am-2021-05-02_06-40.WAV,2021 Kern 3,2021,5,2,6,40,sp11,Simple Call,31.445333333333334,32.192,2250,13687.5,24000,(not validated),https://rfcx-streams-production.s3.eu-west-1.amazonaws.com/2021/05/02/81cqy10ep7pa/a2445866-b750-4de0-a984-88de83d68acf.flac?AWSAccessKeyId=AKIA45B7YWBX7MUJ7QCX&Expires=1719836145&Signature=h%2F7n4t5VPLm3gsMJyotE4uxQYkA%3D,0.22466425137139928,24641
722006636,K3am-2021-05-02_08-40.WAV,2021 Kern 3,2021,5,2,8,40,sp11,Simple Call,0.6026666666666667,1.3493333333333333,2250,13687.5,24000,(not validated),https://rfcx-streams-production.s3.eu-west-1.amazonaws.com/2021/05/02/81cqy10ep7pa/5a9416e7-c1e7-4f17-8f4e-3b9c630b811a.flac?AWSAccessKeyId=AKIA45B7YWBX7MUJ7QCX&Expires=1719836145&Signature=y5BrlfZV4OO3xCFS85VgKN1doXI%3D,0.21012711688123237,24641
722006637,K3am-2021-05-02_08-00.WAV,2021 Kern 3,2021,5,2,8,0,sp11,Simple Call,36.46933333333333,37.216,2250,13687.5,24000,(not validated),https://rfcx-streams-production.s3.eu-west-1.amazonaws.com/2021/05/02/81cqy10ep7pa/c91a3f23-52fb-4fd1-bb00-c3194119a2f6.flac?AWSAccessKeyId=AKIA45B7YWBX7MUJ7QCX&Expires=1719836145&Signature=SGhAQ6W67%2FqhhfbxMKVZvkY%2FhoI%3D,0.22265408352520924,24641
722006638,K3am-2021-05-03_00-20.WAV,2021 Kern 3,2021,5,3,0,20,sp11,Simple Call,14.304,15.050666666666666,2250,13687.5,24000,(not validated),https://rfcx-streams-production.s3.eu-west-1.amazonaws.com/2021/05/03/81cqy10ep7pa/43043d3d-5db5-4f14-8091-a6713fb2aa1c.flac?AWSAccessKeyId=AKIA45B7YWBX7MUJ7QCX&Expires=1719836145&Signature=oLFoGxgHkggYWVSlez1qz5zUy78%3D,0.2109500958712423,24641
722006639,K3am-2021-05-03_02-00.WAV,2021 Kern 3,2021,5,3,2,0,sp11,Simple Call,37.6,38.346666666666664,2250,13687.5,24000,(not validated),https://rfcx-streams-production.s3.eu-west-1.amazonaws.com/2021/05/03/81cqy10ep7pa/1cf95a6e-e8d6-4738-ba3e-9730d05e81df.flac?AWSAccessKeyId=AKIA45B7YWBX7MUJ7QCX&Expires=1719836145&Signature=21DM2DHcA2DUIRuVzG6DJ9q4orU%3D,0.25045478683449135,24641
722006640,K3am-2021-05-03_05-40.WAV,2021 Kern 3,2021,5,3,5,40,sp11,Simple Call,33.44533333333333,34.192,2250,13687.5,24000,(not validated),https://rfcx-streams-production.s3.eu-west-1.amazonaws.com/2021/05/03/81cqy10ep7pa/31afb18f-34bf-4976-9a4f-7330671c5f6b.flac?AWSAccessKeyId=AKIA45B7YWBX7MUJ7QCX&Expires=1719836145&Signature=4dAbHFkNzT1MdQwa%2Be%2Fbn7wckf0%3D,0.2109437302669964,24641
722006641,K3am-2021-05-03_06-00.WAV,2021 Kern 3,2021,5,3,6,0,sp11,Simple Call,40.4,41.14666666666667,2250,13687.5,24000,(not validated),https://rfcx-streams-production.s3.eu-west-1.amazonaws.com/2021/05/03/81cqy10ep7pa/1f47bab7-01d0-47e2-969d-d4d866e6c31b.flac?AWSAccessKeyId=AKIA45B7YWBX7MUJ7QCX&Expires=1719836145&Signature=R66vY8vaGPkfi9uokvV3LQEJFZU%3D,0.20590680927339675,24641
722006642,K3am-2021-05-03_09-00.WAV,2021 Kern 3,2021,5,3,9,0,sp11,Simple Call,1.9893333333333334,2.736,2250,13687.5,24000,(not validated),https://rfcx-streams-production.s3.eu-west-1.amazonaws.com/2021/05/03/81cqy10ep7pa/b20f2203-2147-4740-ae9f-6f214f937eaf.flac?AWSAccessKeyId=AKIA45B7YWBX7MUJ7QCX&Expires=1719836145&Signature=qxuW6JZ%2FW%2BGemgWs2z96gaYE644%3D,0.27412456049828415,24641
722006643,K3am-2021-05-03_17-20.WAV,2021 Kern 3,2021,5,3,17,20,sp11,Simple Call,55.349333333333334,56.096,2250,13687.5,24000,(not validated),https://rfcx-streams-production.s3.eu-west-1.amazonaws.com/2021/05/04/81cqy10ep7pa/60a76c66-c31e-4542-9a89-87992f4d94f1.flac?AWSAccessKeyId=AKIA45B7YWBX7MUJ7QCX&Expires=1719836145&Signature=bHUTXYndnADjsSLYlTTNJEcUJPQ%3D,0.22719294364079923,24641
722006644,K3am-2021-05-03_23-00.WAV,2021 Kern 3,2021,5,3,23,0,sp11,Simple Call,49.48266666666667,50.22933333333334,2250,13687.5,24000,(not validated),https://rfcx-streams-production.s3.eu-west-1.amazonaws.com/2021/05/04/81cqy10ep7pa/c3c78bf7-582a-462a-9870-532fc60a2f75.flac?AWSAccessKeyId=AKIA45B7YWBX7MUJ7QCX&Expires=1719836145&Signature=ZlkRav3HgscCsgph%2F2teIyzgBGs%3D,0.21507229043152848,24641
722006645,K3am-2021-05-04_06-20.WAV,2021 Kern 3,2021,5,4,6,20,sp11,Simple Call,6.896,7.642666666666667,2250,13687.5,24000,(not validated),https://rfcx-streams-production.s3.eu-west-1.amazonaws.com/2021/05/04/81cqy10ep7pa/683eb4d1-ed22-4bdc-a924-811d664542f4.flac?AWSAccessKeyId=AKIA45B7YWBX7MUJ7QCX&Expires=1719836145&Signature=G3N6gxP9RWPn1YG1slNtevy%2BFzA%3D,0.2591489858021152,24641
722006646,K3am-2021-05-04_10-20.WAV,2021 Kern 3,2021,5,4,10,20,sp11,Simple Call,46.346666666666664,47.093333333333334,2250,13687.5,24000,(not validated),https://rfcx-streams-production.s3.eu-west-1.amazonaws.com/2021/05/04/81cqy10ep7pa/5ce5e9fc-1051-4ec9-94b9-e4a52240b2db.flac?AWSAccessKeyId=AKIA45B7YWBX7MUJ7QCX&Expires=1719836145&Signature=6ECa%2FR7P9D5%2BYXAs1SLMsGgqQOA%3D,0.294440823383336,24641
722006647,K3am-2021-05-04_08-40.WAV,2021 Kern 3,2021,5,4,8,40,sp11,Simple Call,22.074666666666666,22.82133333333333,2250,13687.5,24000,(not validated),https://rfcx-streams-production.s3.eu-west-1.amazonaws.com/2021/05/04/81cqy10ep7pa/b6c43de0-9f77-484d-baef-6d9f235dac37.flac?AWSAccessKeyId=AKIA45B7YWBX7MUJ7QCX&Expires=1719836145&Signature=y6ChAQBanYLPsPykVxaoM8h1NWc%3D,0.20330933491584666,24641
722006648,K3am-2021-05-04_13-40.WAV,2021 Kern 3,2021,5,4,13,40,sp11,Simple Call,49.57333333333333,50.32,2250,13687.5,24000,(not validated),https://rfcx-streams-production.s3.eu-west-1.amazonaws.com/2021/05/04/81cqy10ep7pa/86bf0598-c9c2-4354-92cf-9798b3a07b4f.flac?AWSAccessKeyId=AKIA45B7YWBX7MUJ7QCX&Expires=1719836145&Signature=b6ullMdis6%2FL%2B4KlLyzEkD3yvM8%3D,0.2167069020878226,24641
722006649,K3am-2021-05-05_06-40.WAV,2021 Kern 3,2021,5,5,6,40,sp11,Simple Call,50.074666666666666,50.821333333333335,2250,13687.5,24000,(not validated),https://rfcx-streams-production.s3.eu-west-1.amazonaws.com/2021/05/05/81cqy10ep7pa/8649ced1-a09b-4a32-aa43-9c3a31c842b9.flac?AWSAccessKeyId=AKIA45B7YWBX7MUJ7QCX&Expires=1719836145&Signature=SKhT41GVNS1Ohqy6vJL0RSv7fzI%3D,0.2729198843534126,24641
722006650,K3am-2021-05-05_07-20.WAV,2021 Kern 3,2021,5,5,7,20,sp11,Simple Call,18.352,19.098666666666666,2250,13687.5,24000,(not validated),https://rfcx-streams-production.s3.eu-west-1.amazonaws.com/2021/05/05/81cqy10ep7pa/1e6f202b-3825-466d-8f34-88e1de344e84.flac?AWSAccessKeyId=AKIA45B7YWBX7MUJ7QCX&Expires=1719836145&Signature=Xos3Na5IbDqeRYesO9lIbnIEcwE%3D,0.25398803130264325,24641
722006651,K3am-2021-05-05_05-40.WAV,2021 Kern 3,2021,5,5,5,40,sp11,Simple Call,39.626666666666665,40.373333333333335,2250,13687.5,24000,(not validated),https://rfcx-streams-production.s3.eu-west-1.amazonaws.com/2021/05/05/81cqy10ep7pa/e25af8f6-9d6e-48bc-98b7-47a6df6979db.flac?AWSAccessKeyId=AKIA45B7YWBX7MUJ7QCX&Expires=1719836145&Signature=v1GraHYzChlOnNxC5eCgi7F81II%3D,0.21977448563696708,24641
722006652,K3am-2021-05-05_07-00.WAV,2021 Kern 3,2021,5,5,7,0,sp11,Simple Call,0.4,1.1466666666666667,2250,13687.5,24000,(not validated),https://rfcx-streams-production.s3.eu-west-1.amazonaws.com/2021/05/05/81cqy10ep7pa/fa0700dc-ad09-4403-8d24-c125be2a19f2.flac?AWSAccessKeyId=AKIA45B7YWBX7MUJ7QCX&Expires=1719836145&Signature=R1830sq4lziBr22jsrPSt00EwcQ%3D,0.2053907789367411,24641
722006653,K3am-2021-05-05_09-00.WAV,2021 Kern 3,2021,5,5,9,0,sp11,Simple Call,54.848,55.59466666666667,2250,13687.5,24000,(not validated),https://rfcx-streams-production.s3.eu-west-1.amazonaws.com/2021/05/05/81cqy10ep7pa/af23c2af-892d-4e08-88df-d6e5e719e99b.flac?AWSAccessKeyId=AKIA45B7YWBX7MUJ7QCX&Expires=1719836145&Signature=1dpV0RwNNO8j5I0qwaCcmA9PSk0%3D,0.26281678637607764,24641
722006654,K3am-2021-05-05_09-20.WAV,2021 Kern 3,2021,5,5,9,20,sp11,Simple Call,35.424,36.17066666666667,2250,13687.5,24000,(not validated),https://rfcx-streams-production.s3.eu-west-1.amazonaws.com/2021/05/05/81cqy10ep7pa/a36b537f-9c51-45cd-8cbb-f0f553d76a6d.flac?AWSAccessKeyId=AKIA45B7YWBX7MUJ7QCX&Expires=1719836145&Signature=TwFNkwZ8%2FNCBrKSPLZLTUiLg5Ic%3D,0.21506681143241882,24641
722006655,K3am-2021-05-05_12-00.WAV,2021 Kern 3,2021,5,5,12,0,sp11,Simple Call,18.250666666666667,18.997333333333334,2250,13687.5,24000,(not validated),https://rfcx-streams-production.s3.eu-west-1.amazonaws.com/2021/05/05/81cqy10ep7pa/76835cbf-cc48-458f-8a50-bae5eea16162.flac?AWSAccessKeyId=AKIA45B7YWBX7MUJ7QCX&Expires=1719836145&Signature=xdWDItZd31wWfTr7QRD7cNCsX%2FA%3D,0.28181982892856283,24641
722006656,K3am-2021-05-05_16-00.WAV,2021 Kern 3,2021,5,5,16,0,sp11,Simple Call,18.533333333333335,19.28,2250,13687.5,24000,(not validated),https://rfcx-streams-production.s3.eu-west-1.amazonaws.com/2021/05/05/81cqy10ep7pa/4c7ee81a-fef5-4299-97d9-20302d6b0ea1.flac?AWSAccessKeyId=AKIA45B7YWBX7MUJ7QCX&Expires=1719836145&Signature=WyXLBmIFDsbysOGs%2BiOxzhFNpQk%3D,0.2513739682846835,24641
722006657,K3am-2021-05-05_15-00.WAV,2021 Kern 3,2021,5,5,15,0,sp11,Simple Call,30.981333333333332,31.728,2250,13687.5,24000,(not validated),https://rfcx-streams-production.s3.eu-west-1.amazonaws.com/2021/05/05/81cqy10ep7pa/89133b58-ad4e-4226-abfe-7462a0cc84a0.flac?AWSAccessKeyId=AKIA45B7YWBX7MUJ7QCX&Expires=1719836145&Signature=d%2BXZyr1Nm2PSfepuXqivONSkBg8%3D,0.23231069549319022,24641
722006658,K3am-2021-05-05_16-20.WAV,2021 Kern 3,2021,5,5,16,20,sp11,Simple Call,25.024,25.770666666666667,2250,13687.5,24000,(not validated),https://rfcx-streams-production.s3.eu-west-1.amazonaws.com/2021/05/05/81cqy10ep7pa/658284ca-1285-4f66-aaed-adf581554ad6.flac?AWSAccessKeyId=AKIA45B7YWBX7MUJ7QCX&Expires=1719836145&Signature=X75%2B%2FE0ghuEWPLNZxZMZARs79vU%3D,0.20201513904845145,24641
722006659,K3am-2021-05-05_16-40.WAV,2021 Kern 3,2021,5,5,16,40,sp11,Simple Call,58.51733333333333,59.264,2250,13687.5,24000,(not validated),https://rfcx-streams-production.s3.eu-west-1.amazonaws.com/2021/05/05/81cqy10ep7pa/c32a31e2-7040-4bd0-8d00-4c197c01578c.flac?AWSAccessKeyId=AKIA45B7YWBX7MUJ7QCX&Expires=1719836145&Signature=NLIiK7bYVFVL5BjuGL8EwirlnIA%3D,0.2783627692414663,24641
722006660,K3am-2021-05-05_20-20.WAV,2021 Kern 3,2021,5,5,20,20,sp11,Simple Call,21.930666666666667,22.677333333333333,2250,13687.5,24000,(not validated),https://rfcx-streams-production.s3.eu-west-1.amazonaws.com/2021/05/06/81cqy10ep7pa/2efb8660-8970-439d-82e0-fa81d1d5283f.flac?AWSAccessKeyId=AKIA45B7YWBX7MUJ7QCX&Expires=1719836145&Signature=AIvVg62c7WerqImfjFPfX3BOODQ%3D,0.21341289790867154,24641
722006661,K3am-2021-05-05_20-40.WAV,2021 Kern 3,2021,5,5,20,40,sp11,Simple Call,45.525333333333336,46.272,2250,13687.5,24000,(not validated),https://rfcx-streams-production.s3.eu-west-1.amazonaws.com/2021/05/06/81cqy10ep7pa/c1345134-1fd8-445e-aafd-b1059c83c1d8.flac?AWSAccessKeyId=AKIA45B7YWBX7MUJ7QCX&Expires=1719836145&Signature=CSIF7WRZXUVV5HNeV%2FQXGhEE0p8%3D,0.2013857833551342,24641
722006662,K3am-2021-05-05_20-00.WAV,2021 Kern 3,2021,5,5,20,0,sp11,Simple Call,3.7706666666666666,4.517333333333333,2250,13687.5,24000,(not validated),https://rfcx-streams-production.s3.eu-west-1.amazonaws.com/2021/05/06/81cqy10ep7pa/10bb2d17-c956-415e-a5a6-6fb2dd3eaa6a.flac?AWSAccessKeyId=AKIA45B7YWBX7MUJ7QCX&Expires=1719836145&Signature=kB58EPg6zZi%2BXlqXYgBPdH70AGA%3D,0.21464036205539455,24641
722007093,K3am-2021-07-16_08-40.WAV,2021 Kern 3,2021,7,16,8,40,sp11,Simple Call,35.76,36.50666666666667,2250,13687.5,24000,(not validated),https://rfcx-streams-production.s3.eu-west-1.amazonaws.com/2021/07/16/81cqy10ep7pa/43c2ca70-0c8b-4dfa-bb19-327cfa6d6811.flac?AWSAccessKeyId=AKIA45B7YWBX7MUJ7QCX&Expires=1719836145&Signature=B0oqKTpxWyuGngIvTWiKZjnoBcs%3D,0.2113622494286149,24641
722007094,K3am-2021-07-17_02-20.WAV,2021 Kern 3,2021,7,17,2,20,sp11,Simple Call,42.928,43.67466666666667,2250,13687.5,24000,(not validated),https://rfcx-streams-production.s3.eu-west-1.amazonaws.com/2021/07/17/81cqy10ep7pa/aa339a8c-dd4e-48e1-8149-e69328f18cf0.flac?AWSAccessKeyId=AKIA45B7YWBX7MUJ7QCX&Expires=1719836145&Signature=J9E9W85JylIGshzCdXX55p1jpYA%3D,0.21846453480944664,24641
722007095,K3am-2021-07-20_08-20.WAV,2021 Kern 3,2021,7,20,8,20,sp11,Simple Call,26.730666666666668,27.477333333333334,2250,13687.5,24000,(not validated),https://rfcx-streams-production.s3.eu-west-1.amazonaws.com/2021/07/20/81cqy10ep7pa/83b58ac5-9f27-4f4e-89d3-d4cd84c21926.flac?AWSAccessKeyId=AKIA45B7YWBX7MUJ7QCX&Expires=1719836145&Signature=mqVi5uxXddO1ftp1wAJQnNm9Yb0%3D,0.2741990556944414,24641
722007096,K3am-2021-07-20_06-00.WAV,2021 Kern 3,2021,7,20,6,0,sp11,Simple Call,57.44533333333333,58.192,2250,13687.5,24000,(not validated),https://rfcx-streams-production.s3.eu-west-1.amazonaws.com/2021/07/20/81cqy10ep7pa/e6e51bac-14bf-4502-80cf-de480a54fac5.flac?AWSAccessKeyId=AKIA45B7YWBX7MUJ7QCX&Expires=1719836145&Signature=WklfZx35RcUU5cveHkDBcWeWma8%3D,0.256241579998731,24641
722007097,K3am-2021-07-22_01-40.WAV,2021 Kern 3,2021,7,22,1,40,sp11,Simple Call,39.333333333333336,40.08,2250,13687.5,24000,(not validated),https://rfcx-streams-production.s3.eu-west-1.amazonaws.com/2021/07/22/81cqy10ep7pa/d8ec9dcb-ec94-45f1-8c88-976ef9ef467f.flac?AWSAccessKeyId=AKIA45B7YWBX7MUJ7QCX&Expires=1719836145&Signature=cmLY%2BxAxctLy8vD%2FaQGuItz%2FSpM%3D,0.20071813514692385,24641
722007098,K3am-2021-07-21_15-40.WAV,2021 Kern 3,2021,7,21,15,40,sp11,Simple Call,32.95466666666667,33.70133333333333,2250,13687.5,24000,(not validated),https://rfcx-streams-production.s3.eu-west-1.amazonaws.com/2021/07/21/81cqy10ep7pa/04678bec-55a1-4955-a7f3-3de8dedfd095.flac?AWSAccessKeyId=AKIA45B7YWBX7MUJ7QCX&Expires=1719836145&Signature=x2KfxUH8Si7SbYbKIdb4y6hZ3R0%3D,0.26915042968354985,24641
722007245,K3am-2021-03-23_17-00.WAV,2021 Kern 3,2021,3,23,17,0,sp11,Simple Call,15.648,16.394666666666666,2250,13687.5,24000,(not validated),https://rfcx-streams-production.s3.eu-west-1.amazonaws.com/2021/03/24/81cqy10ep7pa/1272a1bd-2a5c-41dd-b134-a0e25fab5d90.flac?AWSAccessKeyId=AKIA45B7YWBX7MUJ7QCX&Expires=1719836145&Signature=pFIgsM2a5Qp903jojVFcUa%2F6V0Y%3D,0.20918468000365661,24641
722007246,K3am-2021-04-06_18-20.WAV,2021 Kern 3,2021,4,6,18,20,sp11,Simple Call,34.04266666666667,34.78933333333333,2250,13687.5,24000,(not validated),https://rfcx-streams-production.s3.eu-west-1.amazonaws.com/2021/04/07/81cqy10ep7pa/5942377c-d224-4fe6-88b5-1422e71f4b8e.flac?AWSAccessKeyId=AKIA45B7YWBX7MUJ7QCX&Expires=1719836145&Signature=7qsQ9MvKS11UsUIybI%2BJVzJcHXI%3D,0.27825933166031325,24641
722007247,K3am-2021-04-06_23-20.WAV,2021 Kern 3,2021,4,6,23,20,sp11,Simple Call,48.78933333333333,49.536,2250,13687.5,24000,(not validated),https://rfcx-streams-production.s3.eu-west-1.amazonaws.com/2021/04/07/81cqy10ep7pa/2007462d-3e7c-4de3-bee5-885085da3018.flac?AWSAccessKeyId=AKIA45B7YWBX7MUJ7QCX&Expires=1719836145&Signature=MI5q4Kc9eyTPuiUXAOvpfsUIC7w%3D,0.23167974043538955,24641
722007248,K3am-2021-04-07_06-20.WAV,2021 Kern 3,2021,4,7,6,20,sp11,Simple Call,46.89066666666667,47.63733333333333,2250,13687.5,24000,(not validated),https://rfcx-streams-production.s3.eu-west-1.amazonaws.com/2021/04/07/81cqy10ep7pa/e6063c9f-1a9a-4d19-835e-c4d91909522f.flac?AWSAccessKeyId=AKIA45B7YWBX7MUJ7QCX&Expires=1719836145&Signature=czjmmUGUA5nMimiN%2BeQcH%2FgZvXo%3D,0.21493347843108554,24641
722007249,K3am-2021-04-07_07-40.WAV,2021 Kern 3,2021,4,7,7,40,sp11,Simple Call,13.178666666666667,13.925333333333333,2250,13687.5,24000,(not validated),https://rfcx-streams-production.s3.eu-west-1.amazonaws.com/2021/04/07/81cqy10ep7pa/6dd88535-a5ff-450b-800b-55edb6e5ce7f.flac?AWSAccessKeyId=AKIA45B7YWBX7MUJ7QCX&Expires=1719836145&Signature=m9hoC13P%2F6rNO5OKokgT7gsZ3SQ%3D,0.20355219687026427,24641
722007250,K3am-2021-04-07_08-20.WAV,2021 Kern 3,2021,4,7,8,20,sp11,Simple Call,56.944,57.690666666666665,2250,13687.5,24000,(not validated),https://rfcx-streams-production.s3.eu-west-1.amazonaws.com/2021/04/07/81cqy10ep7pa/d034c29d-34f1-4dc3-8c3e-c27cd3858840.flac?AWSAccessKeyId=AKIA45B7YWBX7MUJ7QCX&Expires=1719836145&Signature=hcqcPEuuiAiwoysoKUH9a9sxisw%3D,0.2048501973603767,24641
722007251,K3am-2021-04-08_03-40.WAV,2021 Kern 3,2021,4,8,3,40,sp11,Simple Call,44.08533333333333,44.832,2250,13687.5,24000,(not validated),https://rfcx-streams-production.s3.eu-west-1.amazonaws.com/2021/04/08/81cqy10ep7pa/6d2e8c85-c0b3-4560-bc77-4f00973f50af.flac?AWSAccessKeyId=AKIA45B7YWBX7MUJ7QCX&Expires=1719836145&Signature=XoxKR0d4jQu5aO59yzdeYBEnczU%3D,0.2075087915637492,24641
722007252,K3am-2021-04-07_06-00.WAV,2021 Kern 3,2021,4,7,6,0,sp11,Simple Call,22.218666666666667,22.965333333333334,2250,13687.5,24000,(not validated),https://rfcx-streams-production.s3.eu-west-1.amazonaws.com/2021/04/07/81cqy10ep7pa/63b7cc74-1270-4e03-b3c8-d5ed61233973.flac?AWSAccessKeyId=AKIA45B7YWBX7MUJ7QCX&Expires=1719836145&Signature=TAyAaOAnN8Q8fQcGO%2BEhCXMkVZ4%3D,0.2759689888843251,24641
722007253,K3am-2021-04-08_07-40.WAV,2021 Kern 3,2021,4,8,7,40,sp11,Simple Call,6.650666666666667,7.397333333333333,2250,13687.5,24000,(not validated),https://rfcx-streams-production.s3.eu-west-1.amazonaws.com/2021/04/08/81cqy10ep7pa/6bf7bc22-444c-45c7-864f-78b25db73deb.flac?AWSAccessKeyId=AKIA45B7YWBX7MUJ7QCX&Expires=1719836145&Signature=v0q25K2AX%2FzO3r18MJvOiLBE9Vg%3D,0.20790005030483286,24641
722007254,K3am-2021-04-08_08-40.WAV,2021 Kern 3,2021,4,8,8,40,sp11,Simple Call,21.626666666666665,22.373333333333335,2250,13687.5,24000,(not validated),https://rfcx-streams-production.s3.eu-west-1.amazonaws.com/2021/04/08/81cqy10ep7pa/344353a1-8481-440f-8607-2d7b0db35f61.flac?AWSAccessKeyId=AKIA45B7YWBX7MUJ7QCX&Expires=1719836145&Signature=t5cY%2B9CTwJ0LEgnyQQ3WXlZlmTU%3D,0.2083066807420545,24641
722007255,K3am-2021-04-08_12-20.WAV,2021 Kern 3,2021,4,8,12,20,sp11,Simple Call,0.3466666666666667,1.0933333333333333,2250,13687.5,24000,(not validated),https://rfcx-streams-production.s3.eu-west-1.amazonaws.com/2021/04/08/81cqy10ep7pa/6b15b29d-1d56-4fb5-839f-cd345d4b434a.flac?AWSAccessKeyId=AKIA45B7YWBX7MUJ7QCX&Expires=1719836145&Signature=IUGvgmLWegTsntSnD3uNcUp0pNA%3D,0.21578508407123237,24641
722007256,K3am-2021-04-09_03-00.WAV,2021 Kern 3,2021,4,9,3,0,sp11,Simple Call,50.464,51.21066666666667,2250,13687.5,24000,(not validated),https://rfcx-streams-production.s3.eu-west-1.amazonaws.com/2021/04/09/81cqy10ep7pa/01b001c1-0fd6-45a0-ba11-fd759cafd8c3.flac?AWSAccessKeyId=AKIA45B7YWBX7MUJ7QCX&Expires=1719836145&Signature=B0LRcDOA%2Fra6hpU5uC%2FPt%2B3BdvY%3D,0.2840027066462975,24641
722007257,K3am-2021-04-08_09-00.WAV,2021 Kern 3,2021,4,8,9,0,sp11,Simple Call,19.525333333333332,20.272,2250,13687.5,24000,(not validated),https://rfcx-streams-production.s3.eu-west-1.amazonaws.com/2021/04/08/81cqy10ep7pa/20aa11c8-7a6f-4b38-8871-2c8f6834781f.flac?AWSAccessKeyId=AKIA45B7YWBX7MUJ7QCX&Expires=1719836145&Signature=FZ%2FKMzN2PNmNxTd0LNPOd2VBlNY%3D,0.2002689284141811,24641
722007258,K3am-2021-04-08_13-00.WAV,2021 Kern 3,2021,4,8,13,0,sp11,Simple Call,44.858666666666664,45.605333333333334,2250,13687.5,24000,(not validated),https://rfcx-streams-production.s3.eu-west-1.amazonaws.com/2021/04/08/81cqy10ep7pa/83fad1bd-ed4a-4744-a91a-614e6227681d.flac?AWSAccessKeyId=AKIA45B7YWBX7MUJ7QCX&Expires=1719836145&Signature=OFQaBlk6Z9Y7c16emE5HS1zSNp8%3D,0.26864938849334846,24641
722007259,K3am-2021-04-09_07-00.WAV,2021 Kern 3,2021,4,9,7,0,sp11,Simple Call,24.48,25.226666666666667,2250,13687.5,24000,(not validated),https://rfcx-streams-production.s3.eu-west-1.amazonaws.com/2021/04/09/81cqy10ep7pa/780f42f9-58aa-4433-90ed-72a4af1a851f.flac?AWSAccessKeyId=AKIA45B7YWBX7MUJ7QCX&Expires=1719836145&Signature=saC3Fq6O8%2FCHaxfawGlg8evmCyk%3D,0.24831686438647563,24641
722007260,K3am-2021-04-09_08-00.WAV,2021 Kern 3,2021,4,9,8,0,sp11,Simple Call,15.296,16.042666666666666,2250,13687.5,24000,(not validated),https://rfcx-streams-production.s3.eu-west-1.amazonaws.com/2021/04/09/81cqy10ep7pa/e2058427-1fda-4241-bdc9-8b3eefb8c660.flac?AWSAccessKeyId=AKIA45B7YWBX7MUJ7QCX&Expires=1719836145&Signature=YEv94N40FTm4OUTIhySqK1xZurU%3D,0.23058513773089545,24641
722007261,K3am-2021-04-09_09-20.WAV,2021 Kern 3,2021,4,9,9,20,sp11,Simple Call,57.370666666666665,58.117333333333335,2250,13687.5,24000,(not validated),https://rfcx-streams-production.s3.eu-west-1.amazonaws.com/2021/04/09/81cqy10ep7pa/45f1a68f-fdc3-4ed9-afef-6a00b8ae0504.flac?AWSAccessKeyId=AKIA45B7YWBX7MUJ7QCX&Expires=1719836145&Signature=mMtgZNVNnjG%2FIWw4mEJ3kS0P29o%3D,0.2012250110226913,24641
722007262,K3am-2021-04-09_06-20.WAV,2021 Kern 3,2021,4,9,6,20,sp11,Simple Call,31.445333333333334,32.192,2250,13687.5,24000,(not validated),https://rfcx-streams-production.s3.eu-west-1.amazonaws.com/2021/04/09/81cqy10ep7pa/862d22a3-9a43-46b8-9014-1e7cc30602e1.flac?AWSAccessKeyId=AKIA45B7YWBX7MUJ7QCX&Expires=1719836145&Signature=64mkVhMR8yOEtI7bFP6%2Fh1PR9Vo%3D,0.22566690572561174,24641
722007263,K3am-2021-04-08_19-20.WAV,2021 Kern 3,2021,4,8,19,20,sp11,Simple Call,24.234666666666666,24.981333333333332,2250,13687.5,24000,(not validated),https://rfcx-streams-production.s3.eu-west-1.amazonaws.com/2021/04/09/81cqy10ep7pa/c367e219-26e4-4f35-aa91-cfce5199b337.flac?AWSAccessKeyId=AKIA45B7YWBX7MUJ7QCX&Expires=1719836145&Signature=gNwY61%2FYX6WAARI05qDrhHPrgpg%3D,0.20456838767357838,24641
722007264,K3am-2021-04-09_08-20.WAV,2021 Kern 3,2021,4,9,8,20,sp11,Simple Call,1.408,2.1546666666666665,2250,13687.5,24000,(not validated),https://rfcx-streams-production.s3.eu-west-1.amazonaws.com/2021/04/09/81cqy10ep7pa/3c28d313-f844-4e52-a0fc-cb888e0aa510.flac?AWSAccessKeyId=AKIA45B7YWBX7MUJ7QCX&Expires=1719836145&Signature=sdTxDyAOmrYESv57jljFvnfE%2F9U%3D,0.24435083780800393,24641
722007265,K3am-2021-04-09_07-20.WAV,2021 Kern 3,2021,4,9,7,20,sp11,Simple Call,17.424,18.170666666666666,2250,13687.5,24000,(not validated),https://rfcx-streams-production.s3.eu-west-1.amazonaws.com/2021/04/09/81cqy10ep7pa/d6804ffa-22ab-4ae9-8b6a-1a20ba9ce555.flac?AWSAccessKeyId=AKIA45B7YWBX7MUJ7QCX&Expires=1719836145&Signature=j8vdEwJ61ccuWy2LGqJXsWM7z4U%3D,0.2526314799520087,24641
722007266,K3am-2021-04-09_10-20.WAV,2021 Kern 3,2021,4,9,10,20,sp11,Simple Call,43.86666666666667,44.61333333333334,2250,13687.5,24000,(not validated),https://rfcx-streams-production.s3.eu-west-1.amazonaws.com/2021/04/09/81cqy10ep7pa/21b3e225-9ea9-4705-8d74-8ba5b3420031.flac?AWSAccessKeyId=AKIA45B7YWBX7MUJ7QCX&Expires=1719836145&Signature=knJ0N%2BgF5bfFUrE6ZYiHNqh7oE0%3D,0.2112983367807059,24641
722007267,K3am-2021-04-09_09-40.WAV,2021 Kern 3,2021,4,9,9,40,sp11,Simple Call,6.437333333333333,7.184,2250,13687.5,24000,(not validated),https://rfcx-streams-production.s3.eu-west-1.amazonaws.com/2021/04/09/81cqy10ep7pa/8850e52d-bf8e-43a1-ac7d-9b0597af34cc.flac?AWSAccessKeyId=AKIA45B7YWBX7MUJ7QCX&Expires=1719836145&Signature=vEW4luvggiGQNIHyKEFt3nUzczY%3D,0.21618546486458162,24641
722007268,K3am-2021-04-09_12-00.WAV,2021 Kern 3,2021,4,9,12,0,sp11,Simple Call,37.589333333333336,38.336,2250,13687.5,24000,(not validated),https://rfcx-streams-production.s3.eu-west-1.amazonaws.com/2021/04/09/81cqy10ep7pa/c911c307-b6c5-450c-934b-4df3a12567db.flac?AWSAccessKeyId=AKIA45B7YWBX7MUJ7QCX&Expires=1719836145&Signature=0IFBT8Ew9BcREVMDNXTmaVxC79k%3D,0.23433414810042172,24641
722007269,K3am-2021-04-09_07-40.WAV,2021 Kern 3,2021,4,9,7,40,sp11,Simple Call,56.096,56.842666666666666,2250,13687.5,24000,(not validated),https://rfcx-streams-production.s3.eu-west-1.amazonaws.com/2021/04/09/81cqy10ep7pa/c41abec4-f377-41db-ab8e-1f661d209040.flac?AWSAccessKeyId=AKIA45B7YWBX7MUJ7QCX&Expires=1719836145&Signature=K0mrfEecP4KL4yFZjod%2FMpPruts%3D,0.2322568214492551,24641
722007270,K3am-2021-04-09_08-40.WAV,2021 Kern 3,2021,4,9,8,40,sp11,Simple Call,29.11466666666667,29.861333333333334,2250,13687.5,24000,(not validated),https://rfcx-streams-production.s3.eu-west-1.amazonaws.com/2021/04/09/81cqy10ep7pa/97552cb4-409b-45fd-b84e-9b09c881d229.flac?AWSAccessKeyId=AKIA45B7YWBX7MUJ7QCX&Expires=1719836145&Signature=rc%2BNe4RKyQEJd2Ik4wnf07V1104%3D,0.2544994689501275,24641
722007271,K3am-2021-04-10_06-40.WAV,2021 Kern 3,2021,4,10,6,40,sp11,Simple Call,13.6,14.346666666666666,2250,13687.5,24000,(not validated),https://rfcx-streams-production.s3.eu-west-1.amazonaws.com/2021/04/10/81cqy10ep7pa/b4cbd7ab-e59e-45e7-8532-32c49bf1133c.flac?AWSAccessKeyId=AKIA45B7YWBX7MUJ7QCX&Expires=1719836145&Signature=9sxGO85KbFLuzGRt1SC3kPJmZ7w%3D,0.23872977919298435,24641
722007272,K3am-2021-04-10_09-00.WAV,2021 Kern 3,2021,4,10,9,0,sp11,Simple Call,17.093333333333334,17.84,2250,13687.5,24000,(not validated),https://rfcx-streams-production.s3.eu-west-1.amazonaws.com/2021/04/10/81cqy10ep7pa/b2a78a13-7fd0-4bbe-bf2d-f1f06633e6e4.flac?AWSAccessKeyId=AKIA45B7YWBX7MUJ7QCX&Expires=1719836145&Signature=zKpyPTtO9pNybfPy79uwBcOtMm4%3D,0.21715697869397632,24641
722007273,K3am-2021-04-10_06-00.WAV,2021 Kern 3,2021,4,10,6,0,sp11,Simple Call,29.104,29.850666666666665,2250,13687.5,24000,(not validated),https://rfcx-streams-production.s3.eu-west-1.amazonaws.com/2021/04/10/81cqy10ep7pa/aa6065fa-f022-4897-84ca-95b6196c9aa2.flac?AWSAccessKeyId=AKIA45B7YWBX7MUJ7QCX&Expires=1719836145&Signature=Z1b2EoA%2Bf5UXJV0xHP%2FsJuHBzWk%3D,0.2427466672588628,24641
722007274,K3am-2021-04-10_09-20.WAV,2021 Kern 3,2021,4,10,9,20,sp11,Simple Call,13.722666666666667,14.469333333333333,2250,13687.5,24000,(not validated),https://rfcx-streams-production.s3.eu-west-1.amazonaws.com/2021/04/10/81cqy10ep7pa/6af5df2f-9666-4b19-a14c-e6f408e35f42.flac?AWSAccessKeyId=AKIA45B7YWBX7MUJ7QCX&Expires=1719836145&Signature=5gEBjbzFk%2FzzW%2Bug3LdyIkzCOxU%3D,0.2094268984094401,24641
722007275,K3am-2021-04-10_05-40.WAV,2021 Kern 3,2021,4,10,5,40,sp11,Simple Call,15.525333333333334,16.272,2250,13687.5,24000,(not validated),https://rfcx-streams-production.s3.eu-west-1.amazonaws.com/2021/04/10/81cqy10ep7pa/393da914-c22e-48bf-98af-75f07781af79.flac?AWSAccessKeyId=AKIA45B7YWBX7MUJ7QCX&Expires=1719836145&Signature=Zuv0rPsRMjRCI2bYU9W%2FvHEyKb8%3D,0.23728184976532712,24641
722007276,K3am-2021-04-10_06-20.WAV,2021 Kern 3,2021,4,10,6,20,sp11,Simple Call,33.973333333333336,34.72,2250,13687.5,24000,(not validated),https://rfcx-streams-production.s3.eu-west-1.amazonaws.com/2021/04/10/81cqy10ep7pa/e359bca3-791f-4ffc-80c4-6f81b0a23136.flac?AWSAccessKeyId=AKIA45B7YWBX7MUJ7QCX&Expires=1719836145&Signature=o%2FVP0KB7KURECzfgC4fiDvPDya0%3D,0.21564032154599572,24641
722007277,K3am-2021-04-10_07-40.WAV,2021 Kern 3,2021,4,10,7,40,sp11,Simple Call,2.0693333333333332,2.816,2250,13687.5,24000,(not validated),https://rfcx-streams-production.s3.eu-west-1.amazonaws.com/2021/04/10/81cqy10ep7pa/8aa30afe-d7e3-43cf-8843-e20454573c2a.flac?AWSAccessKeyId=AKIA45B7YWBX7MUJ7QCX&Expires=1719836145&Signature=u7KXQN%2BB1jGOz3i1s%2BDON6NOGUA%3D,0.21298866010793802,24641
722007278,K3am-2021-04-10_18-40.WAV,2021 Kern 3,2021,4,10,18,40,sp11,Simple Call,10.501333333333333,11.248,2250,13687.5,24000,(not validated),https://rfcx-streams-production.s3.eu-west-1.amazonaws.com/2021/04/11/81cqy10ep7pa/f0cdb06a-86e3-4ada-b0c8-82f41df288c4.flac?AWSAccessKeyId=AKIA45B7YWBX7MUJ7QCX&Expires=1719836145&Signature=bV2HK9NmY4YWmrqlnOsBgRs%2FOBU%3D,0.21248383811876836,24641
722007279,K3am-2021-04-11_06-00.WAV,2021 Kern 3,2021,4,11,6,0,sp11,Simple Call,47.45066666666666,48.19733333333333,2250,13687.5,24000,(not validated),https://rfcx-streams-production.s3.eu-west-1.amazonaws.com/2021/04/11/81cqy10ep7pa/5a75fe36-2218-4677-936d-c5771c56142d.flac?AWSAccessKeyId=AKIA45B7YWBX7MUJ7QCX&Expires=1719836145&Signature=lWa8Np8e3kUWXGyoAB%2Fupy2ZU%2Bk%3D,0.2009048400041422,24641
722007280,K3am-2021-04-11_07-20.WAV,2021 Kern 3,2021,4,11,7,20,sp11,Simple Call,36.885333333333335,37.632,2250,13687.5,24000,(not validated),https://rfcx-streams-production.s3.eu-west-1.amazonaws.com/2021/04/11/81cqy10ep7pa/4d053353-7917-4922-a3b3-90b4ff4b4f96.flac?AWSAccessKeyId=AKIA45B7YWBX7MUJ7QCX&Expires=1719836145&Signature=DET2IvgClgrcLxJ6wuklT6%2F2ekA%3D,0.2585699647559813,24641
722007281,K3am-2021-04-11_07-40.WAV,2021 Kern 3,2021,4,11,7,40,sp11,Simple Call,38.154666666666664,38.90133333333333,2250,13687.5,24000,(not validated),https://rfcx-streams-production.s3.eu-west-1.amazonaws.com/2021/04/11/81cqy10ep7pa/1d9a8abf-ff07-4190-b170-71eafeb9d5ee.flac?AWSAccessKeyId=AKIA45B7YWBX7MUJ7QCX&Expires=1719836145&Signature=DQEJtFco5Ukxy%2FJ9EVAkpufK8n0%3D,0.2303882482857889,24641
722007282,K3am-2021-04-11_08-20.WAV,2021 Kern 3,2021,4,11,8,20,sp11,Simple Call,50.656,51.40266666666667,2250,13687.5,24000,(not validated),https://rfcx-streams-production.s3.eu-west-1.amazonaws.com/2021/04/11/81cqy10ep7pa/d8ff95f1-1edf-4c7b-bd48-0707b734ce2b.flac?AWSAccessKeyId=AKIA45B7YWBX7MUJ7QCX&Expires=1719836145&Signature=NDVlROXoiGRa2yAxZn6jtEpto%2F4%3D,0.23556344808684682,24641
722007283,K3am-2021-04-11_07-00.WAV,2021 Kern 3,2021,4,11,7,0,sp11,Simple Call,49.333333333333336,50.08,2250,13687.5,24000,(not validated),https://rfcx-streams-production.s3.eu-west-1.amazonaws.com/2021/04/11/81cqy10ep7pa/856e547d-f2e7-4efb-9c52-9942a204b906.flac?AWSAccessKeyId=AKIA45B7YWBX7MUJ7QCX&Expires=1719836145&Signature=NPtpXetr1UewU09bobJLi2lvcn4%3D,0.2031027871356953,24641
722007284,K3am-2021-04-11_06-20.WAV,2021 Kern 3,2021,4,11,6,20,sp11,Simple Call,1.4933333333333334,2.24,2250,13687.5,24000,(not validated),https://rfcx-streams-production.s3.eu-west-1.amazonaws.com/2021/04/11/81cqy10ep7pa/032dfb78-4b31-406f-9c91-a9730470e3f5.flac?AWSAccessKeyId=AKIA45B7YWBX7MUJ7QCX&Expires=1719836145&Signature=sYtwZ9ggxAOfF7Y%2BQGnY%2F6BX%2BNU%3D,0.20004708384753508,24641
722007285,K3am-2021-04-11_12-00.WAV,2021 Kern 3,2021,4,11,12,0,sp11,Simple Call,33.04,33.78666666666667,2250,13687.5,24000,(not validated),https://rfcx-streams-production.s3.eu-west-1.amazonaws.com/2021/04/11/81cqy10ep7pa/7336c2d6-3046-4b16-a096-7ac63a1b6cd6.flac?AWSAccessKeyId=AKIA45B7YWBX7MUJ7QCX&Expires=1719836145&Signature=1qRLVDs6X2KOutzH3STjzW%2FUrUk%3D,0.23125749373570947,24641
722010113,K3am-2021-05-25_18-00.WAV,2021 Kern 3,2021,5,25,18,0,sp11,Simple Call,23.008,23.754666666666665,2250,13687.5,24000,(not validated),https://rfcx-streams-production.s3.eu-west-1.amazonaws.com/2021/05/26/81cqy10ep7pa/4a83e2d4-f460-48b2-985e-b3c878ec1e81.flac?AWSAccessKeyId=AKIA45B7YWBX7MUJ7QCX&Expires=1719836145&Signature=E9ohVhc43C24gfFgFeQnSfQeaEo%3D,0.22563864334546982,24641
722010114,K3am-2021-05-25_11-40.WAV,2021 Kern 3,2021,5,25,11,40,sp11,Simple Call,48.74133333333333,49.488,2250,13687.5,24000,(not validated),https://rfcx-streams-production.s3.eu-west-1.amazonaws.com/2021/05/25/81cqy10ep7pa/cd60e152-e74c-4507-a19c-811dd762723e.flac?AWSAccessKeyId=AKIA45B7YWBX7MUJ7QCX&Expires=1719836145&Signature=fZVBkxX8%2FW1yGFrOZa2iwaCLpFY%3D,0.21651803906667877,24641
722010115,K3am-2021-05-26_10-20.WAV,2021 Kern 3,2021,5,26,10,20,sp11,Simple Call,12.581333333333333,13.328,2250,13687.5,24000,(not validated),https://rfcx-streams-production.s3.eu-west-1.amazonaws.com/2021/05/26/81cqy10ep7pa/c76a0179-c69d-4a79-adf9-f628db43bc5e.flac?AWSAccessKeyId=AKIA45B7YWBX7MUJ7QCX&Expires=1719836145&Signature=sE6TOKwm3QCdfyNtam2CsKM0qdo%3D,0.2080555716936883,24641
722010116,K3am-2021-05-26_09-20.WAV,2021 Kern 3,2021,5,26,9,20,sp11,Simple Call,31.221333333333334,31.968,2250,13687.5,24000,(not validated),https://rfcx-streams-production.s3.eu-west-1.amazonaws.com/2021/05/26/81cqy10ep7pa/e3742f49-9ce4-4adc-bef4-115381494f2e.flac?AWSAccessKeyId=AKIA45B7YWBX7MUJ7QCX&Expires=1719836145&Signature=WYTc5atqtaa74d5UOF6uQzhG3ao%3D,0.24160272501742316,24641
722010117,K3am-2021-05-26_07-40.WAV,2021 Kern 3,2021,5,26,7,40,sp11,Simple Call,5.392,6.1386666666666665,2250,13687.5,24000,(not validated),https://rfcx-streams-production.s3.eu-west-1.amazonaws.com/2021/05/26/81cqy10ep7pa/3e9dc971-f4a8-4282-a9cf-98b5608a1aa3.flac?AWSAccessKeyId=AKIA45B7YWBX7MUJ7QCX&Expires=1719836145&Signature=NqnS3WFe6Wz6ImPZUT6HvE6dXoI%3D,0.2527964753424135,24641
722010118,K3am-2021-05-26_11-00.WAV,2021 Kern 3,2021,5,26,11,0,sp11,Simple Call,33.16266666666667,33.909333333333336,2250,13687.5,24000,(not validated),https://rfcx-streams-production.s3.eu-west-1.amazonaws.com/2021/05/26/81cqy10ep7pa/575d5d49-205c-439a-a81d-1e9cb063004d.flac?AWSAccessKeyId=AKIA45B7YWBX7MUJ7QCX&Expires=1719836145&Signature=37s%2Fmi7isu1GLPzIoxZY0HXFkjk%3D,0.24310439829867858,24641
722010119,K3am-2021-05-26_11-20.WAV,2021 Kern 3,2021,5,26,11,20,sp11,Simple Call,42.82666666666667,43.57333333333333,2250,13687.5,24000,(not validated),https://rfcx-streams-production.s3.eu-west-1.amazonaws.com/2021/05/26/81cqy10ep7pa/df90c6b2-59fc-440a-8173-f501062edf56.flac?AWSAccessKeyId=AKIA45B7YWBX7MUJ7QCX&Expires=1719836145&Signature=HMkg2rmes9XCJKOlroLEobrxteU%3D,0.21995392745193088,24641
722010120,K3am-2021-05-26_09-00.WAV,2021 Kern 3,2021,5,26,9,0,sp11,Simple Call,30.810666666666666,31.557333333333332,2250,13687.5,24000,(not validated),https://rfcx-streams-production.s3.eu-west-1.amazonaws.com/2021/05/26/81cqy10ep7pa/9a8a37ef-1270-4c9f-b126-528bad0da9b3.flac?AWSAccessKeyId=AKIA45B7YWBX7MUJ7QCX&Expires=1719836145&Signature=GGFawYB%2FFHvLfzWuH47vla%2B7WE8%3D,0.20386810091346405,24641
722010121,K3am-2021-05-26_07-20.WAV,2021 Kern 3,2021,5,26,7,20,sp11,Simple Call,26.026666666666667,26.773333333333333,2250,13687.5,24000,(not validated),https://rfcx-streams-production.s3.eu-west-1.amazonaws.com/2021/05/26/81cqy10ep7pa/0cc533e0-0db2-4e65-95e8-1b5583d6f3db.flac?AWSAccessKeyId=AKIA45B7YWBX7MUJ7QCX&Expires=1719836145&Signature=MMWrCnRhENgunWhkyIjUGC3u30w%3D,0.2606057694799531,24641
722010122,K3am-2021-05-26_21-00.WAV,2021 Kern 3,2021,5,26,21,0,sp11,Simple Call,50.538666666666664,51.285333333333334,2250,13687.5,24000,(not validated),https://rfcx-streams-production.s3.eu-west-1.amazonaws.com/2021/05/27/81cqy10ep7pa/61085931-e857-4c42-9fbd-2e79e34e6033.flac?AWSAccessKeyId=AKIA45B7YWBX7MUJ7QCX&Expires=1719836145&Signature=yefRlG2kQ9NdZ9oyBvYPVURq90w%3D,0.2488857085694573,24641
722010123,K3am-2021-05-27_08-00.WAV,2021 Kern 3,2021,5,27,8,0,sp11,Simple Call,44.218666666666664,44.965333333333334,2250,13687.5,24000,(not validated),https://rfcx-streams-production.s3.eu-west-1.amazonaws.com/2021/05/27/81cqy10ep7pa/a5f1d4c2-c7e9-4444-84c4-d104940b456e.flac?AWSAccessKeyId=AKIA45B7YWBX7MUJ7QCX&Expires=1719836145&Signature=UUkVY77eKNoKOw%2FXJrUIncXggyo%3D,0.22225818676709302,24641
722010124,K3am-2021-05-26_10-00.WAV,2021 Kern 3,2021,5,26,10,0,sp11,Simple Call,29.216,29.962666666666667,2250,13687.5,24000,(not validated),https://rfcx-streams-production.s3.eu-west-1.amazonaws.com/2021/05/26/81cqy10ep7pa/4104a22b-f0d4-457a-8535-7bb005a464a7.flac?AWSAccessKeyId=AKIA45B7YWBX7MUJ7QCX&Expires=1719836145&Signature=plgPqRZ9SkoQkAe3tUT3n8De45A%3D,0.2094822878568044,24641
722010125,K3am-2021-05-27_05-20.WAV,2021 Kern 3,2021,5,27,5,20,sp11,Simple Call,18.394666666666666,19.141333333333332,2250,13687.5,24000,(not validated),https://rfcx-streams-production.s3.eu-west-1.amazonaws.com/2021/05/27/81cqy10ep7pa/c757b94f-ddfe-459b-bb51-9737b9909706.flac?AWSAccessKeyId=AKIA45B7YWBX7MUJ7QCX&Expires=1719836145&Signature=mx5XazudjX8nJeVO64sG7YzjMK0%3D,0.29355674917407515,24641
722010126,K3am-2021-05-27_05-00.WAV,2021 Kern 3,2021,5,27,5,0,sp11,Simple Call,40.93333333333333,41.68,2250,13687.5,24000,(not validated),https://rfcx-streams-production.s3.eu-west-1.amazonaws.com/2021/05/27/81cqy10ep7pa/b4579a25-ed53-4b4a-be8d-6be75cf49028.flac?AWSAccessKeyId=AKIA45B7YWBX7MUJ7QCX&Expires=1719836145&Signature=hnOBTc1WY2kkDgrhZF18NW1cYUg%3D,0.2108504550072693,24641
722010127,K3am-2021-05-28_08-00.WAV,2021 Kern 3,2021,5,28,8,0,sp11,Simple Call,6.325333333333333,7.072,2250,13687.5,24000,(not validated),https://rfcx-streams-production.s3.eu-west-1.amazonaws.com/2021/05/28/81cqy10ep7pa/ff41adb8-18af-41f7-896a-6d345575aa3b.flac?AWSAccessKeyId=AKIA45B7YWBX7MUJ7QCX&Expires=1719836145&Signature=QhbAKYnjjrSzPY3KWH4bET8%2BWCA%3D,0.2230340715260769,24641
722010128,K3am-2021-05-28_07-20.WAV,2021 Kern 3,2021,5,28,7,20,sp11,Simple Call,56.304,57.050666666666665,2250,13687.5,24000,(not validated),https://rfcx-streams-production.s3.eu-west-1.amazonaws.com/2021/05/28/81cqy10ep7pa/b423d75b-d39b-45ba-a9e6-a453c607d3bf.flac?AWSAccessKeyId=AKIA45B7YWBX7MUJ7QCX&Expires=1719836145&Signature=zhVmWWJpDX%2Bump8l49MYYs61jbw%3D,0.2736536670943334,24641
722010129,K3am-2021-05-28_05-20.WAV,2021 Kern 3,2021,5,28,5,20,sp11,Simple Call,0.6933333333333334,1.44,2250,13687.5,24000,(not validated),https://rfcx-streams-production.s3.eu-west-1.amazonaws.com/2021/05/28/81cqy10ep7pa/c4723e4c-1607-4623-9ded-43696c5db8ac.flac?AWSAccessKeyId=AKIA45B7YWBX7MUJ7QCX&Expires=1719836145&Signature=0WmBIgCZvs2IZ%2FQRpcpNO0FaCSo%3D,0.2148924291334295,24641
722010130,K3am-2021-05-28_07-40.WAV,2021 Kern 3,2021,5,28,7,40,sp11,Simple Call,49.53066666666667,50.27733333333333,2250,13687.5,24000,(not validated),https://rfcx-streams-production.s3.eu-west-1.amazonaws.com/2021/05/28/81cqy10ep7pa/4697c4b5-2145-4198-b4cd-3423e1810ed1.flac?AWSAccessKeyId=AKIA45B7YWBX7MUJ7QCX&Expires=1719836145&Signature=rrvKxQhoEgPrTJ3%2FSmgIUyXXATk%3D,0.24088921072186373,24641
722010131,K3am-2021-05-28_05-40.WAV,2021 Kern 3,2021,5,28,5,40,sp11,Simple Call,17.973333333333333,18.72,2250,13687.5,24000,(not validated),https://rfcx-streams-production.s3.eu-west-1.amazonaws.com/2021/05/28/81cqy10ep7pa/853c234d-43bb-48cb-8632-3f0872fb097b.flac?AWSAccessKeyId=AKIA45B7YWBX7MUJ7QCX&Expires=1719836145&Signature=SMtYa8f6OalLud1jl0MdzNsICis%3D,0.20118831969258386,24641
722010132,K3am-2021-05-28_07-00.WAV,2021 Kern 3,2021,5,28,7,0,sp11,Simple Call,40.208,40.95466666666667,2250,13687.5,24000,(not validated),https://rfcx-streams-production.s3.eu-west-1.amazonaws.com/2021/05/28/81cqy10ep7pa/0fccbe31-42a9-4034-ba42-4cc4cd1fd5a9.flac?AWSAccessKeyId=AKIA45B7YWBX7MUJ7QCX&Expires=1719836145&Signature=PVL2s2ZHPiWNdf%2FBodHjRDmlncU%3D,0.22362964144503925,24641
722010133,K3am-2021-05-28_14-20.WAV,2021 Kern 3,2021,5,28,14,20,sp11,Simple Call,58.44266666666667,59.18933333333333,2250,13687.5,24000,(not validated),https://rfcx-streams-production.s3.eu-west-1.amazonaws.com/2021/05/28/81cqy10ep7pa/3fbcc53e-4112-433d-9736-c0d009abc760.flac?AWSAccessKeyId=AKIA45B7YWBX7MUJ7QCX&Expires=1719836145&Signature=DF93MhDtBANqq10uaayq7fwD9IQ%3D,0.20745447167061756,24641
722010134,K3am-2021-05-29_05-40.WAV,2021 Kern 3,2021,5,29,5,40,sp11,Simple Call,33.632,34.37866666666667,2250,13687.5,24000,(not validated),https://rfcx-streams-production.s3.eu-west-1.amazonaws.com/2021/05/29/81cqy10ep7pa/6c6d03e0-9be3-4245-97db-295c0845a1f8.flac?AWSAccessKeyId=AKIA45B7YWBX7MUJ7QCX&Expires=1719836145&Signature=f0XEb6RCEw%2BQ6%2BJCf9JZmmknqpQ%3D,0.2680874215759792,24641
722010135,K3am-2021-05-29_07-20.WAV,2021 Kern 3,2021,5,29,7,20,sp11,Simple Call,29.504,30.250666666666667,2250,13687.5,24000,(not validated),https://rfcx-streams-production.s3.eu-west-1.amazonaws.com/2021/05/29/81cqy10ep7pa/d3c30763-75e3-44be-9574-85fb84ec120a.flac?AWSAccessKeyId=AKIA45B7YWBX7MUJ7QCX&Expires=1719836145&Signature=y6lJ0ek9XdCEBuebfth6Ey7XsXA%3D,0.20575793154722832,24641
722010136,K3am-2021-05-29_05-20.WAV,2021 Kern 3,2021,5,29,5,20,sp11,Simple Call,9.28,10.026666666666667,2250,13687.5,24000,(not validated),https://rfcx-streams-production.s3.eu-west-1.amazonaws.com/2021/05/29/81cqy10ep7pa/b199fb64-c7b7-41f3-b277-8904fba6bd07.flac?AWSAccessKeyId=AKIA45B7YWBX7MUJ7QCX&Expires=1719836145&Signature=rfZfj2UXPh8vn8BtbhgIgzc89l4%3D,0.2029354923073862,24641
722010137,K3am-2021-05-29_07-00.WAV,2021 Kern 3,2021,5,29,7,0,sp11,Simple Call,46.309333333333335,47.056,2250,13687.5,24000,(not validated),https://rfcx-streams-production.s3.eu-west-1.amazonaws.com/2021/05/29/81cqy10ep7pa/a9dadd58-9543-4f39-a367-91d55ef4b422.flac?AWSAccessKeyId=AKIA45B7YWBX7MUJ7QCX&Expires=1719836145&Signature=elZKIW587LOUw57ZH7vbthHrDP8%3D,0.22564999221199566,24641
722010138,K3am-2021-05-28_06-20.WAV,2021 Kern 3,2021,5,28,6,20,sp11,Simple Call,22.64,23.386666666666667,2250,13687.5,24000,(not validated),https://rfcx-streams-production.s3.eu-west-1.amazonaws.com/2021/05/28/81cqy10ep7pa/a7c17c3a-12dd-44ef-9f2a-8110f9e9e9a5.flac?AWSAccessKeyId=AKIA45B7YWBX7MUJ7QCX&Expires=1719836145&Signature=vt0h0Imq%2FzJ0q%2BfNp0AQOtFYOew%3D,0.2247992811933443,24641
722010139,K3am-2021-05-29_08-00.WAV,2021 Kern 3,2021,5,29,8,0,sp11,Simple Call,13.498666666666667,14.245333333333333,2250,13687.5,24000,(not validated),https://rfcx-streams-production.s3.eu-west-1.amazonaws.com/2021/05/29/81cqy10ep7pa/44a89167-0eab-471e-b607-28b34d2ca1ba.flac?AWSAccessKeyId=AKIA45B7YWBX7MUJ7QCX&Expires=1719836145&Signature=%2B9uVd3dgEsBIBpvBR3WODAG0mfY%3D,0.21856283320344796,24641
722010140,K3am-2021-05-28_10-20.WAV,2021 Kern 3,2021,5,28,10,20,sp11,Simple Call,14.213333333333333,14.96,2250,13687.5,24000,(not validated),https://rfcx-streams-production.s3.eu-west-1.amazonaws.com/2021/05/28/81cqy10ep7pa/9123f54a-107c-43cd-bc65-74c0a9da3a3e.flac?AWSAccessKeyId=AKIA45B7YWBX7MUJ7QCX&Expires=1719836145&Signature=yqJoaFbY%2F4LomrHWJrglX7e7akI%3D,0.2359872045948519,24641
722010141,K3am-2021-05-29_14-20.WAV,2021 Kern 3,2021,5,29,14,20,sp11,Simple Call,49.984,50.730666666666664,2250,13687.5,24000,(not validated),https://rfcx-streams-production.s3.eu-west-1.amazonaws.com/2021/05/29/81cqy10ep7pa/b402b4c4-28d8-4615-a4d6-fb2f07a747e3.flac?AWSAccessKeyId=AKIA45B7YWBX7MUJ7QCX&Expires=1719836145&Signature=gnoMhSNfvDyiT80m%2FcxzrLq98%2F4%3D,0.24198337059074007,24641
722010142,K3am-2021-05-30_06-20.WAV,2021 Kern 3,2021,5,30,6,20,sp11,Simple Call,46.23466666666667,46.98133333333333,2250,13687.5,24000,(not validated),https://rfcx-streams-production.s3.eu-west-1.amazonaws.com/2021/05/30/81cqy10ep7pa/ab5922a5-97ea-4833-a93d-079342be9e44.flac?AWSAccessKeyId=AKIA45B7YWBX7MUJ7QCX&Expires=1719836145&Signature=6qrYnCUPznpNqaRmfWfFYZ3VccE%3D,0.21014310733530384,24641
722010143,K3am-2021-05-25_05-20.WAV,2021 Kern 3,2021,5,25,5,20,sp11,Simple Call,32.373333333333335,33.12,2250,13687.5,24000,(not validated),https://rfcx-streams-production.s3.eu-west-1.amazonaws.com/2021/05/25/81cqy10ep7pa/299fb453-6176-44f8-ad18-d45b852a269a.flac?AWSAccessKeyId=AKIA45B7YWBX7MUJ7QCX&Expires=1719836145&Signature=L00a9qTxljsdFwZjafT%2FpcPZK4E%3D,0.2597420805686766,24641
722010144,K3am-2021-05-30_11-00.WAV,2021 Kern 3,2021,5,30,11,0,sp11,Simple Call,0.656,1.4026666666666667,2250,13687.5,24000,(not validated),https://rfcx-streams-production.s3.eu-west-1.amazonaws.com/2021/05/30/81cqy10ep7pa/36ea1013-90ea-4872-9105-43aabe3ca579.flac?AWSAccessKeyId=AKIA45B7YWBX7MUJ7QCX&Expires=1719836145&Signature=WITK36xpofPwkpdn7mxrEfBaFb4%3D,0.2572129228377832,24641
722010145,K3am-2021-05-30_07-40.WAV,2021 Kern 3,2021,5,30,7,40,sp11,Simple Call,16.341333333333335,17.088,2250,13687.5,24000,(not validated),https://rfcx-streams-production.s3.eu-west-1.amazonaws.com/2021/05/30/81cqy10ep7pa/d75c07cc-5c8e-478a-8391-56718d0312f3.flac?AWSAccessKeyId=AKIA45B7YWBX7MUJ7QCX&Expires=1719836145&Signature=vK4K8Fh%2BL4sUPsPGJ6BA2%2F%2BH2l8%3D,0.2725920900583333,24641
722010146,K3am-2021-05-30_05-40.WAV,2021 Kern 3,2021,5,30,5,40,sp11,Simple Call,27.509333333333334,28.256,2250,13687.5,24000,(not validated),https://rfcx-streams-production.s3.eu-west-1.amazonaws.com/2021/05/30/81cqy10ep7pa/f5f367d4-e3d3-404f-abb9-04cc32bc8d7e.flac?AWSAccessKeyId=AKIA45B7YWBX7MUJ7QCX&Expires=1719836145&Signature=DCzqmJTBkD%2BvOsr7TVmfbSesLKU%3D,0.23617537298086486,24641
722010147,K3am-2021-05-30_12-20.WAV,2021 Kern 3,2021,5,30,12,20,sp11,Simple Call,14.618666666666666,15.365333333333334,2250,13687.5,24000,(not validated),https://rfcx-streams-production.s3.eu-west-1.amazonaws.com/2021/05/30/81cqy10ep7pa/fca33a53-3ab6-4e06-aeb7-1dd3477206b2.flac?AWSAccessKeyId=AKIA45B7YWBX7MUJ7QCX&Expires=1719836145&Signature=762G9meM7nGV30RYFisuX%2FCVk04%3D,0.21370135860766976,24641
722010148,K3am-2021-05-29_16-20.WAV,2021 Kern 3,2021,5,29,16,20,sp11,Simple Call,24.874666666666666,25.621333333333332,2250,13687.5,24000,(not validated),https://rfcx-streams-production.s3.eu-west-1.amazonaws.com/2021/05/29/81cqy10ep7pa/12a1ede1-bcd7-4b40-9ff2-bc0181a7c04f.flac?AWSAccessKeyId=AKIA45B7YWBX7MUJ7QCX&Expires=1719836145&Signature=G0njeudVS1OoahiAnnz1x%2BMZPN4%3D,0.21213309102789596,24641
722010149,K3am-2021-05-30_14-20.WAV,2021 Kern 3,2021,5,30,14,20,sp11,Simple Call,46.63466666666667,47.38133333333333,2250,13687.5,24000,(not validated),https://rfcx-streams-production.s3.eu-west-1.amazonaws.com/2021/05/30/81cqy10ep7pa/67fd02da-8b99-42d8-93ed-e2557124db0d.flac?AWSAccessKeyId=AKIA45B7YWBX7MUJ7QCX&Expires=1719836145&Signature=%2Bjf%2BKtJK1Iez4WohJ9EIMkmCHQA%3D,0.2458177176295841,24641
722010150,K3am-2021-05-30_06-00.WAV,2021 Kern 3,2021,5,30,6,0,sp11,Simple Call,50.656,51.40266666666667,2250,13687.5,24000,(not validated),https://rfcx-streams-production.s3.eu-west-1.amazonaws.com/2021/05/30/81cqy10ep7pa/05ef6b96-4656-4aa9-9b21-f657c2e6c02a.flac?AWSAccessKeyId=AKIA45B7YWBX7MUJ7QCX&Expires=1719836145&Signature=BiZ9Xg5alo%2FmBSDA2YtKtBGjN%2Bk%3D,0.3080358891107063,24641
722010151,K3am-2021-05-30_16-00.WAV,2021 Kern 3,2021,5,30,16,0,sp11,Simple Call,33.86666666666667,34.61333333333334,2250,13687.5,24000,(not validated),https://rfcx-streams-production.s3.eu-west-1.amazonaws.com/2021/05/30/81cqy10ep7pa/1a577127-23c0-4922-9e9f-308571fa7e0e.flac?AWSAccessKeyId=AKIA45B7YWBX7MUJ7QCX&Expires=1719836145&Signature=xVxJglcVIO3S8nJNn0LYRiIte9c%3D,0.22878525251380644,24641
722010152,K3am-2021-05-30_10-40.WAV,2021 Kern 3,2021,5,30,10,40,sp11,Simple Call,51.04,51.78666666666667,2250,13687.5,24000,(not validated),https://rfcx-streams-production.s3.eu-west-1.amazonaws.com/2021/05/30/81cqy10ep7pa/105e847e-50d3-4287-95c9-3c3793069ac0.flac?AWSAccessKeyId=AKIA45B7YWBX7MUJ7QCX&Expires=1719836145&Signature=GWdsHJbCFSUHWZNDno9SkGB8EwM%3D,0.21806934331040784,24641
722010153,K3am-2021-05-31_06-20.WAV,2021 Kern 3,2021,5,31,6,20,sp11,Simple Call,41.157333333333334,41.904,2250,13687.5,24000,(not validated),https://rfcx-streams-production.s3.eu-west-1.amazonaws.com/2021/05/31/81cqy10ep7pa/691b80be-c1b8-4d9a-9081-c7e3a37dc3f0.flac?AWSAccessKeyId=AKIA45B7YWBX7MUJ7QCX&Expires=1719836145&Signature=%2F%2F60ASKV2RF%2FhVwljxtTKA%2BQCis%3D,0.32064707689474475,24641
722010154,K3am-2021-05-31_08-00.WAV,2021 Kern 3,2021,5,31,8,0,sp11,Simple Call,52.48,53.22666666666667,2250,13687.5,24000,(not validated),https://rfcx-streams-production.s3.eu-west-1.amazonaws.com/2021/05/31/81cqy10ep7pa/5194489d-8909-46a1-b491-f82a92029fc1.flac?AWSAccessKeyId=AKIA45B7YWBX7MUJ7QCX&Expires=1719836145&Signature=4852H8h3hIjYyQqbLfD%2Bp3l7Yn0%3D,0.2412330509089277,24641
722010155,K3am-2021-05-30_20-00.WAV,2021 Kern 3,2021,5,30,20,0,sp11,Simple Call,45.648,46.394666666666666,2250,13687.5,24000,(not validated),https://rfcx-streams-production.s3.eu-west-1.amazonaws.com/2021/05/31/81cqy10ep7pa/5bd12874-5e5a-46df-a642-37f6ec0fb06b.flac?AWSAccessKeyId=AKIA45B7YWBX7MUJ7QCX&Expires=1719836145&Signature=Z0g6eoYW%2By5HUy17FQi898BznvY%3D,0.21010122779245807,24641
722010156,K3am-2021-05-31_05-00.WAV,2021 Kern 3,2021,5,31,5,0,sp11,Simple Call,35.45066666666666,36.19733333333333,2250,13687.5,24000,(not validated),https://rfcx-streams-production.s3.eu-west-1.amazonaws.com/2021/05/31/81cqy10ep7pa/6138795c-06f3-4869-a779-0a154533a619.flac?AWSAccessKeyId=AKIA45B7YWBX7MUJ7QCX&Expires=1719836145&Signature=NhDfGkdrByxb5dn1L336JnkkSto%3D,0.27371547177888395,24641
722010157,K3am-2021-05-31_06-40.WAV,2021 Kern 3,2021,5,31,6,40,sp11,Simple Call,55.51466666666666,56.26133333333333,2250,13687.5,24000,(not validated),https://rfcx-streams-production.s3.eu-west-1.amazonaws.com/2021/05/31/81cqy10ep7pa/93a56dd9-3011-41a7-89f8-6c61e5851785.flac?AWSAccessKeyId=AKIA45B7YWBX7MUJ7QCX&Expires=1719836145&Signature=CSQjrZQM%2BT5L7LKKTe0ikfxjano%3D,0.29648412681875785,24641
722010158,K3am-2021-05-30_11-20.WAV,2021 Kern 3,2021,5,30,11,20,sp11,Simple Call,47.50933333333333,48.256,2250,13687.5,24000,(not validated),https://rfcx-streams-production.s3.eu-west-1.amazonaws.com/2021/05/30/81cqy10ep7pa/ce600493-e652-41c5-a4a1-1c2fa5513a50.flac?AWSAccessKeyId=AKIA45B7YWBX7MUJ7QCX&Expires=1719836145&Signature=O9Zlki%2FP71p2P2eZCBMLzhwGZAg%3D,0.21161124576724927,24641
722010159,K3am-2021-05-31_05-20.WAV,2021 Kern 3,2021,5,31,5,20,sp11,Simple Call,12.816,13.562666666666667,2250,13687.5,24000,(not validated),https://rfcx-streams-production.s3.eu-west-1.amazonaws.com/2021/05/31/81cqy10ep7pa/04c1e395-1b33-497f-bbff-99b98af11058.flac?AWSAccessKeyId=AKIA45B7YWBX7MUJ7QCX&Expires=1719836145&Signature=nr%2BU9XsYjJk7v%2BGx8Ib0pPnE3n4%3D,0.21010098208301833,24641
